Data/conc_PM10_RR2020_2002.asc
NCOLS          280
NROWS          320
XLLCORNER            0
YLLCORNER       300000
CELLSIZE         1000
NODATA_VALUE  -0.9990E+03
[rows 25 to 49 of 320, columns 224 to 279 of 280]
0.1397E+02 0.1398E+02 0.1395E+02 0.1399E+02 0.1404E+02 0.1420E+02 0.1448E+02 0.1429E+02 0.1414E+02 0.1410E+02 0.1419E+02 0.1419E+02 0.1414E+02 0.1411E+02 0.1415E+02 0.1410E+02 0.1415E+02 0.1422E+02 0.1407E+02 0.1415E+02 0.1407E+02 0.1416E+02 0.1412E+02 0.1403E+02 0.1407E+02 0.1406E+02 0.1411E+02 0.1420E+02 0.1439E+02 0.1443E+02 0.1440E+02 0.1453E+02 0.1465E+02 0.1470E+02 0.1429E+02 0.1396E+02 0.1422E+02 0.1471E+02 0.1455E+02 0.1457E+02 0.1450E+02 0.1446E+02 0.1442E+02 0.1440E+02 0.1434E+02 0.1426E+02 0.1405E+02 0.1403E+02 0.1407E+02 0.1406E+02 0.1403E+02 0.1394E+02 -0.9990E+03 -0.9990E+03 -0.9990E+03 -0.9990E+03
0.1402E+02 0.1399E+02 0.1400E+02 0.1403E+02 0.1405E+02 0.1412E+02 0.1442E+02 0.1433E+02 0.1414E+02 0.1412E+02 0.1414E+02 0.1413E+02 0.1419E+02 0.1424E+02 0.1420E+02 0.1417E+02 0.1419E+02 0.1420E+02 0.1420E+02 0.1410E+02 0.1411E+02 0.1412E+02 0.1415E+02 0.1417E+02 0.1429E+02 0.1423E+02 0.1421E+02 0.1447E+02 0.1450E+02 0.1467E+02 0.1469E+02 0.1462E+02 0.1476E+02 0.1507E+02 0.1501E+02 0.1492E+02 0.1563E+02 0.1732E+02 0.1473E+02 0.1446E+02 0.1437E+02 0.1430E+02 0.1430E+02 0.1425E+02 0.1427E+02 0.1418E+02 0.1401E+02 0.1401E+02 0.1403E+02 0.1402E+02 0.1398E+02 0.1393E+02 -0.9990E+03 -0.9990E+03 -0.9990E+03 -0.9990E+03
0.1408E+02 0.1414E+02 0.1406E+02 0.1404E+02 0.1404E+02 0.1410E+02 0.1416E+02 0.1418E+02 0.1411E+02 0.1408E+02 0.1414E+02 0.1424E+02 0.1426E+02 0.1477E+02 0.1425E+02 0.1419E+02 0.1408E+02 0.1413E+02 0.1411E+02 0.1413E+02 0.1419E+02 0.1433E+02 0.1430E+02 0.1434E+02 0.1429E+02 0.1424E+02 0.1430E+02 0.1436E+02 0.1439E+02 0.1463E+02 0.1464E+02 0.1463E+02 0.1472E+02 0.1464E+02 0.1470E+02 0.1578E+02 0.1748E+02 0.1776E+02 0.1459E+02 0.1408E+02 0.1396E+02 0.1393E+02 0.1392E+02 0.1388E+02 0.1412E+02 0.1400E+02 0.1395E+02 0.1391E+02 0.1389E+02 0.1388E+02 0.1385E+02 0.1382E+02 -0.9990E+03 -0.9990E+03 -0.9990E+03 -0.9990E+03
0.1413E+02 0.1421E+02 0.1412E+02 0.1415E+02 0.1421E+02 0.1409E+02 0.1412E+02 0.1419E+02 0.1410E+02 0.1410E+02 0.1428E+02 0.1448E+02 0.1442E+02 0.1429E+02 0.1421E+02 0.1422E+02 0.1416E+02 0.1416E+02 0.1416E+02 0.1416E+02 0.1441E+02 0.1434E+02 0.1421E+02 0.1422E+02 0.1420E+02 0.1427E+02 0.1464E+02 0.1434E+02 0.1451E+02 0.1462E+02 0.1454E+02 0.1455E+02 0.1481E+02 0.1464E+02 0.1466E+02 0.1554E+02 0.1586E+02 0.1460E+02 0.1425E+02 0.1418E+02 0.1418E+02 0.1420E+02 0.1422E+02 0.1399E+02 0.1401E+02 0.1392E+02 0.1390E+02 0.1388E+02 0.1386E+02 0.1385E+02 0.1383E+02 0.1376E+02 -0.9990E+03 -0.9990E+03 -0.9990E+03 -0.9990E+03
0.1411E+02 0.1407E+02 0.1409E+02 0.1408E+02 0.1412E+02 0.1405E+02 0.1408E+02 0.1437E+02 0.1413E+02 0.1412E+02 0.1418E+02 0.1441E+02 0.1441E+02 0.1421E+02 0.1421E+02 0.1420E+02 0.1442E+02 0.1418E+02 0.1419E+02 0.1416E+02 0.1437E+02 0.1427E+02 0.1420E+02 0.1410E+02 0.1417E+02 0.1426E+02 0.1430E+02 0.1423E+02 0.1451E+02 0.1437E+02 0.1438E+02 0.1450E+02 0.1504E+02 0.1464E+02 0.1474E+02 0.1449E+02 0.1441E+02 0.1412E+02 0.1406E+02 0.1402E+02 0.1404E+02 0.1403E+02 0.1402E+02 0.1397E+02 0.1390E+02 0.1387E+02 0.1385E+02 0.1384E+02 0.1383E+02 0.1383E+02 0.1382E+02 0.1368E+02 -0.9990E+03 -0.9990E+03 -0.9990E+03 -0.9990E+03
0.1414E+02 0.1412E+02 0.1409E+02 0.1411E+02 0.1416E+02 0.1405E+02 0.1407E+02 0.1422E+02 0.1412E+02 0.1414E+02 0.1415E+02 0.1425E+02 0.1421E+02 0.1418E+02 0.1418E+02 0.1418E+02 0.1412E+02 0.1427E+02 0.1437E+02 0.1425E+02 0.1422E+02 0.1433E+02 0.1421E+02 0.1415E+02 0.1427E+02 0.1418E+02 0.1420E+02 0.1410E+02 0.1448E+02 0.1436E+02 0.1437E+02 0.1444E+02 0.1463E+02 0.1449E+02 0.1439E+02 0.1434E+02 0.1426E+02 0.1403E+02 0.1408E+02 0.1400E+02 0.1404E+02 0.1401E+02 0.1394E+02 0.1390E+02 0.1381E+02 0.1382E+02 0.1383E+02 0.1382E+02 0.1382E+02 0.1382E+02 0.1383E+02 0.1373E+02 0.1359E+02 -0.9990E+03 -0.9990E+03 -0.9990E+03
0.1419E+02 0.1416E+02 0.1412E+02 0.1409E+02 0.1408E+02 0.1412E+02 0.1410E+02 0.1427E+02 0.1413E+02 0.1414E+02 0.1417E+02 0.1435E+02 0.1460E+02 0.1423E+02 0.1415E+02 0.1414E+02 0.1415E+02 0.1436E+02 0.1445E+02 0.1425E+02 0.1440E+02 0.1467E+02 0.1424E+02 0.1416E+02 0.1419E+02 0.1403E+02 0.1389E+02 0.1393E+02 0.1431E+02 0.1445E+02 0.1443E+02 0.1442E+02 0.1440E+02 0.1444E+02 0.1434E+02 0.1436E+02 0.1426E+02 0.1401E+02 0.1399E+02 0.1400E+02 0.1424E+02 0.1397E+02 0.1392E+02 0.1382E+02 0.1359E+02 0.1370E+02 0.1378E+02 0.1377E+02 0.1378E+02 0.1378E+02 0.1379E+02 0.1370E+02 0.1355E+02 -0.9990E+03 -0.9990E+03 -0.9990E+03
0.1428E+02 0.1448E+02 0.1417E+02 0.1408E+02 0.1411E+02 0.1410E+02 0.1407E+02 0.1412E+02 0.1412E+02 0.1419E+02 0.1440E+02 0.1465E+02 0.1426E+02 0.1419E+02 0.1414E+02 0.1422E+02 0.1421E+02 0.1424E+02 0.1423E+02 0.1420E+02 0.1484E+02 0.1428E+02 0.1414E+02 0.1407E+02 0.1409E+02 0.1394E+02 0.1400E+02 0.1414E+02 0.1428E+02 0.1445E+02 0.1446E+02 0.1438E+02 0.1434E+02 0.1443E+02 0.1440E+02 0.1430E+02 0.1428E+02 0.1400E+02 0.1397E+02 0.1397E+02 0.1398E+02 0.1394E+02 0.1391E+02 0.1384E+02 0.1361E+02 0.1367E+02 0.1373E+02 0.1372E+02 0.1372E+02 0.1372E+02 0.1372E+02 0.1365E+02 0.1353E+02 -0.9990E+03 -0.9990E+03 -0.9990E+03
0.1418E+02 0.1418E+02 0.1433E+02 0.1415E+02 0.1416E+02 0.1411E+02 0.1407E+02 0.1406E+02 0.1408E+02 0.1414E+02 0.1430E+02 0.1447E+02 0.1423E+02 0.1414E+02 0.1412E+02 0.1410E+02 0.1415E+02 0.1413E+02 0.1411E+02 0.1415E+02 0.1414E+02 0.1413E+02 0.1406E+02 0.1401E+02 0.1408E+02 0.1405E+02 0.1407E+02 0.1422E+02 0.1477E+02 0.1440E+02 0.1446E+02 0.1437E+02 0.1441E+02 0.1454E+02 0.1447E+02 0.1415E+02 0.1413E+02 0.1396E+02 0.1398E+02 0.1397E+02 0.1399E+02 0.1394E+02 0.1393E+02 0.1410E+02 0.1387E+02 0.1364E+02 0.1359E+02 0.1358E+02 0.1356E+02 0.1356E+02 0.1355E+02 0.1354E+02 0.1352E+02 -0.9990E+03 -0.9990E+03 -0.9990E+03
0.1420E+02 0.1421E+02 0.1443E+02 0.1422E+02 0.1417E+02 0.1412E+02 0.1414E+02 0.1407E+02 0.1415E+02 0.1421E+02 0.1469E+02 0.1488E+02 0.1450E+02 0.1419E+02 0.1412E+02 0.1422E+02 0.1412E+02 0.1409E+02 0.1412E+02 0.1406E+02 0.1404E+02 0.1404E+02 0.1405E+02 0.1395E+02 0.1403E+02 0.1410E+02 0.1408E+02 0.1423E+02 0.1458E+02 0.1430E+02 0.1457E+02 0.1471E+02 0.1477E+02 0.1508E+02 0.1429E+02 0.1393E+02 0.1419E+02 0.1408E+02 0.1396E+02 0.1395E+02 0.1395E+02 0.1397E+02 0.1406E+02 0.1439E+02 0.1401E+02 0.1390E+02 0.1376E+02 0.1359E+02 0.1362E+02 0.1362E+02 0.1363E+02 0.1362E+02 0.1358E+02 -0.9990E+03 -0.9990E+03 -0.9990E+03
0.1418E+02 0.1414E+02 0.1415E+02 0.1416E+02 0.1419E+02 0.1422E+02 0.1452E+02 0.1447E+02 0.1462E+02 0.1501E+02 0.1486E+02 0.1467E+02 0.1446E+02 0.1460E+02 0.1417E+02 0.1416E+02 0.1404E+02 0.1402E+02 0.1403E+02 0.1403E+02 0.1399E+02 0.1394E+02 0.1389E+02 0.1392E+02 0.1397E+02 0.1411E+02 0.1414E+02 0.1442E+02 0.1439E+02 0.1419E+02 0.1426E+02 0.1449E+02 0.1425E+02 0.1415E+02 0.1403E+02 0.1397E+02 0.1412E+02 0.1394E+02 0.1390E+02 0.1391E+02 0.1396E+02 0.1415E+02 0.1410E+02 0.1408E+02 0.1432E+02 0.1428E+02 0.1399E+02 0.1389E+02 0.1388E+02 0.1385E+02 0.1377E+02 0.1381E+02 0.1375E+02 -0.9990E+03 -0.9990E+03 -0.9990E+03
0.1414E+02 0.1413E+02 0.1415E+02 0.1415E+02 0.1415E+02 0.1453E+02 0.1472E+02 0.1501E+02 0.1524E+02 0.1570E+02 0.1549E+02 0.1484E+02 0.1469E+02 0.1461E+02 0.1430E+02 0.1402E+02 0.1390E+02 0.1395E+02 0.1395E+02 0.1397E+02 0.1391E+02 0.1389E+02 0.1382E+02 0.1386E+02 0.1398E+02 0.1410E+02 0.1429E+02 0.1529E+02 0.1424E+02 0.1414E+02 0.1413E+02 0.1414E+02 0.1411E+02 0.1404E+02 0.1405E+02 0.1413E+02 0.1408E+02 0.1392E+02 0.1389E+02 0.1389E+02 0.1398E+02 0.1409E+02 0.1438E+02 0.1414E+02 0.1402E+02 0.1401E+02 0.1433E+02 0.1390E+02 0.1388E+02 0.1390E+02 0.1390E+02 0.1390E+02 0.1384E+02 0.1386E+02 -0.9990E+03 -0.9990E+03
0.1416E+02 0.1419E+02 0.1414E+02 0.1413E+02 0.1439E+02 0.1468E+02 0.1457E+02 0.1501E+02 0.1522E+02 0.1570E+02 0.1556E+02 0.1487E+02 0.1449E+02 0.1422E+02 0.1415E+02 0.1392E+02 0.1391E+02 0.1396E+02 0.1402E+02 0.1396E+02 0.1395E+02 0.1392E+02 0.1383E+02 0.1386E+02 0.1402E+02 0.1403E+02 0.1402E+02 0.1411E+02 0.1415E+02 0.1412E+02 0.1419E+02 0.1407E+02 0.1409E+02 0.1408E+02 0.1405E+02 0.1400E+02 0.1399E+02 0.1384E+02 0.1381E+02 0.1385E+02 0.1394E+02 0.1425E+02 0.1594E+02 0.1416E+02 0.1397E+02 0.1395E+02 0.1392E+02 0.1387E+02 0.1392E+02 0.1392E+02 0.1394E+02 0.1396E+02 0.1385E+02 0.1383E+02 -0.9990E+03 -0.9990E+03
0.1411E+02 0.1412E+02 0.1416E+02 0.1425E+02 0.1619E+02 0.1680E+02 0.1448E+02 0.1463E+02 0.1546E+02 0.1569E+02 0.1568E+02 0.1480E+02 0.1458E+02 0.1450E+02 0.1418E+02 0.1404E+02 0.1404E+02 0.1407E+02 0.1419E+02 0.1408E+02 0.1398E+02 0.1394E+02 0.1393E+02 0.1389E+02 0.1396E+02 0.1403E+02 0.1395E+02 0.1403E+02 0.1474E+02 0.1421E+02 0.1421E+02 0.1410E+02 0.1406E+02 0.1412E+02 0.1409E+02 0.1401E+02 0.1395E+02 0.1384E+02 0.1384E+02 0.1384E+02 0.1395E+02 0.1453E+02 0.1434E+02 0.1402E+02 0.1408E+02 0.1391E+02 0.1393E+02 0.1386E+02 0.1395E+02 0.1396E+02 0.1400E+02 0.1393E+02 0.1386E+02 0.1384E+02 -0.9990E+03 -0.9990E+03
0.1412E+02 0.1425E+02 0.1419E+02 0.1434E+02 0.1465E+02 0.1495E+02 0.1453E+02 0.1470E+02 0.1464E+02 0.1544E+02 0.1522E+02 0.1472E+02 0.1486E+02 0.1430E+02 0.1433E+02 0.1417E+02 0.1427E+02 0.1421E+02 0.1411E+02 0.1413E+02 0.1399E+02 0.1386E+02 0.1400E+02 0.1395E+02 0.1411E+02 0.1397E+02 0.1393E+02 0.1401E+02 0.1426E+02 0.1441E+02 0.1423E+02 0.1410E+02 0.1405E+02 0.1409E+02 0.1426E+02 0.1408E+02 0.1398E+02 0.1396E+02 0.1388E+02 0.1392E+02 0.1400E+02 0.1400E+02 0.1390E+02 0.1391E+02 0.1386E+02 0.1395E+02 0.1391E+02 0.1386E+02 0.1399E+02 0.1399E+02 0.1400E+02 0.1395E+02 0.1390E+02 0.1386E+02 -0.9990E+03 -0.9990E+03
0.1440E+02 0.1466E+02 0.1437E+02 0.1414E+02 0.1403E+02 0.1414E+02 0.1446E+02 0.1444E+02 0.1483E+02 0.1531E+02 0.1520E+02 0.1469E+02 0.1448E+02 0.1409E+02 0.1416E+02 0.1423E+02 0.1408E+02 0.1407E+02 0.1426E+02 0.1420E+02 0.1390E+02 0.1397E+02 0.1409E+02 0.1411E+02 0.1406E+02 0.1391E+02 0.1396E+02 0.1412E+02 0.1408E+02 0.1405E+02 0.1424E+02 0.1411E+02 0.1410E+02 0.1422E+02 0.1556E+02 0.1423E+02 0.1406E+02 0.1408E+02 0.1402E+02 0.1414E+02 0.1396E+02 0.1354E+02 0.1383E+02 0.1383E+02 0.1402E+02 0.1385E+02 0.1391E+02 0.1392E+02 0.1434E+02 0.1407E+02 0.1400E+02 0.1400E+02 0.1402E+02 0.1391E+02 -0.9990E+03 -0.9990E+03
0.1408E+02 0.1415E+02 0.1398E+02 0.1393E+02 0.1390E+02 0.1392E+02 0.1406E+02 0.1417E+02 0.1439E+02 0.1463E+02 0.1452E+02 0.1444E+02 0.1423E+02 0.1406E+02 0.1399E+02 0.1407E+02 0.1401E+02 0.1411E+02 0.1413E+02 0.1421E+02 0.1420E+02 0.1418E+02 0.1423E+02 0.1409E+02 0.1397E+02 0.1394E+02 0.1402E+02 0.1492E+02 0.1408E+02 0.1392E+02 0.1406E+02 0.1413E+02 0.1433E+02 0.1416E+02 0.1431E+02 0.1412E+02 0.1408E+02 0.1417E+02 0.1391E+02 0.1384E+02 0.1381E+02 0.1371E+02 0.1365E+02 0.1386E+02 0.1407E+02 0.1397E+02 0.1393E+02 0.1400E+02 0.1404E+02 0.1403E+02 0.1401E+02 0.1405E+02 0.1423E+02 0.1410E+02 0.1395E+02 -0.9990E+03
0.1383E+02 0.1378E+02 0.1395E+02 0.1398E+02 0.1393E+02 0.1391E+02 0.1391E+02 0.1414E+02 0.1424E+02 0.1395E+02 0.1420E+02 0.1442E+02 0.1437E+02 0.1430E+02 0.1417E+02 0.1390E+02 0.1392E+02 0.1415E+02 0.1418E+02 0.1416E+02 0.1438E+02 0.1431E+02 0.1443E+02 0.1420E+02 0.1411E+02 0.1405E+02 0.1407E+02 0.1415E+02 0.1407E+02 0.1411E+02 0.1408E+02 0.1429E+02 0.1522E+02 0.1427E+02 0.1403E+02 0.1405E+02 0.1412E+02 0.1413E+02 0.1405E+02 0.1380E+02 0.1358E+02 0.1381E+02 0.1385E+02 0.1388E+02 0.1414E+02 0.1414E+02 0.1399E+02 0.1401E+02 0.1405E+02 0.1407E+02 0.1404E+02 0.1394E+02 0.1391E+02 -0.9990E+03 -0.9990E+03 -0.9990E+03
0.1388E+02 0.1388E+02 0.1402E+02 0.1414E+02 0.1391E+02 0.1396E+02 0.1387E+02 0.1387E+02 0.1399E+02 0.1395E+02 0.1386E+02 0.1467E+02 0.1452E+02 0.1446E+02 0.1426E+02 0.1387E+02 0.1385E+02 0.1387E+02 0.1397E+02 0.1407E+02 0.1436E+02 0.1448E+02 0.1659E+02 0.1485E+02 0.1453E+02 0.1466E+02 0.1428E+02 0.1423E+02 0.1421E+02 0.1422E+02 0.1420E+02 0.1418E+02 0.1408E+02 0.1399E+02 0.1396E+02 0.1397E+02 0.1401E+02 0.1399E+02 0.1405E+02 0.1405E+02 0.1410E+02 0.1383E+02 0.1389E+02 0.1401E+02 0.1446E+02 0.1394E+02 0.1394E+02 0.1426E+02 0.1416E+02 0.1407E+02 0.1402E+02 0.1395E+02 -0.9990E+03 -0.9990E+03 -0.9990E+03 -0.9990E+03
0.1403E+02 0.1401E+02 0.1417E+02 0.1403E+02 0.1396E+02 0.1397E+02 0.1385E+02 0.1385E+02 0.1390E+02 0.1405E+02 0.1398E+02 0.1423E+02 0.1426E+02 0.1413E+02 0.1410E+02 0.1392E+02 0.1385E+02 0.1381E+02 0.1377E+02 0.1387E+02 0.1419E+02 0.1448E+02 0.1479E+02 0.1444E+02 0.1434E+02 0.1418E+02 0.1420E+02 0.1399E+02 0.1403E+02 0.1430E+02 0.1412E+02 0.1405E+02 0.1399E+02 0.1396E+02 0.1395E+02 0.1389E+02 0.1398E+02 0.1392E+02 0.1402E+02 0.1405E+02 0.1429E+02 0.1431E+02 0.1435E+02 0.1446E+02 0.1461E+02 0.1399E+02 0.1394E+02 0.1424E+02 0.1410E+02 0.1402E+02 0.1399E+02 0.1390E+02 -0.9990E+03 -0.9990E+03 -0.9990E+03 -0.9990E+03
0.1412E+02 0.1419E+02 0.1409E+02 0.1398E+02 0.1432E+02 0.1430E+02 0.1388E+02 0.1386E+02 0.1390E+02 0.1413E+02 0.1401E+02 0.1392E+02 0.1421E+02 0.1408E+02 0.1400E+02 0.1391E+02 0.1382E+02 0.1383E+02 0.1391E+02 0.1402E+02 0.1412E+02 0.1447E+02 0.1453E+02 0.1423E+02 0.1403E+02 0.1398E+02 0.1409E+02 0.1394E+02 0.1403E+02 0.1497E+02 0.1410E+02 0.1399E+02 0.1410E+02 0.1404E+02 0.1402E+02 0.1394E+02 0.1396E+02 0.1396E+02 0.1416E+02 0.1405E+02 0.1462E+02 0.1463E+02 0.1496E+02 0.1433E+02 0.1406E+02 0.1401E+02 0.1397E+02 0.1398E+02 0.1403E+02 0.1399E+02 0.1396E+02 0.1389E+02 -0.9990E+03 -0.9990E+03 -0.9990E+03 -0.9990E+03
0.1440E+02 0.1415E+02 0.1409E+02 0.1404E+02 0.1409E+02 0.1410E+02 0.1395E+02 0.1387E+02 0.1411E+02 0.1427E+02 0.1400E+02 0.1397E+02 0.1415E+02 0.1402E+02 0.1413E+02 0.1392E+02 0.1383E+02 0.1395E+02 0.1370E+02 0.1399E+02 0.1400E+02 0.1406E+02 0.1534E+02 0.1413E+02 0.1393E+02 0.1388E+02 0.1390E+02 0.1393E+02 0.1395E+02 0.1424E+02 0.1416E+02 0.1402E+02 0.1449E+02 0.1415E+02 0.1414E+02 0.1399E+02 0.1408E+02 0.1399E+02 0.1398E+02 0.1409E+02 0.1464E+02 0.1470E+02 0.1538E+02 0.1431E+02 0.1400E+02 0.1398E+02 0.1388E+02 0.1389E+02 0.1400E+02 0.1399E+02 0.1400E+02 0.1388E+02 -0.9990E+03 -0.9990E+03 -0.9990E+03 -0.9990E+03
0.1436E+02 0.1410E+02 0.1392E+02 0.1403E+02 0.1399E+02 0.1397E+02 0.1393E+02 0.1389E+02 0.1392E+02 0.1412E+02 0.1414E+02 0.1402E+02 0.1414E+02 0.1398E+02 0.1398E+02 0.1397E+02 0.1383E+02 0.1390E+02 0.1363E+02 0.1358E+02 0.1387E+02 0.1390E+02 0.1403E+02 0.1399E+02 0.1391E+02 0.1382E+02 0.1383E+02 0.1386E+02 0.1384E+02 0.1409E+02 0.1421E+02 0.1407E+02 0.1422E+02 0.1405E+02 0.1401E+02 0.1398E+02 0.1398E+02 0.1392E+02 0.1396E+02 0.1403E+02 0.1423E+02 0.1436E+02 0.1692E+02 0.1430E+02 0.1395E+02 0.1387E+02 0.1384E+02 0.1390E+02 0.1394E+02 0.1400E+02 0.1398E+02 0.1399E+02 -0.9990E+03 -0.9990E+03 -0.9990E+03 -0.9990E+03
0.1409E+02 0.1402E+02 0.1391E+02 0.1393E+02 0.1396E+02 0.1400E+02 0.1391E+02 0.1393E+02 0.1388E+02 0.1390E+02 0.1391E+02 0.1398E+02 0.1422E+02 0.1387E+02 0.1388E+02 0.1387E+02 0.1396E+02 0.1371E+02 0.1351E+02 0.1365E+02 0.1388E+02 0.1392E+02 0.1423E+02 0.1408E+02 0.1389E+02 0.1383E+02 0.1384E+02 0.1377E+02 0.1382E+02 0.1392E+02 0.1415E+02 0.1446E+02 0.1442E+02 0.1401E+02 0.1390E+02 0.1391E+02 0.1393E+02 0.1392E+02 0.1407E+02 0.1407E+02 0.1471E+02 0.1412E+02 0.1431E+02 0.1401E+02 0.1390E+02 0.1382E+02 0.1383E+02 0.1388E+02 0.1398E+02 0.1409E+02 0.1428E+02 0.1415E+02 0.1406E+02 -0.9990E+03 -0.9990E+03 -0.9990E+03
0.1399E+02 0.1388E+02 0.1395E+02 0.1393E+02 0.1409E+02 0.1400E+02 0.1392E+02 0.1392E+02 0.1386E+02 0.1383E+02 0.1386E+02 0.1412E+02 0.1416E+02 0.1394E+02 0.1382E+02 0.1375E+02 0.1388E+02 0.1387E+02 0.1359E+02 0.1379E+02 0.1394E+02 0.1410E+02 0.1609E+02 0.1411E+02 0.1393E+02 0.1383E+02 0.1381E+02 0.1385E+02 0.1386E+02 0.1413E+02 0.1449E+02 0.1468E+02 0.1437E+02 0.1398E+02 0.1391E+02 0.1390E+02 0.1408E+02 0.1398E+02 0.1410E+02 0.1445E+02 0.1420E+02 0.1411E+02 0.1403E+02 0.1415E+02 0.1401E+02 0.1388E+02 0.1382E+02 0.1389E+02 0.1399E+02 0.1412E+02 0.1412E+02 0.1409E+02 0.1408E+02 -0.9990E+03 -0.9990E+03 -0.9990E+03
