Data/conc_PM10_RR2030_2002.asc
NCOLS          280
NROWS          320
XLLCORNER            0
YLLCORNER       300000
CELLSIZE         1000
NODATA_VALUE  -0.9990E+03
[rows 200 to 224 of 320, columns 112 to 167 of 280]
0.1468E+02 0.1473E+02 0.1490E+02 0.1499E+02 0.1500E+02 0.1500E+02 0.1492E+02 0.1481E+02 0.1485E+02 0.1495E+02 0.1510E+02 0.1544E+02 0.1512E+02 0.1511E+02 0.1506E+02 0.1501E+02 0.1501E+02 0.1495E+02 0.1492E+02 0.1495E+02 0.1497E+02 0.1500E+02 0.1498E+02 0.1511E+02 0.1529E+02 0.1522E+02 0.1502E+02 0.1519E+02 0.1516E+02 0.1520E+02 0.1534E+02 0.1540E+02 0.1561E+02 0.1674E+02 0.1634E+02 0.1642E+02 0.1570E+02 0.1546E+02 0.1544E+02 0.1548E+02 0.1532E+02 0.1562E+02 0.1636E+02 0.1547E+02 0.1533E+02 0.1529E+02 0.1540E+02 0.1535E+02 0.1578E+02 0.1542E+02 0.1570E+02 0.1601E+02 0.1606E+02 0.1572E+02 0.1612E+02 0.1562E+02
0.1461E+02 0.1462E+02 0.1472E+02 0.1492E+02 0.1497E+02 0.1485E+02 0.1477E+02 0.1481E+02 0.1492E+02 0.1501E+02 0.1520E+02 0.1530E+02 0.1503E+02 0.1502E+02 0.1504E+02 0.1501E+02 0.1501E+02 0.1499E+02 0.1501E+02 0.1498E+02 0.1498E+02 0.1502E+02 0.1498E+02 0.1507E+02 0.1524E+02 0.1556E+02 0.1502E+02 0.1502E+02 0.1504E+02 0.1513E+02 0.1523E+02 0.1542E+02 0.1537E+02 0.1577E+02 0.1642E+02 0.1700E+02 0.1611E+02 0.1548E+02 0.1539E+02 0.1535E+02 0.1523E+02 0.1537E+02 0.1538E+02 0.1537E+02 0.1554E+02 0.1556E+02 0.1548E+02 0.1543E+02 0.1557E+02 0.1569E+02 0.1570E+02 0.1596E+02 0.1577E+02 0.1580E+02 0.1594E+02 0.1511E+02
0.1462E+02 0.1467E+02 0.1490E+02 0.1498E+02 0.1503E+02 0.1487E+02 0.1481E+02 0.1490E+02 0.1502E+02 0.1514E+02 0.1550E+02 0.1505E+02 0.1500E+02 0.1501E+02 0.1503E+02 0.1501E+02 0.1503E+02 0.1502E+02 0.1503E+02 0.1499E+02 0.1501E+02 0.1499E+02 0.1501E+02 0.1506E+02 0.1518E+02 0.1517E+02 0.1505E+02 0.1506E+02 0.1508E+02 0.1512E+02 0.1528E+02 0.1545E+02 0.1536E+02 0.1562E+02 0.1596E+02 0.1565E+02 0.1611E+02 0.1558E+02 0.1541E+02 0.1543E+02 0.1540E+02 0.1543E+02 0.1536E+02 0.1540E+02 0.1557E+02 0.1583E+02 0.1570E+02 0.1572E+02 0.1595E+02 0.1585E+02 0.1553E+02 0.1570E+02 0.1542E+02 0.1531E+02 0.1532E+02 0.1518E+02
0.1457E+02 0.1461E+02 0.1477E+02 0.1475E+02 0.1481E+02 0.1488E+02 0.1501E+02 0.1508E+02 0.1528E+02 0.1596E+02 0.1535E+02 0.1501E+02 0.1504E+02 0.1522E+02 0.1512E+02 0.1503E+02 0.1502E+02 0.1499E+02 0.1499E+02 0.1502E+02 0.1503E+02 0.1518E+02 0.1521E+02 0.1503E+02 0.1517E+02 0.1525E+02 0.1511E+02 0.1508E+02 0.1507E+02 0.1509E+02 0.1510E+02 0.1519E+02 0.1522E+02 0.1529E+02 0.1540E+02 0.1576E+02 0.1556E+02 0.1621E+02 0.1567E+02 0.1559E+02 0.1541E+02 0.1570E+02 0.1551E+02 0.1539E+02 0.1567E+02 0.1598E+02 0.1554E+02 0.1548E+02 0.1567E+02 0.1546E+02 0.1565E+02 0.1574E+02 0.1589E+02 0.1604E+02 0.1605E+02 0.1545E+02
0.1460E+02 0.1464E+02 0.1464E+02 0.1469E+02 0.1485E+02 0.1498E+02 0.1510E+02 0.1529E+02 0.1548E+02 0.1551E+02 0.1515E+02 0.1502E+02 0.1509E+02 0.1552E+02 0.1510E+02 0.1507E+02 0.1511E+02 0.1515E+02 0.1516E+02 0.1506E+02 0.1502E+02 0.1499E+02 0.1499E+02 0.1510E+02 0.1521E+02 0.1526E+02 0.1513E+02 0.1515E+02 0.1512E+02 0.1507E+02 0.1506E+02 0.1518E+02 0.1521E+02 0.1537E+02 0.1544E+02 0.1562E+02 0.1617E+02 0.1643E+02 0.1628E+02 0.1573E+02 0.1575E+02 0.1579E+02 0.1551E+02 0.1543E+02 0.1531E+02 0.1542E+02 0.1563E+02 0.1562E+02 0.1583E+02 0.1571E+02 0.1547E+02 0.1610E+02 0.1583E+02 0.1576E+02 0.1530E+02 0.1556E+02
0.1479E+02 0.1478E+02 0.1481E+02 0.1487E+02 0.1574E+02 0.1610E+02 0.1632E+02 0.1604E+02 0.1586E+02 0.1531E+02 0.1509E+02 0.1500E+02 0.1499E+02 0.1502E+02 0.1495E+02 0.1496E+02 0.1499E+02 0.1499E+02 0.1498E+02 0.1499E+02 0.1499E+02 0.1496E+02 0.1510E+02 0.1505E+02 0.1504E+02 0.1535E+02 0.1517E+02 0.1510E+02 0.1522E+02 0.1501E+02 0.1497E+02 0.1508E+02 0.1519E+02 0.1528E+02 0.1568E+02 0.1580E+02 0.1635E+02 0.1642E+02 0.1635E+02 0.1646E+02 0.1599E+02 0.1603E+02 0.1562E+02 0.1531E+02 0.1518E+02 0.1539E+02 0.1580E+02 0.1578E+02 0.1548E+02 0.1540E+02 0.1546E+02 0.1568E+02 0.1572E+02 0.1558E+02 0.1528E+02 0.1542E+02
0.1488E+02 0.1491E+02 0.1505E+02 0.1498E+02 0.1592E+02 0.1660E+02 0.1791E+02 0.1613E+02 0.1651E+02 0.1556E+02 0.1517E+02 0.1500E+02 0.1495E+02 0.1495E+02 0.1497E+02 0.1494E+02 0.1493E+02 0.1495E+02 0.1491E+02 0.1495E+02 0.1498E+02 0.1498E+02 0.1520E+02 0.1503E+02 0.1502E+02 0.1511E+02 0.1549E+02 0.1525E+02 0.1516E+02 0.1513E+02 0.1516E+02 0.1515E+02 0.1523E+02 0.1522E+02 0.1602E+02 0.1600E+02 0.1637E+02 0.1662E+02 0.1631E+02 0.1605E+02 0.1604E+02 0.1588E+02 0.1591E+02 0.1550E+02 0.1549E+02 0.1527E+02 0.1557E+02 0.1547E+02 0.1543E+02 0.1542E+02 0.1578E+02 0.1604E+02 0.1670E+02 0.1576E+02 0.1559E+02 0.1567E+02
0.1498E+02 0.1516E+02 0.1542E+02 0.1536E+02 0.1549E+02 0.1618E+02 0.1623E+02 0.1612E+02 0.1623E+02 0.1545E+02 0.1528E+02 0.1510E+02 0.1522E+02 0.1500E+02 0.1498E+02 0.1501E+02 0.1504E+02 0.1500E+02 0.1516E+02 0.1540E+02 0.1546E+02 0.1507E+02 0.1506E+02 0.1505E+02 0.1516E+02 0.1531E+02 0.1595E+02 0.1550E+02 0.1538E+02 0.1515E+02 0.1546E+02 0.1562E+02 0.1533E+02 0.1578E+02 0.1633E+02 0.1738E+02 0.1843E+02 0.1733E+02 0.1627E+02 0.1607E+02 0.1640E+02 0.1579E+02 0.1534E+02 0.1528E+02 0.1533E+02 0.1522E+02 0.1525E+02 0.1538E+02 0.1540E+02 0.1548E+02 0.1586E+02 0.1800E+02 0.1624E+02 0.1641E+02 0.1627E+02 0.1564E+02
0.1510E+02 0.1595E+02 0.1548E+02 0.1615E+02 0.1540E+02 0.1554E+02 0.1560E+02 0.1595E+02 0.1611E+02 0.1577E+02 0.1561E+02 0.1543E+02 0.1557E+02 0.1530E+02 0.1524E+02 0.1538E+02 0.1532E+02 0.1529E+02 0.1535E+02 0.1585E+02 0.1584E+02 0.1599E+02 0.1593E+02 0.1540E+02 0.1558E+02 0.1588E+02 0.1550E+02 0.1521E+02 0.1557E+02 0.1579E+02 0.1593E+02 0.1575E+02 0.1553E+02 0.1580E+02 0.1623E+02 0.1663E+02 0.1692E+02 0.1698E+02 0.1663E+02 0.1610E+02 0.1621E+02 0.1544E+02 0.1533E+02 0.1533E+02 0.1534E+02 0.1525E+02 0.1518E+02 0.1561E+02 0.1550E+02 0.1564E+02 0.1591E+02 0.1644E+02 0.1617E+02 0.1611E+02 0.1648E+02 0.1578E+02
0.1525E+02 0.1556E+02 0.1581E+02 0.1551E+02 0.1552E+02 0.1570E+02 0.1569E+02 0.1574E+02 0.1580E+02 0.1560E+02 0.1552E+02 0.1532E+02 0.1542E+02 0.1508E+02 0.1507E+02 0.1513E+02 0.1506E+02 0.1510E+02 0.1510E+02 0.1583E+02 0.1588E+02 0.1589E+02 0.1545E+02 0.1506E+02 0.1563E+02 0.1590E+02 0.1536E+02 0.1497E+02 0.1496E+02 0.1497E+02 0.1499E+02 0.1516E+02 0.1517E+02 0.1515E+02 0.1529E+02 0.1575E+02 0.1628E+02 0.1606E+02 0.1626E+02 0.1616E+02 0.1618E+02 0.1554E+02 0.1544E+02 0.1565E+02 0.1548E+02 0.1532E+02 0.1535E+02 0.1556E+02 0.1639E+02 0.1603E+02 0.1700E+02 0.1627E+02 0.1691E+02 0.1782E+02 0.1630E+02 0.1557E+02
0.1520E+02 0.1581E+02 0.1581E+02 0.1584E+02 0.1652E+02 0.1597E+02 0.1581E+02 0.1583E+02 0.1586E+02 0.1647E+02 0.1542E+02 0.1520E+02 0.1515E+02 0.1524E+02 0.1519E+02 0.1522E+02 0.1520E+02 0.1573E+02 0.1533E+02 0.1577E+02 0.1575E+02 0.1547E+02 0.1515E+02 0.1494E+02 0.1500E+02 0.1510E+02 0.1497E+02 0.1491E+02 0.1489E+02 0.1489E+02 0.1492E+02 0.1506E+02 0.1510E+02 0.1506E+02 0.1506E+02 0.1516E+02 0.1551E+02 0.1538E+02 0.1601E+02 0.1598E+02 0.1545E+02 0.1540E+02 0.1549E+02 0.1575E+02 0.1558E+02 0.1554E+02 0.1546E+02 0.1578E+02 0.1613E+02 0.1710E+02 0.1641E+02 0.1675E+02 0.1871E+02 0.2376E+02 0.1737E+02 0.1565E+02
0.1546E+02 0.1548E+02 0.1524E+02 0.1534E+02 0.1596E+02 0.1921E+02 0.1782E+02 0.1621E+02 0.1550E+02 0.1547E+02 0.1525E+02 0.1511E+02 0.1513E+02 0.1508E+02 0.1524E+02 0.1510E+02 0.1511E+02 0.1544E+02 0.1649E+02 0.1572E+02 0.1526E+02 0.1499E+02 0.1493E+02 0.1490E+02 0.1491E+02 0.1485E+02 0.1477E+02 0.1490E+02 0.1485E+02 0.1487E+02 0.1486E+02 0.1509E+02 0.1511E+02 0.1503E+02 0.1524E+02 0.1525E+02 0.1595E+02 0.1594E+02 0.1529E+02 0.1536E+02 0.1529E+02 0.1561E+02 0.1575E+02 0.1545E+02 0.1537E+02 0.1546E+02 0.1564E+02 0.1536E+02 0.1555E+02 0.1612E+02 0.1625E+02 0.1828E+02 0.1788E+02 0.1690E+02 0.1595E+02 0.1554E+02
0.1512E+02 0.1544E+02 0.1516E+02 0.1528E+02 0.1580E+02 0.1763E+02 0.1639E+02 0.1613E+02 0.1563E+02 0.1530E+02 0.1521E+02 0.1516E+02 0.1538E+02 0.1509E+02 0.1504E+02 0.1505E+02 0.1512E+02 0.1576E+02 0.1597E+02 0.1572E+02 0.1523E+02 0.1491E+02 0.1476E+02 0.1471E+02 0.1478E+02 0.1482E+02 0.1473E+02 0.1483E+02 0.1486E+02 0.1488E+02 0.1512E+02 0.1516E+02 0.1514E+02 0.1504E+02 0.1523E+02 0.1557E+02 0.1602E+02 0.1568E+02 0.1522E+02 0.1528E+02 0.1540E+02 0.1546E+02 0.1560E+02 0.1527E+02 0.1541E+02 0.1535E+02 0.1533E+02 0.1546E+02 0.1584E+02 0.1568E+02 0.1638E+02 0.1644E+02 0.1650E+02 0.1634E+02 0.1559E+02 0.1590E+02
0.1503E+02 0.1517E+02 0.1507E+02 0.1506E+02 0.1574E+02 0.1636E+02 0.1628E+02 0.1587E+02 0.1585E+02 0.1544E+02 0.1544E+02 0.1513E+02 0.1516E+02 0.1515E+02 0.1513E+02 0.1513E+02 0.1523E+02 0.1529E+02 0.1514E+02 0.1525E+02 0.1531E+02 0.1508E+02 0.1499E+02 0.1470E+02 0.1461E+02 0.1469E+02 0.1479E+02 0.1503E+02 0.1483E+02 0.1486E+02 0.1495E+02 0.1516E+02 0.1518E+02 0.1515E+02 0.1549E+02 0.1583E+02 0.1582E+02 0.1562E+02 0.1525E+02 0.1530E+02 0.1565E+02 0.1559E+02 0.1530E+02 0.1518E+02 0.1539E+02 0.1520E+02 0.1547E+02 0.1536E+02 0.1559E+02 0.1574E+02 0.1580E+02 0.1634E+02 0.1619E+02 0.1690E+02 0.1603E+02 0.1650E+02
0.1502E+02 0.1499E+02 0.1504E+02 0.1514E+02 0.1528E+02 0.1565E+02 0.1603E+02 0.1583E+02 0.1563E+02 0.1538E+02 0.1536E+02 0.1528E+02 0.1542E+02 0.1513E+02 0.1516E+02 0.1532E+02 0.1521E+02 0.1514E+02 0.1513E+02 0.1558E+02 0.1541E+02 0.1517E+02 0.1503E+02 0.1483E+02 0.1480E+02 0.1480E+02 0.1479E+02 0.1484E+02 0.1505E+02 0.1500E+02 0.1511E+02 0.1529E+02 0.1601E+02 0.1551E+02 0.1534E+02 0.1573E+02 0.1544E+02 0.1551E+02 0.1519E+02 0.1562E+02 0.1551E+02 0.1558E+02 0.1521E+02 0.1517E+02 0.1524E+02 0.1517E+02 0.1523E+02 0.1519E+02 0.1530E+02 0.1583E+02 0.1702E+02 0.1612E+02 0.1710E+02 0.1620E+02 0.1654E+02 0.1617E+02
0.1499E+02 0.1487E+02 0.1504E+02 0.1501E+02 0.1510E+02 0.1559E+02 0.1685E+02 0.1641E+02 0.1554E+02 0.1514E+02 0.1567E+02 0.1586E+02 0.1583E+02 0.1527E+02 0.1525E+02 0.1567E+02 0.1576E+02 0.1530E+02 0.1536E+02 0.1867E+02 0.1574E+02 0.1566E+02 0.1506E+02 0.1520E+02 0.1497E+02 0.1490E+02 0.1502E+02 0.1494E+02 0.1510E+02 0.1536E+02 0.1519E+02 0.1610E+02 0.1570E+02 0.1522E+02 0.1505E+02 0.1507E+02 0.1506E+02 0.1548E+02 0.1509E+02 0.1526E+02 0.1515E+02 0.1520E+02 0.1512E+02 0.1520E+02 0.1549E+02 0.1571E+02 0.1537E+02 0.1530E+02 0.1526E+02 0.1537E+02 0.1609E+02 0.1608E+02 0.1629E+02 0.1590E+02 0.1603E+02 0.1584E+02
0.1541E+02 0.1501E+02 0.1495E+02 0.1508E+02 0.1513E+02 0.1525E+02 0.1578E+02 0.1544E+02 0.1521E+02 0.1513E+02 0.1549E+02 0.1566E+02 0.1567E+02 0.1538E+02 0.1521E+02 0.1563E+02 0.1670E+02 0.1552E+02 0.1530E+02 0.1547E+02 0.1535E+02 0.1531E+02 0.1505E+02 0.1502E+02 0.1497E+02 0.1506E+02 0.1500E+02 0.1520E+02 0.1556E+02 0.1520E+02 0.1528E+02 0.1548E+02 0.1538E+02 0.1519E+02 0.1506E+02 0.1505E+02 0.1509E+02 0.1518E+02 0.1543E+02 0.1509E+02 0.1524E+02 0.1526E+02 0.1523E+02 0.1511E+02 0.1520E+02 0.1560E+02 0.1582E+02 0.1559E+02 0.1546E+02 0.1536E+02 0.1557E+02 0.1592E+02 0.1612E+02 0.1602E+02 0.1609E+02 0.1551E+02
0.1603E+02 0.1597E+02 0.1546E+02 0.1557E+02 0.1537E+02 0.1537E+02 0.1519E+02 0.1510E+02 0.1506E+02 0.1498E+02 0.1518E+02 0.1550E+02 0.1584E+02 0.1554E+02 0.1530E+02 0.1553E+02 0.1602E+02 0.1543E+02 0.1519E+02 0.1510E+02 0.1508E+02 0.1528E+02 0.1504E+02 0.1514E+02 0.1508E+02 0.1541E+02 0.1553E+02 0.1547E+02 0.1618E+02 0.1528E+02 0.1543E+02 0.1535E+02 0.1545E+02 0.1522E+02 0.1512E+02 0.1508E+02 0.1535E+02 0.1512E+02 0.1559E+02 0.1516E+02 0.1526E+02 0.1512E+02 0.1514E+02 0.1505E+02 0.1505E+02 0.1519E+02 0.1555E+02 0.1579E+02 0.1607E+02 0.1550E+02 0.1557E+02 0.1610E+02 0.1815E+02 0.1622E+02 0.1590E+02 0.1547E+02
0.1607E+02 0.1598E+02 0.1572E+02 0.1546E+02 0.1521E+02 0.1542E+02 0.1508E+02 0.1499E+02 0.1504E+02 0.1514E+02 0.1531E+02 0.1698E+02 0.1888E+02 0.1560E+02 0.1518E+02 0.1508E+02 0.1539E+02 0.1595E+02 0.1531E+02 0.1512E+02 0.1514E+02 0.1544E+02 0.1513E+02 0.1507E+02 0.1515E+02 0.1537E+02 0.1519E+02 0.1542E+02 0.1531E+02 0.1535E+02 0.1537E+02 0.1566E+02 0.1531E+02 0.1529E+02 0.1515E+02 0.1502E+02 0.1526E+02 0.1514E+02 0.1563E+02 0.1562E+02 0.1535E+02 0.1523E+02 0.1507E+02 0.1500E+02 0.1502E+02 0.1512E+02 0.1519E+02 0.1539E+02 0.1556E+02 0.1533E+02 0.1545E+02 0.1604E+02 0.1598E+02 0.1613E+02 0.1555E+02 0.1542E+02
0.1613E+02 0.1593E+02 0.1586E+02 0.1574E+02 0.1567E+02 0.1520E+02 0.1533E+02 0.1499E+02 0.1499E+02 0.1536E+02 0.1578E+02 0.1573E+02 0.1559E+02 0.1528E+02 0.1534E+02 0.1569E+02 0.1562E+02 0.1558E+02 0.1594E+02 0.1592E+02 0.1569E+02 0.1599E+02 0.1571E+02 0.1525E+02 0.1510E+02 0.1528E+02 0.1549E+02 0.1644E+02 0.1539E+02 0.1527E+02 0.1525E+02 0.1521E+02 0.1525E+02 0.1511E+02 0.1510E+02 0.1508E+02 0.1532E+02 0.1547E+02 0.1587E+02 0.1594E+02 0.1571E+02 0.1553E+02 0.1505E+02 0.1501E+02 0.1501E+02 0.1505E+02 0.1515E+02 0.1557E+02 0.1576E+02 0.1537E+02 0.1549E+02 0.1588E+02 0.1563E+02 0.1593E+02 0.1563E+02 0.1552E+02
0.1614E+02 0.1585E+02 0.1563E+02 0.1589E+02 0.1525E+02 0.1534E+02 0.1510E+02 0.1496E+02 0.1500E+02 0.1507E+02 0.1542E+02 0.1550E+02 0.1516E+02 0.1524E+02 0.1551E+02 0.1554E+02 0.1579E+02 0.1615E+02 0.1569E+02 0.1565E+02 0.1748E+02 0.1627E+02 0.1610E+02 0.1579E+02 0.1535E+02 0.1539E+02 0.1570E+02 0.1551E+02 0.1567E+02 0.1575E+02 0.1571E+02 0.1507E+02 0.1498E+02 0.1513E+02 0.1500E+02 0.1502E+02 0.1509E+02 0.1556E+02 0.1593E+02 0.1580E+02 0.1589E+02 0.1526E+02 0.1508E+02 0.1511E+02 0.1524E+02 0.1519E+02 0.1536E+02 0.1535E+02 0.1542E+02 0.1551E+02 0.1587E+02 0.1565E+02 0.1571E+02 0.1655E+02 0.1599E+02 0.1547E+02
0.1592E+02 0.1600E+02 0.1582E+02 0.1578E+02 0.1545E+02 0.1510E+02 0.1496E+02 0.1506E+02 0.1502E+02 0.1510E+02 0.1502E+02 0.1545E+02 0.1514E+02 0.1507E+02 0.1554E+02 0.1547E+02 0.1563E+02 0.1562E+02 0.1583E+02 0.1612E+02 0.1622E+02 0.1621E+02 0.1630E+02 0.1661E+02 0.1646E+02 0.1553E+02 0.1558E+02 0.1537E+02 0.1563E+02 0.1574E+02 0.1540E+02 0.1520E+02 0.1507E+02 0.1492E+02 0.1493E+02 0.1497E+02 0.1505E+02 0.1530E+02 0.1556E+02 0.1560E+02 0.1591E+02 0.1561E+02 0.1522E+02 0.1509E+02 0.1519E+02 0.1543E+02 0.1526E+02 0.1561E+02 0.1573E+02 0.1606E+02 0.1619E+02 0.1635E+02 0.1576E+02 0.1575E+02 0.1550E+02 0.1533E+02
0.1524E+02 0.1544E+02 0.1545E+02 0.1547E+02 0.1560E+02 0.1501E+02 0.1507E+02 0.1498E+02 0.1499E+02 0.1502E+02 0.1501E+02 0.1497E+02 0.1500E+02 0.1504E+02 0.1512E+02 0.1512E+02 0.1522E+02 0.1535E+02 0.1522E+02 0.1594E+02 0.1613E+02 0.1633E+02 0.1662E+02 0.1631E+02 0.1544E+02 0.1554E+02 0.1526E+02 0.1503E+02 0.1500E+02 0.1514E+02 0.1503E+02 0.1505E+02 0.1507E+02 0.1499E+02 0.1492E+02 0.1505E+02 0.1516E+02 0.1526E+02 0.1534E+02 0.1537E+02 0.1674E+02 0.1562E+02 0.1532E+02 0.1518E+02 0.1516E+02 0.1532E+02 0.1531E+02 0.1575E+02 0.1613E+02 0.1647E+02 0.1567E+02 0.1660E+02 0.1573E+02 0.1573E+02 0.1557E+02 0.1524E+02
0.1492E+02 0.1499E+02 0.1512E+02 0.1522E+02 0.1524E+02 0.1537E+02 0.1580E+02 0.1535E+02 0.1533E+02 0.1543E+02 0.1541E+02 0.1531E+02 0.1527E+02 0.1498E+02 0.1502E+02 0.1492E+02 0.1500E+02 0.1510E+02 0.1522E+02 0.1579E+02 0.1626E+02 0.1659E+02 0.1640E+02 0.1597E+02 0.1517E+02 0.1528E+02 0.1503E+02 0.1500E+02 0.1518E+02 0.1516E+02 0.1505E+02 0.1505E+02 0.1550E+02 0.1512E+02 0.1509E+02 0.1514E+02 0.1523E+02 0.1525E+02 0.1517E+02 0.1520E+02 0.1547E+02 0.1553E+02 0.1531E+02 0.1513E+02 0.1515E+02 0.1532E+02 0.1542E+02 0.1563E+02 0.1622E+02 0.1608E+02 0.1554E+02 0.1536E+02 0.1556E+02 0.1539E+02 0.1555E+02 0.1518E+02
0.1507E+02 0.1512E+02 0.1541E+02 0.1549E+02 0.1518E+02 0.1503E+02 0.1494E+02 0.1493E+02 0.1501E+02 0.1566E+02 0.1509E+02 0.1534E+02 0.1558E+02 0.1544E+02 0.1548E+02 0.1500E+02 0.1504E+02 0.1507E+02 0.1524E+02 0.1583E+02 0.1626E+02 0.1639E+02 0.1634E+02 0.1565E+02 0.1562E+02 0.1542E+02 0.1546E+02 0.1506E+02 0.1565E+02 0.1545E+02 0.1520E+02 0.1522E+02 0.1526E+02 0.1544E+02 0.1533E+02 0.1575E+02 0.1612E+02 0.1531E+02 0.1519E+02 0.1520E+02 0.1511E+02 0.1558E+02 0.1530E+02 0.1525E+02 0.1522E+02 0.1541E+02 0.1579E+02 0.1665E+02 0.1651E+02 0.1632E+02 0.1553E+02 0.1512E+02 0.1533E+02 0.1541E+02 0.1520E+02 0.1507E+02
