Data/conc_NOx_RR2020_2002.asc
NCOLS          280
NROWS          320
XLLCORNER            0
YLLCORNER       300000
CELLSIZE         1000
NODATA_VALUE  -0.9990E+03
[rows 175 to 199 of 320, columns 56 to 111 of 280]
0.1627E+02 0.1743E+02 0.1953E+02 0.2267E+02 0.2762E+02 0.3687E+02 0.3848E+02 0.2931E+02 0.2784E+02 0.2685E+02 0.2545E+02 0.2499E+02 0.2583E+02 0.2501E+02 0.2482E+02 0.2505E+02 0.2463E+02 0.2497E+02 0.2770E+02 0.2547E+02 0.2620E+02 0.2469E+02 0.2554E+02 0.2505E+02 0.2378E+02 0.2515E+02 0.2636E+02 0.2812E+02 0.2788E+02 0.2725E+02 0.3722E+02 0.2685E+02 0.2547E+02 0.2492E+02 0.2699E+02 0.2619E+02 0.2562E+02 0.2647E+02 0.2764E+02 0.2463E+02 0.2404E+02 0.2379E+02 0.2332E+02 0.2365E+02 0.2561E+02 0.2711E+02 0.3097E+02 0.2956E+02 0.2410E+02 0.2391E+02 0.2250E+02 0.2151E+02 0.2096E+02 0.2076E+02 0.1980E+02 0.2084E+02
0.1667E+02 0.1815E+02 0.2392E+02 0.2689E+02 0.2775E+02 0.3350E+02 0.3986E+02 0.3129E+02 0.3033E+02 0.2829E+02 0.2630E+02 0.2566E+02 0.2663E+02 0.2634E+02 0.2442E+02 0.2321E+02 0.2429E+02 0.2599E+02 0.2989E+02 0.2773E+02 0.2702E+02 0.2600E+02 0.2425E+02 0.2368E+02 0.2363E+02 0.2463E+02 0.2366E+02 0.2407E+02 0.2405E+02 0.2465E+02 0.3082E+02 0.3323E+02 0.2620E+02 0.2568E+02 0.2706E+02 0.2643E+02 0.2679E+02 0.2853E+02 0.2531E+02 0.2458E+02 0.2401E+02 0.2451E+02 0.2417E+02 0.2471E+02 0.2612E+02 0.3304E+02 0.3149E+02 0.2439E+02 0.2373E+02 0.2309E+02 0.2152E+02 0.2095E+02 0.2072E+02 0.2061E+02 0.1997E+02 0.2012E+02
0.1724E+02 0.2071E+02 0.3682E+02 0.2989E+02 0.2872E+02 0.3255E+02 0.3844E+02 0.4426E+02 0.3751E+02 0.2968E+02 0.2633E+02 0.2639E+02 0.2640E+02 0.2566E+02 0.2585E+02 0.2362E+02 0.2440E+02 0.2509E+02 0.2690E+02 0.2682E+02 0.2616E+02 0.2442E+02 0.2355E+02 0.2316E+02 0.2381E+02 0.2321E+02 0.2336E+02 0.2344E+02 0.2402E+02 0.2469E+02 0.2673E+02 0.3837E+02 0.2731E+02 0.2665E+02 0.2912E+02 0.3041E+02 0.2821E+02 0.2817E+02 0.2586E+02 0.2524E+02 0.2569E+02 0.2695E+02 0.2754E+02 0.3039E+02 0.3466E+02 0.2819E+02 0.2644E+02 0.2408E+02 0.2284E+02 0.2160E+02 0.2103E+02 0.2082E+02 0.2039E+02 0.1986E+02 0.1984E+02 0.2044E+02
0.1765E+02 0.2000E+02 0.2666E+02 0.3087E+02 0.3201E+02 0.4986E+02 0.7025E+02 0.6665E+02 0.5151E+02 0.2992E+02 0.2547E+02 0.2579E+02 0.2545E+02 0.2449E+02 0.2396E+02 0.2470E+02 0.2344E+02 0.2409E+02 0.2560E+02 0.2992E+02 0.2617E+02 0.2445E+02 0.2349E+02 0.2378E+02 0.2347E+02 0.2310E+02 0.2348E+02 0.2375E+02 0.2456E+02 0.2497E+02 0.2665E+02 0.3631E+02 0.3092E+02 0.2984E+02 0.2856E+02 0.2994E+02 0.2875E+02 0.2885E+02 0.2962E+02 0.2898E+02 0.3000E+02 0.3132E+02 0.3710E+02 0.3349E+02 0.2637E+02 0.2552E+02 0.2452E+02 0.2314E+02 0.2227E+02 0.2129E+02 0.2089E+02 0.2047E+02 0.1998E+02 0.1993E+02 0.2007E+02 0.1993E+02
0.1780E+02 0.1985E+02 0.2406E+02 0.2605E+02 0.2814E+02 0.4835E+02 0.4949E+02 0.3877E+02 0.3163E+02 0.2762E+02 0.2458E+02 0.2626E+02 0.2557E+02 0.2404E+02 0.2369E+02 0.2362E+02 0.2362E+02 0.2364E+02 0.2475E+02 0.2933E+02 0.2699E+02 0.2469E+02 0.2464E+02 0.2355E+02 0.2321E+02 0.2351E+02 0.2396E+02 0.2447E+02 0.2513E+02 0.2648E+02 0.2668E+02 0.2927E+02 0.4319E+02 0.3104E+02 0.2923E+02 0.3195E+02 0.3095E+02 0.3222E+02 0.3805E+02 0.4113E+02 0.4256E+02 0.3900E+02 0.3232E+02 0.2805E+02 0.2644E+02 0.2567E+02 0.2331E+02 0.2347E+02 0.2236E+02 0.2144E+02 0.2048E+02 0.2035E+02 0.2025E+02 0.2014E+02 0.1982E+02 0.1990E+02
0.1765E+02 0.1887E+02 0.2054E+02 0.2240E+02 0.2626E+02 0.3142E+02 0.2873E+02 0.2827E+02 0.2907E+02 0.2800E+02 0.2723E+02 0.2791E+02 0.2751E+02 0.2761E+02 0.2469E+02 0.2386E+02 0.2386E+02 0.2389E+02 0.2489E+02 0.2680E+02 0.3015E+02 0.2517E+02 0.2518E+02 0.2379E+02 0.2355E+02 0.2368E+02 0.2472E+02 0.2662E+02 0.2755E+02 0.2827E+02 0.2903E+02 0.3111E+02 0.3506E+02 0.3708E+02 0.3318E+02 0.4463E+02 0.4253E+02 0.4009E+02 0.3172E+02 0.2946E+02 0.4043E+02 0.3165E+02 0.2884E+02 0.2752E+02 0.2658E+02 0.2528E+02 0.2341E+02 0.2369E+02 0.2205E+02 0.2146E+02 0.2085E+02 0.2086E+02 0.2057E+02 0.2049E+02 0.2020E+02 0.2015E+02
0.1739E+02 0.1816E+02 0.1886E+02 0.2003E+02 0.2151E+02 0.2395E+02 0.2717E+02 0.2602E+02 0.2261E+02 0.2222E+02 0.2381E+02 0.2209E+02 0.2195E+02 0.2246E+02 0.2477E+02 0.2630E+02 0.2385E+02 0.2448E+02 0.2440E+02 0.2630E+02 0.2793E+02 0.3115E+02 0.2658E+02 0.2502E+02 0.2487E+02 0.2491E+02 0.2603E+02 0.2928E+02 0.3168E+02 0.3269E+02 0.3627E+02 0.3616E+02 0.3387E+02 0.4772E+02 0.4217E+02 0.3692E+02 0.3579E+02 0.3486E+02 0.3170E+02 0.2941E+02 0.4033E+02 0.3064E+02 0.2988E+02 0.2958E+02 0.2795E+02 0.2610E+02 0.2469E+02 0.2431E+02 0.2225E+02 0.2169E+02 0.2170E+02 0.2099E+02 0.2100E+02 0.2199E+02 0.2093E+02 0.2100E+02
0.1703E+02 0.1759E+02 0.1814E+02 0.1877E+02 0.1947E+02 0.2012E+02 0.2056E+02 0.2067E+02 0.2014E+02 0.2074E+02 0.2200E+02 0.2163E+02 0.2095E+02 0.2114E+02 0.2179E+02 0.2555E+02 0.2520E+02 0.2376E+02 0.2437E+02 0.2482E+02 0.2756E+02 0.2831E+02 0.3158E+02 0.3139E+02 0.3138E+02 0.3090E+02 0.3297E+02 0.3592E+02 0.4027E+02 0.3700E+02 0.3257E+02 0.3960E+02 0.4272E+02 0.3435E+02 0.3451E+02 0.3720E+02 0.3824E+02 0.3763E+02 0.3493E+02 0.3229E+02 0.4331E+02 0.3146E+02 0.3331E+02 0.2951E+02 0.2791E+02 0.2721E+02 0.2520E+02 0.2348E+02 0.2295E+02 0.2259E+02 0.2331E+02 0.2191E+02 0.2191E+02 0.2091E+02 0.2148E+02 0.2203E+02
0.1669E+02 0.1712E+02 0.1750E+02 0.1785E+02 0.1823E+02 0.1855E+02 0.1881E+02 0.1909E+02 0.1964E+02 0.2082E+02 0.2195E+02 0.2195E+02 0.2140E+02 0.2169E+02 0.2148E+02 0.2206E+02 0.2514E+02 0.2621E+02 0.2475E+02 0.2616E+02 0.2648E+02 0.2666E+02 0.2648E+02 0.2651E+02 0.2658E+02 0.2922E+02 0.3197E+02 0.3109E+02 0.3758E+02 0.3591E+02 0.3336E+02 0.3587E+02 0.3416E+02 0.3448E+02 0.3616E+02 0.3825E+02 0.3921E+02 0.3936E+02 0.3620E+02 0.3661E+02 0.4867E+02 0.3550E+02 0.3062E+02 0.3200E+02 0.2915E+02 0.2659E+02 0.2501E+02 0.2443E+02 0.2452E+02 0.2390E+02 0.2309E+02 0.2183E+02 0.2135E+02 0.2117E+02 0.2140E+02 0.2242E+02
0.1642E+02 0.1673E+02 0.1702E+02 0.1721E+02 0.1747E+02 0.1772E+02 0.1803E+02 0.1855E+02 0.1917E+02 0.1975E+02 0.1980E+02 0.2075E+02 0.2057E+02 0.2088E+02 0.2348E+02 0.2254E+02 0.2219E+02 0.2633E+02 0.3142E+02 0.3064E+02 0.2925E+02 0.2782E+02 0.2785E+02 0.2774E+02 0.2781E+02 0.3063E+02 0.3140E+02 0.3259E+02 0.3424E+02 0.4186E+02 0.3387E+02 0.3319E+02 0.3353E+02 0.3477E+02 0.3545E+02 0.3825E+02 0.3587E+02 0.3588E+02 0.3407E+02 0.3392E+02 0.4669E+02 0.3620E+02 0.3115E+02 0.3008E+02 0.2837E+02 0.2704E+02 0.2599E+02 0.2447E+02 0.2325E+02 0.2313E+02 0.2333E+02 0.2249E+02 0.2192E+02 0.2206E+02 0.2336E+02 0.2303E+02
0.1619E+02 0.1644E+02 0.1664E+02 0.1677E+02 0.1699E+02 0.1734E+02 0.1810E+02 0.1833E+02 0.1880E+02 0.1960E+02 0.1983E+02 0.1977E+02 0.1987E+02 0.2044E+02 0.2241E+02 0.2282E+02 0.2383E+02 0.2515E+02 0.2442E+02 0.2783E+02 0.3052E+02 0.3352E+02 0.2969E+02 0.2930E+02 0.2910E+02 0.3053E+02 0.3103E+02 0.3137E+02 0.3221E+02 0.4255E+02 0.3316E+02 0.3377E+02 0.3489E+02 0.4273E+02 0.3411E+02 0.3548E+02 0.3443E+02 0.3345E+02 0.3338E+02 0.3354E+02 0.3291E+02 0.4530E+02 0.3310E+02 0.2999E+02 0.2873E+02 0.2682E+02 0.2653E+02 0.2556E+02 0.2413E+02 0.2393E+02 0.2573E+02 0.2461E+02 0.2374E+02 0.2393E+02 0.2174E+02 0.2147E+02
0.1598E+02 0.1619E+02 0.1634E+02 0.1645E+02 0.1665E+02 0.1693E+02 0.1771E+02 0.1825E+02 0.1882E+02 0.1924E+02 0.1937E+02 0.1908E+02 0.1944E+02 0.1953E+02 0.2064E+02 0.2117E+02 0.2284E+02 0.2279E+02 0.2430E+02 0.2851E+02 0.2988E+02 0.3397E+02 0.2917E+02 0.2904E+02 0.2918E+02 0.3178E+02 0.2972E+02 0.2997E+02 0.3061E+02 0.3803E+02 0.3202E+02 0.3644E+02 0.3797E+02 0.4129E+02 0.3238E+02 0.3190E+02 0.3239E+02 0.3501E+02 0.3177E+02 0.3102E+02 0.3124E+02 0.3161E+02 0.4262E+02 0.3151E+02 0.2764E+02 0.2910E+02 0.2902E+02 0.2680E+02 0.2580E+02 0.2619E+02 0.2530E+02 0.2332E+02 0.2241E+02 0.2234E+02 0.2215E+02 0.2124E+02
0.1584E+02 0.1603E+02 0.1615E+02 0.1623E+02 0.1644E+02 0.1674E+02 0.1730E+02 0.1915E+02 0.2016E+02 0.1972E+02 0.1940E+02 0.1907E+02 0.1904E+02 0.1931E+02 0.2047E+02 0.2086E+02 0.2226E+02 0.2182E+02 0.2374E+02 0.2625E+02 0.2792E+02 0.3290E+02 0.2945E+02 0.2832E+02 0.2920E+02 0.3077E+02 0.3363E+02 0.3772E+02 0.3860E+02 0.4262E+02 0.4506E+02 0.4997E+02 0.5350E+02 0.3954E+02 0.3222E+02 0.3170E+02 0.3071E+02 0.3139E+02 0.3334E+02 0.3187E+02 0.3136E+02 0.3069E+02 0.4801E+02 0.3318E+02 0.3087E+02 0.2934E+02 0.2965E+02 0.2616E+02 0.2481E+02 0.2423E+02 0.2350E+02 0.2299E+02 0.2246E+02 0.2197E+02 0.2226E+02 0.2106E+02
0.1575E+02 0.1590E+02 0.1601E+02 0.1607E+02 0.1635E+02 0.1668E+02 0.1702E+02 0.1783E+02 0.1875E+02 0.1865E+02 0.1915E+02 0.1986E+02 0.1910E+02 0.1934E+02 0.2141E+02 0.2156E+02 0.2062E+02 0.2122E+02 0.2402E+02 0.2475E+02 0.2564E+02 0.2911E+02 0.3466E+02 0.3427E+02 0.3860E+02 0.4018E+02 0.3367E+02 0.3113E+02 0.3098E+02 0.2988E+02 0.2929E+02 0.2968E+02 0.3816E+02 0.4397E+02 0.4068E+02 0.2957E+02 0.2930E+02 0.3532E+02 0.3960E+02 0.3550E+02 0.3311E+02 0.4444E+02 0.4292E+02 0.4557E+02 0.3075E+02 0.2982E+02 0.2917E+02 0.2950E+02 0.2774E+02 0.2616E+02 0.2387E+02 0.2317E+02 0.2267E+02 0.2247E+02 0.2307E+02 0.2228E+02
0.1565E+02 0.1582E+02 0.1593E+02 0.1601E+02 0.1628E+02 0.1663E+02 0.1692E+02 0.1738E+02 0.1799E+02 0.1866E+02 0.1977E+02 0.2058E+02 0.2025E+02 0.2087E+02 0.2128E+02 0.2025E+02 0.2111E+02 0.2246E+02 0.2163E+02 0.2340E+02 0.2556E+02 0.2632E+02 0.2737E+02 0.2810E+02 0.3093E+02 0.2791E+02 0.3043E+02 0.3024E+02 0.2867E+02 0.2894E+02 0.2879E+02 0.2888E+02 0.2947E+02 0.3000E+02 0.2969E+02 0.3699E+02 0.3674E+02 0.3154E+02 0.3381E+02 0.3513E+02 0.3672E+02 0.3050E+02 0.2944E+02 0.3231E+02 0.4390E+02 0.3336E+02 0.3440E+02 0.3502E+02 0.3666E+02 0.3179E+02 0.2603E+02 0.2501E+02 0.2368E+02 0.2434E+02 0.2318E+02 0.2218E+02
0.1558E+02 0.1567E+02 0.1586E+02 0.1582E+02 0.1613E+02 0.1664E+02 0.1702E+02 0.1770E+02 0.1939E+02 0.2024E+02 0.1871E+02 0.1881E+02 0.2024E+02 0.2082E+02 0.2205E+02 0.2150E+02 0.2101E+02 0.2044E+02 0.2063E+02 0.2133E+02 0.2211E+02 0.2233E+02 0.2288E+02 0.2358E+02 0.2713E+02 0.2770E+02 0.2859E+02 0.2807E+02 0.2814E+02 0.2613E+02 0.2629E+02 0.2586E+02 0.2637E+02 0.2582E+02 0.2567E+02 0.2614E+02 0.2673E+02 0.2799E+02 0.3391E+02 0.3015E+02 0.2869E+02 0.2815E+02 0.2737E+02 0.2680E+02 0.3335E+02 0.3321E+02 0.2770E+02 0.2940E+02 0.3057E+02 0.3432E+02 0.3342E+02 0.2612E+02 0.2511E+02 0.2525E+02 0.2419E+02 0.2360E+02
0.1593E+02 0.1623E+02 0.1627E+02 0.1624E+02 0.1642E+02 0.1693E+02 0.1788E+02 0.1935E+02 0.1779E+02 0.1868E+02 0.1851E+02 0.1877E+02 0.2174E+02 0.2235E+02 0.2249E+02 0.2122E+02 0.1955E+02 0.1986E+02 0.2008E+02 0.2028E+02 0.2103E+02 0.2102E+02 0.2134E+02 0.2209E+02 0.2391E+02 0.2638E+02 0.2723E+02 0.2709E+02 0.2571E+02 0.2581E+02 0.2585E+02 0.2598E+02 0.2617E+02 0.2452E+02 0.2466E+02 0.2498E+02 0.2548E+02 0.2654E+02 0.3522E+02 0.2949E+02 0.2751E+02 0.2665E+02 0.2636E+02 0.2616E+02 0.2729E+02 0.3815E+02 0.2868E+02 0.2854E+02 0.2751E+02 0.2830E+02 0.3197E+02 0.3545E+02 0.3366E+02 0.2692E+02 0.2503E+02 0.2371E+02
0.1630E+02 0.1650E+02 0.1644E+02 0.1650E+02 0.1704E+02 0.1831E+02 0.1969E+02 0.1764E+02 0.1726E+02 0.1751E+02 0.1858E+02 0.1885E+02 0.2057E+02 0.2205E+02 0.2166E+02 0.1945E+02 0.1949E+02 0.1931E+02 0.1955E+02 0.1986E+02 0.2033E+02 0.2053E+02 0.2109E+02 0.2109E+02 0.2192E+02 0.2463E+02 0.2484E+02 0.2406E+02 0.2432E+02 0.2277E+02 0.2333E+02 0.2369E+02 0.2382E+02 0.2550E+02 0.2588E+02 0.2637E+02 0.2682E+02 0.2789E+02 0.3452E+02 0.2765E+02 0.2683E+02 0.2667E+02 0.2570E+02 0.2454E+02 0.2566E+02 0.3307E+02 0.3598E+02 0.2883E+02 0.2825E+02 0.2844E+02 0.2911E+02 0.2992E+02 0.3472E+02 0.3554E+02 0.3594E+02 0.2821E+02
0.1710E+02 0.1749E+02 0.1774E+02 0.1662E+02 0.1704E+02 0.1967E+02 0.1936E+02 0.1740E+02 0.1694E+02 0.1704E+02 0.1724E+02 0.1756E+02 0.1857E+02 0.1895E+02 0.1948E+02 0.1885E+02 0.1903E+02 0.1919E+02 0.1910E+02 0.1915E+02 0.2069E+02 0.2150E+02 0.2015E+02 0.2078E+02 0.2133E+02 0.2173E+02 0.2267E+02 0.2201E+02 0.2191E+02 0.2205E+02 0.2395E+02 0.2486E+02 0.2535E+02 0.2625E+02 0.2663E+02 0.2620E+02 0.2658E+02 0.3043E+02 0.2890E+02 0.2403E+02 0.2366E+02 0.2526E+02 0.2478E+02 0.2457E+02 0.2522E+02 0.2785E+02 0.3770E+02 0.3017E+02 0.3005E+02 0.2995E+02 0.2984E+02 0.3104E+02 0.3158E+02 0.2818E+02 0.2715E+02 0.3028E+02
0.1625E+02 0.1617E+02 0.1663E+02 0.1749E+02 0.1856E+02 0.1846E+02 0.1727E+02 0.1690E+02 0.1668E+02 0.1670E+02 0.1682E+02 0.1697E+02 0.1720E+02 0.1778E+02 0.1794E+02 0.1839E+02 0.1835E+02 0.1848E+02 0.1871E+02 0.1866E+02 0.1885E+02 0.1927E+02 0.1950E+02 0.1955E+02 0.2028E+02 0.2087E+02 0.2207E+02 0.2197E+02 0.2168E+02 0.2177E+02 0.2289E+02 0.2452E+02 0.2395E+02 0.2413E+02 0.2394E+02 0.2391E+02 0.2934E+02 0.3112E+02 0.2392E+02 0.2299E+02 0.2271E+02 0.2321E+02 0.2523E+02 0.2463E+02 0.2690E+02 0.2770E+02 0.3461E+02 0.4000E+02 0.3381E+02 0.3146E+02 0.2911E+02 0.2781E+02 0.3057E+02 0.2540E+02 0.2346E+02 0.2454E+02
0.1549E+02 0.1562E+02 0.1588E+02 0.1633E+02 0.1859E+02 0.1816E+02 0.1698E+02 0.1686E+02 0.1699E+02 0.1713E+02 0.1718E+02 0.1713E+02 0.1722E+02 0.1728E+02 0.1749E+02 0.1768E+02 0.1802E+02 0.1830E+02 0.1847E+02 0.1853E+02 0.1871E+02 0.1889E+02 0.1931E+02 0.1955E+02 0.1990E+02 0.2014E+02 0.2052E+02 0.2050E+02 0.2055E+02 0.2052E+02 0.2105E+02 0.2148E+02 0.2161E+02 0.2305E+02 0.2343E+02 0.2836E+02 0.2580E+02 0.2348E+02 0.2464E+02 0.2379E+02 0.2254E+02 0.2306E+02 0.2505E+02 0.2521E+02 0.2595E+02 0.2745E+02 0.2874E+02 0.3363E+02 0.3998E+02 0.3198E+02 0.3055E+02 0.3069E+02 0.2667E+02 0.2355E+02 0.2181E+02 0.2172E+02
0.1518E+02 0.1525E+02 0.1539E+02 0.1584E+02 0.1690E+02 0.1769E+02 0.1737E+02 0.1754E+02 0.1749E+02 0.1735E+02 0.1741E+02 0.1745E+02 0.1715E+02 0.1717E+02 0.1728E+02 0.1743E+02 0.1755E+02 0.1772E+02 0.1809E+02 0.1855E+02 0.1872E+02 0.1883E+02 0.1983E+02 0.1933E+02 0.1939E+02 0.1968E+02 0.1980E+02 0.1977E+02 0.2024E+02 0.2015E+02 0.2030E+02 0.2112E+02 0.2190E+02 0.2695E+02 0.2759E+02 0.2276E+02 0.2350E+02 0.2208E+02 0.2155E+02 0.2178E+02 0.2376E+02 0.2369E+02 0.2296E+02 0.2290E+02 0.2322E+02 0.2475E+02 0.2931E+02 0.2823E+02 0.3920E+02 0.3155E+02 0.3167E+02 0.2979E+02 0.2640E+02 0.2410E+02 0.2153E+02 0.2114E+02
0.1513E+02 0.1515E+02 0.1526E+02 0.1543E+02 0.1648E+02 0.1674E+02 0.1803E+02 0.1810E+02 0.1743E+02 0.1713E+02 0.1740E+02 0.1741E+02 0.1748E+02 0.1748E+02 0.1727E+02 0.1732E+02 0.1745E+02 0.1759E+02 0.1784E+02 0.1817E+02 0.1837E+02 0.1855E+02 0.1855E+02 0.1878E+02 0.1895E+02 0.1924E+02 0.1937E+02 0.1929E+02 0.1996E+02 0.1978E+02 0.2018E+02 0.2098E+02 0.2631E+02 0.2431E+02 0.2279E+02 0.2181E+02 0.2116E+02 0.2095E+02 0.2090E+02 0.2109E+02 0.2140E+02 0.2380E+02 0.2405E+02 0.2257E+02 0.2268E+02 0.2489E+02 0.2820E+02 0.2755E+02 0.3542E+02 0.3192E+02 0.2725E+02 0.2508E+02 0.2269E+02 0.2203E+02 0.2109E+02 0.2160E+02
0.1515E+02 0.1545E+02 0.1556E+02 0.1569E+02 0.1595E+02 0.1657E+02 0.1676E+02 0.1754E+02 0.1875E+02 0.1733E+02 0.1718E+02 0.1730E+02 0.1737E+02 0.1765E+02 0.1766E+02 0.1770E+02 0.1769E+02 0.1752E+02 0.1762E+02 0.1795E+02 0.1809E+02 0.1837E+02 0.1841E+02 0.1844E+02 0.1858E+02 0.1898E+02 0.1892E+02 0.1923E+02 0.1966E+02 0.1984E+02 0.2016E+02 0.2114E+02 0.2605E+02 0.2236E+02 0.2170E+02 0.2095E+02 0.2065E+02 0.2059E+02 0.2049E+02 0.2065E+02 0.2114E+02 0.2223E+02 0.2171E+02 0.2272E+02 0.2372E+02 0.2646E+02 0.2894E+02 0.2969E+02 0.3556E+02 0.2960E+02 0.2555E+02 0.2323E+02 0.2164E+02 0.2090E+02 0.2088E+02 0.2178E+02
0.1531E+02 0.1539E+02 0.1551E+02 0.1565E+02 0.1576E+02 0.1629E+02 0.1664E+02 0.1705E+02 0.1811E+02 0.1846E+02 0.1748E+02 0.1734E+02 0.1752E+02 0.1797E+02 0.1812E+02 0.1836E+02 0.1802E+02 0.1760E+02 0.1754E+02 0.1768E+02 0.1794E+02 0.1810E+02 0.1825E+02 0.1839E+02 0.1835E+02 0.1845E+02 0.1896E+02 0.1901E+02 0.1933E+02 0.1982E+02 0.2016E+02 0.2102E+02 0.2592E+02 0.2202E+02 0.2143E+02 0.2050E+02 0.2048E+02 0.2049E+02 0.2056E+02 0.2062E+02 0.2104E+02 0.2214E+02 0.2112E+02 0.2157E+02 0.2222E+02 0.2462E+02 0.2865E+02 0.3324E+02 0.3581E+02 0.2529E+02 0.2321E+02 0.2183E+02 0.2072E+02 0.2067E+02 0.2146E+02 0.2076E+02
