Data/conc_O3_RR2020_2002.asc
NCOLS          280
NROWS          320
XLLCORNER            0
YLLCORNER       300000
CELLSIZE         1000
NODATA_VALUE  -0.9990E+03
[rows 200 to 224 of 320, columns 0 to 55 of 280]
-0.9990E+03 -0.9990E+03 -0.9990E+03 -0.9990E+03 -0.9990E+03 -0.9990E+03 -0.9990E+03 -0.9990E+03 -0.9990E+03 -0.9990E+03 -0.9990E+03 -0.9990E+03 -0.9990E+03 -0.9990E+03 -0.9990E+03 -0.9990E+03 -0.9990E+03 -0.9990E+03 -0.9990E+03 -0.9990E+03 -0.9990E+03 -0.9990E+03 -0.9990E+03 -0.9990E+03 -0.9990E+03 -0.9990E+03 0.5220E+02 0.5217E+02 0.5213E+02 0.5209E+02 0.5206E+02 0.5229E+02 0.5226E+02 0.5224E+02 0.5217E+02 0.5209E+02 0.5204E+02 0.5199E+02 0.5194E+02 0.5189E+02 0.5182E+02 0.5178E+02 0.5170E+02 0.5156E+02 0.5145E+02 0.5135E+02 0.5124E+02 0.5032E+02 0.5046E+02 0.5017E+02 0.5051E+02 0.5071E+02 0.5069E+02 0.5063E+02 0.5055E+02 0.5046E+02
-0.9990E+03 -0.9990E+03 -0.9990E+03 -0.9990E+03 -0.9990E+03 -0.9990E+03 -0.9990E+03 -0.9990E+03 -0.9990E+03 -0.9990E+03 -0.9990E+03 -0.9990E+03 -0.9990E+03 -0.9990E+03 -0.9990E+03 -0.9990E+03 -0.9990E+03 -0.9990E+03 -0.9990E+03 -0.9990E+03 -0.9990E+03 -0.9990E+03 -0.9990E+03 -0.9990E+03 0.5225E+02 0.5222E+02 0.5216E+02 0.5214E+02 0.5210E+02 0.5207E+02 0.5204E+02 0.5201E+02 0.5198E+02 0.5195E+02 0.5190E+02 0.5184E+02 0.5179E+02 0.5202E+02 0.5197E+02 0.5191E+02 0.5184E+02 0.5176E+02 0.5158E+02 0.5124E+02 0.5116E+02 0.5123E+02 0.5123E+02 0.5045E+02 0.5084E+02 0.5083E+02 0.5075E+02 0.5057E+02 0.5068E+02 0.5063E+02 0.5051E+02 0.5025E+02
-0.9990E+03 -0.9990E+03 -0.9990E+03 -0.9990E+03 -0.9990E+03 -0.9990E+03 -0.9990E+03 -0.9990E+03 -0.9990E+03 -0.9990E+03 -0.9990E+03 -0.9990E+03 -0.9990E+03 -0.9990E+03 -0.9990E+03 -0.9990E+03 -0.9990E+03 -0.9990E+03 -0.9990E+03 -0.9990E+03 -0.9990E+03 -0.9990E+03 -0.9990E+03 0.5222E+02 0.5222E+02 0.5219E+02 0.5215E+02 0.5212E+02 0.5209E+02 0.5205E+02 0.5202E+02 0.5197E+02 0.5195E+02 0.5193E+02 0.5188E+02 0.5182E+02 0.5178E+02 0.5171E+02 0.5168E+02 0.5165E+02 0.5130E+02 0.5106E+02 0.5090E+02 0.5036E+02 0.5098E+02 0.5083E+02 0.5081E+02 0.5047E+02 0.5000E+02 0.5049E+02 0.5045E+02 0.5044E+02 0.5034E+02 0.5037E+02 0.5041E+02 0.5020E+02
-0.9990E+03 -0.9990E+03 -0.9990E+03 -0.9990E+03 -0.9990E+03 -0.9990E+03 -0.9990E+03 -0.9990E+03 -0.9990E+03 -0.9990E+03 -0.9990E+03 -0.9990E+03 -0.9990E+03 -0.9990E+03 -0.9990E+03 -0.9990E+03 -0.9990E+03 -0.9990E+03 -0.9990E+03 -0.9990E+03 -0.9990E+03 -0.9990E+03 0.5223E+02 0.5220E+02 0.5220E+02 0.5217E+02 0.5211E+02 0.5209E+02 0.5205E+02 0.5202E+02 0.5199E+02 0.5196E+02 0.5192E+02 0.5189E+02 0.5186E+02 0.5180E+02 0.5174E+02 0.5165E+02 0.5132E+02 0.5121E+02 0.5109E+02 0.5095E+02 0.5066E+02 0.5039E+02 0.5011E+02 0.5040E+02 0.4999E+02 0.5027E+02 0.5041E+02 0.5056E+02 0.5055E+02 0.5045E+02 0.5032E+02 0.4993E+02 0.5024E+02 0.5013E+02
-0.9990E+03 -0.9990E+03 -0.9990E+03 -0.9990E+03 -0.9990E+03 -0.9990E+03 -0.9990E+03 -0.9990E+03 -0.9990E+03 -0.9990E+03 -0.9990E+03 -0.9990E+03 -0.9990E+03 -0.9990E+03 -0.9990E+03 -0.9990E+03 -0.9990E+03 -0.9990E+03 -0.9990E+03 -0.9990E+03 -0.9990E+03 0.5221E+02 0.5220E+02 0.5217E+02 0.5218E+02 0.5215E+02 0.5209E+02 0.5205E+02 0.5201E+02 0.5198E+02 0.5195E+02 0.5192E+02 0.5189E+02 0.5186E+02 0.5181E+02 0.5177E+02 0.5169E+02 0.5136E+02 0.5074E+02 0.5093E+02 0.5073E+02 0.5079E+02 0.5067E+02 0.5038E+02 0.5041E+02 0.5014E+02 0.4997E+02 0.5035E+02 0.5018E+02 0.5012E+02 0.5019E+02 0.5013E+02 0.5029E+02 0.5019E+02 0.5012E+02 0.5007E+02
-0.9990E+03 -0.9990E+03 -0.9990E+03 -0.9990E+03 -0.9990E+03 -0.9990E+03 -0.9990E+03 -0.9990E+03 -0.9990E+03 -0.9990E+03 -0.9990E+03 -0.9990E+03 -0.9990E+03 -0.9990E+03 -0.9990E+03 -0.9990E+03 -0.9990E+03 -0.9990E+03 -0.9990E+03 -0.9990E+03 0.5219E+02 0.5218E+02 0.5216E+02 0.5215E+02 0.5214E+02 0.5211E+02 0.5207E+02 0.5202E+02 0.5198E+02 0.5194E+02 0.5192E+02 0.5189E+02 0.5186E+02 0.5182E+02 0.5178E+02 0.5171E+02 0.5164E+02 0.5124E+02 0.5099E+02 0.5095E+02 0.5036E+02 0.5058E+02 0.5049E+02 0.5048E+02 0.5043E+02 0.5003E+02 0.5014E+02 0.5016E+02 0.5016E+02 0.5014E+02 0.5014E+02 0.5003E+02 0.4999E+02 0.4988E+02 0.5007E+02 0.4983E+02
-0.9990E+03 -0.9990E+03 -0.9990E+03 -0.9990E+03 -0.9990E+03 -0.9990E+03 -0.9990E+03 -0.9990E+03 -0.9990E+03 -0.9990E+03 -0.9990E+03 -0.9990E+03 -0.9990E+03 -0.9990E+03 -0.9990E+03 -0.9990E+03 -0.9990E+03 -0.9990E+03 -0.9990E+03 0.5218E+02 0.5218E+02 0.5214E+02 0.5213E+02 0.5211E+02 0.5211E+02 0.5206E+02 0.5202E+02 0.5198E+02 0.5194E+02 0.5190E+02 0.5188E+02 0.5184E+02 0.5182E+02 0.5178E+02 0.5173E+02 0.5166E+02 0.5158E+02 0.5113E+02 0.5107E+02 0.5096E+02 0.5048E+02 0.4965E+02 0.5016E+02 0.5022E+02 0.5021E+02 0.4995E+02 0.4975E+02 0.5017E+02 0.5019E+02 0.5019E+02 0.5011E+02 0.4999E+02 0.4998E+02 0.4984E+02 0.4975E+02 0.4969E+02
-0.9990E+03 -0.9990E+03 -0.9990E+03 -0.9990E+03 -0.9990E+03 -0.9990E+03 -0.9990E+03 -0.9990E+03 -0.9990E+03 -0.9990E+03 -0.9990E+03 -0.9990E+03 -0.9990E+03 -0.9990E+03 -0.9990E+03 -0.9990E+03 -0.9990E+03 -0.9990E+03 0.5217E+02 0.5216E+02 0.5214E+02 0.5212E+02 0.5210E+02 0.5208E+02 0.5208E+02 0.5204E+02 0.5199E+02 0.5196E+02 0.5191E+02 0.5187E+02 0.5183E+02 0.5179E+02 0.5178E+02 0.5175E+02 0.5166E+02 0.5147E+02 0.5139E+02 0.5074E+02 0.5056E+02 0.5086E+02 0.4994E+02 0.4982E+02 0.5046E+02 0.5048E+02 0.5057E+02 0.5068E+02 0.5055E+02 0.4987E+02 0.4990E+02 0.5020E+02 0.5011E+02 0.5014E+02 0.5000E+02 0.4991E+02 0.4958E+02 0.4976E+02
-0.9990E+03 -0.9990E+03 -0.9990E+03 -0.9990E+03 -0.9990E+03 -0.9990E+03 -0.9990E+03 -0.9990E+03 -0.9990E+03 -0.9990E+03 -0.9990E+03 -0.9990E+03 -0.9990E+03 -0.9990E+03 -0.9990E+03 -0.9990E+03 -0.9990E+03 0.5215E+02 0.5213E+02 0.5210E+02 0.5210E+02 0.5207E+02 0.5206E+02 0.5206E+02 0.5205E+02 0.5200E+02 0.5194E+02 0.5191E+02 0.5188E+02 0.5182E+02 0.5178E+02 0.5174E+02 0.5173E+02 0.5159E+02 0.5145E+02 0.5135E+02 0.5128E+02 0.5099E+02 0.5039E+02 0.5029E+02 0.5018E+02 0.5055E+02 0.5055E+02 0.5077E+02 0.5082E+02 0.5079E+02 0.5071E+02 0.5049E+02 0.5027E+02 0.4990E+02 0.5016E+02 0.5003E+02 0.5000E+02 0.5000E+02 0.4974E+02 0.4966E+02
-0.9990E+03 -0.9990E+03 -0.9990E+03 -0.9990E+03 -0.9990E+03 -0.9990E+03 -0.9990E+03 -0.9990E+03 -0.9990E+03 -0.9990E+03 -0.9990E+03 -0.9990E+03 -0.9990E+03 -0.9990E+03 -0.9990E+03 -0.9990E+03 0.5214E+02 0.5211E+02 0.5208E+02 0.5207E+02 0.5206E+02 0.5206E+02 0.5202E+02 0.5201E+02 0.5200E+02 0.5196E+02 0.5191E+02 0.5186E+02 0.5182E+02 0.5179E+02 0.5174E+02 0.5160E+02 0.5159E+02 0.5154E+02 0.5140E+02 0.5129E+02 0.5121E+02 0.5114E+02 0.5078E+02 0.5044E+02 0.5042E+02 0.5072E+02 0.5096E+02 0.5089E+02 0.5088E+02 0.5084E+02 0.5080E+02 0.5073E+02 0.5062E+02 0.5016E+02 0.4986E+02 0.5011E+02 0.5004E+02 0.4992E+02 0.4969E+02 0.4952E+02
-0.9990E+03 -0.9990E+03 -0.9990E+03 -0.9990E+03 -0.9990E+03 -0.9990E+03 -0.9990E+03 -0.9990E+03 -0.9990E+03 -0.9990E+03 -0.9990E+03 -0.9990E+03 -0.9990E+03 -0.9990E+03 0.5206E+02 0.5209E+02 0.5209E+02 0.5207E+02 0.5205E+02 0.5202E+02 0.5202E+02 0.5200E+02 0.5198E+02 0.5196E+02 0.5196E+02 0.5192E+02 0.5187E+02 0.5183E+02 0.5178E+02 0.5173E+02 0.5161E+02 0.5155E+02 0.5155E+02 0.5150E+02 0.5136E+02 0.5126E+02 0.5118E+02 0.5110E+02 0.5096E+02 0.5051E+02 0.5086E+02 0.5101E+02 0.5104E+02 0.5091E+02 0.5090E+02 0.5086E+02 0.5082E+02 0.5076E+02 0.5067E+02 0.5057E+02 0.4997E+02 0.4967E+02 0.4988E+02 0.4968E+02 0.4974E+02 0.4977E+02
-0.9990E+03 -0.9990E+03 -0.9990E+03 -0.9990E+03 -0.9990E+03 -0.9990E+03 -0.9990E+03 -0.9990E+03 -0.9990E+03 -0.9990E+03 -0.9990E+03 -0.9990E+03 -0.9990E+03 0.5204E+02 0.5202E+02 0.5206E+02 0.5206E+02 0.5202E+02 0.5200E+02 0.5197E+02 0.5198E+02 0.5195E+02 0.5193E+02 0.5194E+02 0.5191E+02 0.5187E+02 0.5181E+02 0.5178E+02 0.5166E+02 0.5160E+02 0.5156E+02 0.5152E+02 0.5151E+02 0.5146E+02 0.5131E+02 0.5121E+02 0.5113E+02 0.5106E+02 0.5096E+02 0.5042E+02 0.5083E+02 0.5101E+02 0.5092E+02 0.5092E+02 0.5090E+02 0.5086E+02 0.5082E+02 0.5077E+02 0.5070E+02 0.5061E+02 0.5047E+02 0.5005E+02 0.4895E+02 0.4868E+02 0.4912E+02 0.4965E+02
-0.9990E+03 -0.9990E+03 -0.9990E+03 -0.9990E+03 -0.9990E+03 -0.9990E+03 -0.9990E+03 -0.9990E+03 -0.9990E+03 -0.9990E+03 -0.9990E+03 -0.9990E+03 0.5205E+02 0.5202E+02 0.5199E+02 0.5203E+02 0.5200E+02 0.5197E+02 0.5196E+02 0.5193E+02 0.5192E+02 0.5190E+02 0.5189E+02 0.5189E+02 0.5187E+02 0.5183E+02 0.5170E+02 0.5164E+02 0.5161E+02 0.5156E+02 0.5151E+02 0.5147E+02 0.5145E+02 0.5140E+02 0.5127E+02 0.5116E+02 0.5110E+02 0.5102E+02 0.5086E+02 0.5052E+02 0.5089E+02 0.5088E+02 0.5090E+02 0.5090E+02 0.5087E+02 0.5084E+02 0.5081E+02 0.5074E+02 0.5070E+02 0.5062E+02 0.5053E+02 0.5007E+02 0.4911E+02 0.4867E+02 0.4844E+02 0.4904E+02
-0.9990E+03 -0.9990E+03 -0.9990E+03 -0.9990E+03 -0.9990E+03 -0.9990E+03 -0.9990E+03 -0.9990E+03 -0.9990E+03 -0.9990E+03 -0.9990E+03 0.5206E+02 0.5203E+02 0.5200E+02 0.5197E+02 0.5198E+02 0.5197E+02 0.5192E+02 0.5191E+02 0.5188E+02 0.5187E+02 0.5186E+02 0.5186E+02 0.5184E+02 0.5175E+02 0.5171E+02 0.5166E+02 0.5163E+02 0.5158E+02 0.5154E+02 0.5148E+02 0.5145E+02 0.5141E+02 0.5137E+02 0.5123E+02 0.5113E+02 0.5106E+02 0.5082E+02 0.5033E+02 0.5077E+02 0.5076E+02 0.5089E+02 0.5089E+02 0.5088E+02 0.5085E+02 0.5079E+02 0.5075E+02 0.5070E+02 0.5064E+02 0.5058E+02 0.5050E+02 0.5011E+02 0.4986E+02 0.4961E+02 0.4910E+02 0.4960E+02
-0.9990E+03 -0.9990E+03 -0.9990E+03 -0.9990E+03 -0.9990E+03 -0.9990E+03 -0.9990E+03 -0.9990E+03 -0.9990E+03 -0.9990E+03 0.5208E+02 0.5204E+02 0.5200E+02 0.5198E+02 0.5197E+02 0.5195E+02 0.5191E+02 0.5188E+02 0.5184E+02 0.5184E+02 0.5182E+02 0.5182E+02 0.5179E+02 0.5170E+02 0.5170E+02 0.5166E+02 0.5163E+02 0.5159E+02 0.5155E+02 0.5150E+02 0.5146E+02 0.5140E+02 0.5137E+02 0.5131E+02 0.5122E+02 0.5113E+02 0.5101E+02 0.5041E+02 0.5077E+02 0.5075E+02 0.5082E+02 0.5087E+02 0.5086E+02 0.5082E+02 0.5078E+02 0.5076E+02 0.5073E+02 0.5068E+02 0.5062E+02 0.5057E+02 0.5043E+02 0.5018E+02 0.4954E+02 0.4922E+02 0.4964E+02 0.4974E+02
-0.9990E+03 -0.9990E+03 -0.9990E+03 -0.9990E+03 -0.9990E+03 -0.9990E+03 -0.9990E+03 -0.9990E+03 -0.9990E+03 0.5208E+02 0.5206E+02 0.5203E+02 0.5201E+02 0.5198E+02 0.5195E+02 0.5186E+02 0.5180E+02 0.5180E+02 0.5179E+02 0.5178E+02 0.5177E+02 0.5168E+02 0.5166E+02 0.5166E+02 0.5165E+02 0.5162E+02 0.5158E+02 0.5154E+02 0.5150E+02 0.5145E+02 0.5140E+02 0.5136E+02 0.5132E+02 0.5127E+02 0.5119E+02 0.5112E+02 0.5098E+02 0.5066E+02 0.5083E+02 0.5087E+02 0.5085E+02 0.5081E+02 0.5078E+02 0.5077E+02 0.5075E+02 0.5072E+02 0.5067E+02 0.5062E+02 0.5054E+02 0.5048E+02 0.5032E+02 0.4974E+02 0.4937E+02 0.4994E+02 0.5002E+02 0.4986E+02
-0.9990E+03 -0.9990E+03 -0.9990E+03 -0.9990E+03 -0.9990E+03 -0.9990E+03 -0.9990E+03 -0.9990E+03 0.5208E+02 0.5205E+02 0.5203E+02 0.5199E+02 0.5198E+02 0.5195E+02 0.5191E+02 0.5183E+02 0.5174E+02 0.5171E+02 0.5174E+02 0.5165E+02 0.5164E+02 0.5162E+02 0.5161E+02 0.5160E+02 0.5160E+02 0.5157E+02 0.5153E+02 0.5148E+02 0.5143E+02 0.5139E+02 0.5134E+02 0.5128E+02 0.5125E+02 0.5119E+02 0.5113E+02 0.5108E+02 0.5085E+02 0.5077E+02 0.5082E+02 0.5081E+02 0.5078E+02 0.5074E+02 0.5073E+02 0.5070E+02 0.5065E+02 0.5061E+02 0.5057E+02 0.5050E+02 0.5042E+02 0.5030E+02 0.4988E+02 0.4930E+02 0.5002E+02 0.5008E+02 0.4999E+02 0.4987E+02
-0.9990E+03 -0.9990E+03 -0.9990E+03 -0.9990E+03 -0.9990E+03 -0.9990E+03 -0.9990E+03 0.5208E+02 0.5203E+02 0.5201E+02 0.5198E+02 0.5196E+02 0.5194E+02 0.5191E+02 0.5189E+02 0.5182E+02 0.5168E+02 0.5164E+02 0.5159E+02 0.5160E+02 0.5158E+02 0.5157E+02 0.5154E+02 0.5154E+02 0.5155E+02 0.5149E+02 0.5146E+02 0.5143E+02 0.5138E+02 0.5129E+02 0.5126E+02 0.5122E+02 0.5116E+02 0.5106E+02 0.5101E+02 0.5091E+02 0.5026E+02 0.5053E+02 0.5070E+02 0.5075E+02 0.5068E+02 0.5061E+02 0.5052E+02 0.5046E+02 0.5032E+02 0.5033E+02 0.5020E+02 0.5013E+02 0.4964E+02 0.4991E+02 0.4916E+02 0.4998E+02 0.5006E+02 0.5009E+02 0.5002E+02 0.4987E+02
-0.9990E+03 -0.9990E+03 -0.9990E+03 -0.9990E+03 -0.9990E+03 -0.9990E+03 0.5203E+02 0.5205E+02 0.5200E+02 0.5197E+02 0.5194E+02 0.5192E+02 0.5191E+02 0.5189E+02 0.5185E+02 0.5183E+02 0.5162E+02 0.5151E+02 0.5152E+02 0.5152E+02 0.5152E+02 0.5151E+02 0.5149E+02 0.5149E+02 0.5149E+02 0.5144E+02 0.5140E+02 0.5120E+02 0.5097E+02 0.5063E+02 0.5090E+02 0.5081E+02 0.5074E+02 0.5046E+02 0.5033E+02 0.5012E+02 0.4991E+02 0.5022E+02 0.5033E+02 0.5031E+02 0.4988E+02 0.5023E+02 0.5030E+02 0.5028E+02 0.5026E+02 0.5014E+02 0.5006E+02 0.4966E+02 0.4963E+02 0.4895E+02 0.4990E+02 0.5006E+02 0.5004E+02 0.5005E+02 0.4999E+02 0.4980E+02
-0.9990E+03 -0.9990E+03 -0.9990E+03 -0.9990E+03 -0.9990E+03 -0.9990E+03 0.5200E+02 0.5200E+02 0.5195E+02 0.5193E+02 0.5191E+02 0.5187E+02 0.5186E+02 0.5183E+02 0.5176E+02 0.5173E+02 0.5166E+02 0.5146E+02 0.5142E+02 0.5146E+02 0.5147E+02 0.5145E+02 0.5143E+02 0.5141E+02 0.5139E+02 0.5122E+02 0.5090E+02 0.5047E+02 0.5048E+02 0.5055E+02 0.5061E+02 0.5049E+02 0.4997E+02 0.5074E+02 0.5037E+02 0.5021E+02 0.5030E+02 0.5011E+02 0.4994E+02 0.4993E+02 0.5012E+02 0.4968E+02 0.4992E+02 0.4991E+02 0.4992E+02 0.4972E+02 0.4978E+02 0.4981E+02 0.4898E+02 0.4956E+02 0.4980E+02 0.5005E+02 0.4996E+02 0.4998E+02 0.4991E+02 0.4968E+02
-0.9990E+03 -0.9990E+03 -0.9990E+03 -0.9990E+03 -0.9990E+03 -0.9990E+03 -0.9990E+03 0.5196E+02 0.5192E+02 0.5189E+02 0.5185E+02 0.5183E+02 0.5174E+02 0.5173E+02 0.5171E+02 0.5171E+02 0.5164E+02 0.5146E+02 0.5137E+02 0.5139E+02 0.5141E+02 0.5140E+02 0.5136E+02 0.5115E+02 0.5081E+02 0.5052E+02 0.5053E+02 0.5011E+02 0.5047E+02 0.5053E+02 0.5056E+02 0.5018E+02 0.4989E+02 0.5042E+02 0.5041E+02 0.5010E+02 0.5027E+02 0.5016E+02 0.4949E+02 0.5005E+02 0.4985E+02 0.4973E+02 0.4966E+02 0.4996E+02 0.4994E+02 0.4975E+02 0.4968E+02 0.4959E+02 0.4913E+02 0.4958E+02 0.4968E+02 0.4982E+02 0.4989E+02 0.4984E+02 0.4977E+02 0.4963E+02
-0.9990E+03 -0.9990E+03 -0.9990E+03 -0.9990E+03 -0.9990E+03 -0.9990E+03 -0.9990E+03 -0.9990E+03 0.5186E+02 0.5183E+02 0.5182E+02 0.5172E+02 0.5170E+02 0.5168E+02 0.5167E+02 0.5168E+02 0.5162E+02 0.5150E+02 0.5130E+02 0.5132E+02 0.5134E+02 0.5133E+02 0.5115E+02 0.5027E+02 0.5011E+02 0.5066E+02 0.5066E+02 0.5037E+02 0.5044E+02 0.5048E+02 0.5039E+02 0.4965E+02 0.5026E+02 0.5021E+02 0.5039E+02 0.5041E+02 0.5016E+02 0.4987E+02 0.5000E+02 0.4994E+02 0.4996E+02 0.4987E+02 0.4977E+02 0.4981E+02 0.4972E+02 0.4967E+02 0.4968E+02 0.4953E+02 0.4872E+02 0.4945E+02 0.4947E+02 0.4966E+02 0.4975E+02 0.4975E+02 0.4969E+02 0.4956E+02
-0.9990E+03 -0.9990E+03 -0.9990E+03 -0.9990E+03 -0.9990E+03 -0.9990E+03 -0.9990E+03 -0.9990E+03 -0.9990E+03 0.5172E+02 0.5169E+02 0.5166E+02 0.5164E+02 0.5163E+02 0.5162E+02 0.5162E+02 0.5159E+02 0.5148E+02 0.5126E+02 0.5124E+02 0.5122E+02 0.5099E+02 0.5081E+02 0.5073E+02 0.5021E+02 0.5051E+02 0.5061E+02 0.5056E+02 0.5030E+02 0.5042E+02 0.4988E+02 0.4960E+02 0.5012E+02 0.5011E+02 0.4985E+02 0.5009E+02 0.5020E+02 0.4998E+02 0.4991E+02 0.4975E+02 0.4987E+02 0.4981E+02 0.4975E+02 0.4976E+02 0.4958E+02 0.4933E+02 0.4954E+02 0.4945E+02 0.4911E+02 0.4891E+02 0.4939E+02 0.4960E+02 0.4969E+02 0.4962E+02 0.4959E+02 0.4949E+02
-0.9990E+03 -0.9990E+03 -0.9990E+03 -0.9990E+03 -0.9990E+03 -0.9990E+03 -0.9990E+03 -0.9990E+03 -0.9990E+03 0.5166E+02 0.5164E+02 0.5161E+02 0.5159E+02 0.5157E+02 0.5156E+02 0.5157E+02 0.5153E+02 0.5143E+02 0.5119E+02 0.5097E+02 0.5075E+02 0.5073E+02 0.5059E+02 0.5054E+02 0.5024E+02 0.5037E+02 0.5036E+02 0.5045E+02 0.5024E+02 0.5029E+02 0.4978E+02 0.4935E+02 0.4981E+02 0.4992E+02 0.4979E+02 0.4954E+02 0.4991E+02 0.4986E+02 0.4984E+02 0.4980E+02 0.4974E+02 0.4977E+02 0.4970E+02 0.4972E+02 0.4965E+02 0.4951E+02 0.4952E+02 0.4949E+02 0.4920E+02 0.4838E+02 0.4944E+02 0.4954E+02 0.4952E+02 0.4948E+02 0.4945E+02 0.4942E+02
-0.9990E+03 -0.9990E+03 -0.9990E+03 -0.9990E+03 -0.9990E+03 -0.9990E+03 -0.9990E+03 -0.9990E+03 -0.9990E+03 -0.9990E+03 0.5158E+02 0.5156E+02 0.5153E+02 0.5151E+02 0.5150E+02 0.5151E+02 0.5147E+02 0.5138E+02 0.5115E+02 0.5012E+02 0.4993E+02 0.5037E+02 0.5038E+02 0.5051E+02 0.5043E+02 0.5048E+02 0.5030E+02 0.5011E+02 0.4956E+02 0.5007E+02 0.4995E+02 0.4931E+02 0.4982E+02 0.4978E+02 0.4975E+02 0.4964E+02 0.4973E+02 0.4984E+02 0.4959E+02 0.4972E+02 0.4959E+02 0.4956E+02 0.4961E+02 0.4946E+02 0.4949E+02 0.4934E+02 0.4934E+02 0.4928E+02 0.4917E+02 0.4832E+02 0.4901E+02 0.4915E+02 0.4919E+02 0.4911E+02 0.4936E+02 0.4928E+02
