Data/conc_NOx_RR2020_2002.asc
NCOLS          280
NROWS          320
XLLCORNER            0
YLLCORNER       300000
CELLSIZE         1000
NODATA_VALUE  -0.9990E+03
[rows 75 to 99 of 320, columns 168 to 223 of 280]
0.1095E+02 0.1090E+02 0.1072E+02 0.1086E+02 0.1095E+02 0.1089E+02 0.1099E+02 0.1156E+02 0.1114E+02 0.1163E+02 0.1264E+02 0.1500E+02 0.1382E+02 0.1148E+02 0.1072E+02 0.1050E+02 0.1040E+02 0.1094E+02 0.1076E+02 0.1079E+02 0.1085E+02 0.1051E+02 0.1054E+02 0.1051E+02 0.1074E+02 0.1107E+02 0.1082E+02 0.1103E+02 0.1189E+02 0.1343E+02 0.1152E+02 0.1093E+02 0.1058E+02 0.1064E+02 0.1039E+02 0.1023E+02 0.1021E+02 0.1026E+02 0.1003E+02 0.1011E+02 0.1004E+02 0.9930E+01 0.9558E+01 0.9472E+01 0.9846E+01 0.9864E+01 0.9509E+01 0.9340E+01 0.9349E+01 0.9425E+01 0.9449E+01 0.9453E+01 0.9610E+01 0.1070E+02 0.9945E+01 0.9815E+01
0.1040E+02 0.1105E+02 0.1137E+02 0.1082E+02 0.1096E+02 0.1090E+02 0.1095E+02 0.1146E+02 0.1122E+02 0.1160E+02 0.1307E+02 0.1628E+02 0.1197E+02 0.1195E+02 0.1162E+02 0.1143E+02 0.1113E+02 0.1098E+02 0.1079E+02 0.1078E+02 0.1050E+02 0.1046E+02 0.1049E+02 0.1062E+02 0.1105E+02 0.1059E+02 0.1068E+02 0.1141E+02 0.1244E+02 0.1373E+02 0.1082E+02 0.1051E+02 0.1030E+02 0.1027E+02 0.1025E+02 0.1020E+02 0.1018E+02 0.9788E+01 0.1006E+02 0.1005E+02 0.1000E+02 0.9869E+01 0.9602E+01 0.9818E+01 0.9812E+01 0.9845E+01 0.9541E+01 0.9455E+01 0.9435E+01 0.9517E+01 0.9492E+01 0.9544E+01 0.9961E+01 0.1068E+02 0.9948E+01 0.9899E+01
0.1052E+02 0.1076E+02 0.1078E+02 0.1128E+02 0.1137E+02 0.1114E+02 0.1123E+02 0.1140E+02 0.1147E+02 0.1216E+02 0.1617E+02 0.1341E+02 0.1193E+02 0.1124E+02 0.1118E+02 0.1113E+02 0.1140E+02 0.1147E+02 0.1120E+02 0.1076E+02 0.1049E+02 0.1053E+02 0.1062E+02 0.1066E+02 0.1062E+02 0.1069E+02 0.1095E+02 0.1118E+02 0.1145E+02 0.1316E+02 0.1156E+02 0.1024E+02 0.1036E+02 0.1035E+02 0.1037E+02 0.1026E+02 0.1021E+02 0.1002E+02 0.1002E+02 0.9912E+01 0.9931E+01 0.9711E+01 0.1005E+02 0.1003E+02 0.1002E+02 0.9883E+01 0.9836E+01 0.9867E+01 0.9908E+01 0.9830E+01 0.9767E+01 0.9809E+01 0.1081E+02 0.1009E+02 0.1002E+02 0.1014E+02
0.1030E+02 0.1045E+02 0.1041E+02 0.1066E+02 0.1113E+02 0.1157E+02 0.1193E+02 0.1175E+02 0.1182E+02 0.1472E+02 0.1505E+02 0.1188E+02 0.1135E+02 0.1105E+02 0.1111E+02 0.1093E+02 0.1094E+02 0.1119E+02 0.1119E+02 0.1085E+02 0.1089E+02 0.1094E+02 0.1087E+02 0.1068E+02 0.1099E+02 0.1098E+02 0.1067E+02 0.1069E+02 0.1069E+02 0.1110E+02 0.1399E+02 0.1100E+02 0.1075E+02 0.1076E+02 0.1045E+02 0.1026E+02 0.1017E+02 0.9859E+01 0.9862E+01 0.1012E+02 0.9857E+01 0.9996E+01 0.1039E+02 0.1022E+02 0.1018E+02 0.1018E+02 0.1011E+02 0.1004E+02 0.9968E+01 0.1053E+02 0.1024E+02 0.1097E+02 0.1043E+02 0.1011E+02 0.1022E+02 0.1022E+02
0.1030E+02 0.1014E+02 0.1020E+02 0.1011E+02 0.1033E+02 0.1122E+02 0.1295E+02 0.1249E+02 0.1322E+02 0.1671E+02 0.1228E+02 0.1150E+02 0.1126E+02 0.1112E+02 0.1113E+02 0.1088E+02 0.1101E+02 0.1162E+02 0.1081E+02 0.1068E+02 0.1058E+02 0.1022E+02 0.1059E+02 0.1115E+02 0.1103E+02 0.1055E+02 0.1054E+02 0.1053E+02 0.1047E+02 0.1091E+02 0.1240E+02 0.1348E+02 0.1120E+02 0.1068E+02 0.1052E+02 0.1020E+02 0.9819E+01 0.9772E+01 0.1015E+02 0.1023E+02 0.1036E+02 0.1041E+02 0.1012E+02 0.1008E+02 0.1009E+02 0.1007E+02 0.9943E+01 0.9739E+01 0.1004E+02 0.1034E+02 0.1066E+02 0.1169E+02 0.1055E+02 0.1051E+02 0.1037E+02 0.1034E+02
0.9850E+01 0.9877E+01 0.9932E+01 0.1004E+02 0.1026E+02 0.1071E+02 0.1142E+02 0.1159E+02 0.1254E+02 0.1500E+02 0.1203E+02 0.1156E+02 0.1118E+02 0.1093E+02 0.1098E+02 0.1115E+02 0.1090E+02 0.1118E+02 0.1094E+02 0.1077E+02 0.1056E+02 0.1051E+02 0.1068E+02 0.1088E+02 0.1057E+02 0.1049E+02 0.1045E+02 0.1052E+02 0.1052E+02 0.1063E+02 0.1123E+02 0.1294E+02 0.1182E+02 0.1085E+02 0.1047E+02 0.1002E+02 0.9940E+01 0.1007E+02 0.1036E+02 0.1082E+02 0.1047E+02 0.1043E+02 0.1015E+02 0.1011E+02 0.1020E+02 0.1008E+02 0.1002E+02 0.1001E+02 0.1017E+02 0.1037E+02 0.1086E+02 0.1053E+02 0.1113E+02 0.1073E+02 0.1075E+02 0.1090E+02
0.9782E+01 0.9826E+01 0.9940E+01 0.1006E+02 0.1039E+02 0.1123E+02 0.1104E+02 0.1123E+02 0.1223E+02 0.1278E+02 0.1498E+02 0.1171E+02 0.1113E+02 0.1095E+02 0.1086E+02 0.1113E+02 0.1122E+02 0.1083E+02 0.1090E+02 0.1077E+02 0.1051E+02 0.1061E+02 0.1037E+02 0.1101E+02 0.1070E+02 0.1062E+02 0.1054E+02 0.1054E+02 0.1058E+02 0.1074E+02 0.1056E+02 0.1100E+02 0.1419E+02 0.1127E+02 0.1052E+02 0.1010E+02 0.1011E+02 0.1055E+02 0.1102E+02 0.1074E+02 0.1043E+02 0.1064E+02 0.1029E+02 0.1024E+02 0.1039E+02 0.1019E+02 0.9959E+01 0.1014E+02 0.1046E+02 0.1060E+02 0.1051E+02 0.1038E+02 0.1099E+02 0.1052E+02 0.1071E+02 0.1095E+02
0.9783E+01 0.9889E+01 0.1001E+02 0.1025E+02 0.1087E+02 0.1110E+02 0.1101E+02 0.1128E+02 0.1128E+02 0.1166E+02 0.1561E+02 0.1187E+02 0.1135E+02 0.1103E+02 0.1086E+02 0.1094E+02 0.1127E+02 0.1087E+02 0.1099E+02 0.1111E+02 0.1065E+02 0.1056E+02 0.1067E+02 0.1087E+02 0.1084E+02 0.1090E+02 0.1069E+02 0.1085E+02 0.1064E+02 0.1044E+02 0.1065E+02 0.1102E+02 0.1253E+02 0.1304E+02 0.1056E+02 0.1029E+02 0.1028E+02 0.1110E+02 0.1080E+02 0.1057E+02 0.1048E+02 0.1087E+02 0.1057E+02 0.1026E+02 0.1007E+02 0.1003E+02 0.9780E+01 0.9974E+01 0.1040E+02 0.1103E+02 0.1095E+02 0.1084E+02 0.1005E+02 0.1002E+02 0.1003E+02 0.9975E+01
0.9878E+01 0.9928E+01 0.1002E+02 0.1046E+02 0.1106E+02 0.1097E+02 0.1085E+02 0.1116E+02 0.1116E+02 0.1125E+02 0.1213E+02 0.1497E+02 0.1163E+02 0.1052E+02 0.1079E+02 0.1088E+02 0.1144E+02 0.1113E+02 0.1116E+02 0.1091E+02 0.1079E+02 0.1101E+02 0.1125E+02 0.1093E+02 0.1058E+02 0.1068E+02 0.1085E+02 0.1088E+02 0.1057E+02 0.1082E+02 0.1062E+02 0.1111E+02 0.1168E+02 0.1443E+02 0.1214E+02 0.1082E+02 0.1078E+02 0.1156E+02 0.1088E+02 0.1069E+02 0.1070E+02 0.1083E+02 0.1034E+02 0.1014E+02 0.9925E+01 0.9811E+01 0.9823E+01 0.9823E+01 0.1076E+02 0.1058E+02 0.1078E+02 0.1005E+02 0.9827E+01 0.9883E+01 0.9912E+01 0.9989E+01
0.9839E+01 0.9959E+01 0.1023E+02 0.1090E+02 0.1076E+02 0.1069E+02 0.1074E+02 0.1098E+02 0.1113E+02 0.1126E+02 0.1181E+02 0.1529E+02 0.1152E+02 0.1049E+02 0.1075E+02 0.1085E+02 0.1094E+02 0.1184E+02 0.1139E+02 0.1119E+02 0.1106E+02 0.1094E+02 0.1093E+02 0.1090E+02 0.1054E+02 0.1061E+02 0.1064E+02 0.1060E+02 0.1057E+02 0.1050E+02 0.1074E+02 0.1079E+02 0.1093E+02 0.1162E+02 0.1500E+02 0.1379E+02 0.1391E+02 0.1170E+02 0.1125E+02 0.1104E+02 0.1089E+02 0.1069E+02 0.1064E+02 0.1021E+02 0.9887E+01 0.9918E+01 0.9994E+01 0.1031E+02 0.1090E+02 0.1038E+02 0.1036E+02 0.1028E+02 0.9891E+01 0.1006E+02 0.1012E+02 0.1023E+02
0.9907E+01 0.1015E+02 0.1083E+02 0.1084E+02 0.1066E+02 0.1069E+02 0.1065E+02 0.1102E+02 0.1092E+02 0.1105E+02 0.1173E+02 0.1456E+02 0.1098E+02 0.1048E+02 0.1041E+02 0.1075E+02 0.1095E+02 0.1212E+02 0.1103E+02 0.1086E+02 0.1094E+02 0.1072E+02 0.1026E+02 0.1059E+02 0.1010E+02 0.1027E+02 0.1048E+02 0.1036E+02 0.1054E+02 0.1071E+02 0.1081E+02 0.1075E+02 0.1068E+02 0.1119E+02 0.1192E+02 0.1158E+02 0.1309E+02 0.1436E+02 0.1419E+02 0.1175E+02 0.1095E+02 0.1066E+02 0.1080E+02 0.1047E+02 0.1010E+02 0.1020E+02 0.1041E+02 0.1121E+02 0.1057E+02 0.1047E+02 0.1057E+02 0.1028E+02 0.9992E+01 0.1017E+02 0.1022E+02 0.1032E+02
0.1013E+02 0.1063E+02 0.1056E+02 0.1065E+02 0.1066E+02 0.1075E+02 0.1076E+02 0.1086E+02 0.1094E+02 0.1108E+02 0.1156E+02 0.1450E+02 0.1218E+02 0.1099E+02 0.1053E+02 0.1044E+02 0.1081E+02 0.1160E+02 0.1106E+02 0.1101E+02 0.1085E+02 0.1043E+02 0.1019E+02 0.1005E+02 0.1061E+02 0.1007E+02 0.1018E+02 0.1004E+02 0.1024E+02 0.1051E+02 0.1058E+02 0.1081E+02 0.1093E+02 0.1109E+02 0.1211E+02 0.1221E+02 0.1287E+02 0.1252E+02 0.1267E+02 0.1414E+02 0.1100E+02 0.1057E+02 0.1053E+02 0.1104E+02 0.1059E+02 0.1034E+02 0.1065E+02 0.1123E+02 0.1031E+02 0.1056E+02 0.1062E+02 0.1037E+02 0.1012E+02 0.1030E+02 0.1040E+02 0.1055E+02
0.1042E+02 0.1051E+02 0.1058E+02 0.1067E+02 0.1064E+02 0.1077E+02 0.1097E+02 0.1087E+02 0.1101E+02 0.1104E+02 0.1130E+02 0.1221E+02 0.1520E+02 0.1179E+02 0.1094E+02 0.1060E+02 0.1040E+02 0.1092E+02 0.1094E+02 0.1091E+02 0.1080E+02 0.1055E+02 0.1032E+02 0.1016E+02 0.1053E+02 0.1045E+02 0.1056E+02 0.1081E+02 0.1009E+02 0.1042E+02 0.1059E+02 0.1067E+02 0.1072E+02 0.1087E+02 0.1195E+02 0.1251E+02 0.1242E+02 0.1190E+02 0.1258E+02 0.1535E+02 0.1263E+02 0.1107E+02 0.1128E+02 0.1155E+02 0.1100E+02 0.1082E+02 0.1111E+02 0.1077E+02 0.1066E+02 0.1068E+02 0.1071E+02 0.1075E+02 0.1063E+02 0.1063E+02 0.1080E+02 0.1089E+02
0.1060E+02 0.1058E+02 0.1080E+02 0.1064E+02 0.1084E+02 0.1113E+02 0.1095E+02 0.1102E+02 0.1100E+02 0.1097E+02 0.1130E+02 0.1180E+02 0.1562E+02 0.1222E+02 0.1151E+02 0.1137E+02 0.1070E+02 0.1126E+02 0.1089E+02 0.1116E+02 0.1084E+02 0.1069E+02 0.1050E+02 0.1033E+02 0.1024E+02 0.1028E+02 0.1025E+02 0.1090E+02 0.1046E+02 0.1031E+02 0.1055E+02 0.1105E+02 0.1113E+02 0.1148E+02 0.1143E+02 0.1099E+02 0.1121E+02 0.1113E+02 0.1149E+02 0.1175E+02 0.1569E+02 0.1115E+02 0.1096E+02 0.1113E+02 0.1164E+02 0.1148E+02 0.1084E+02 0.1083E+02 0.1086E+02 0.1083E+02 0.1085E+02 0.1078E+02 0.1105E+02 0.1120E+02 0.1123E+02 0.1135E+02
0.1029E+02 0.1073E+02 0.1069E+02 0.1070E+02 0.1081E+02 0.1110E+02 0.1089E+02 0.1085E+02 0.1102E+02 0.1113E+02 0.1131E+02 0.1194E+02 0.1616E+02 0.1224E+02 0.1144E+02 0.1126E+02 0.1192E+02 0.1111E+02 0.1096E+02 0.1088E+02 0.1095E+02 0.1076E+02 0.1069E+02 0.1057E+02 0.1042E+02 0.1031E+02 0.1035E+02 0.1074E+02 0.1091E+02 0.1064E+02 0.1080E+02 0.1118E+02 0.1073E+02 0.1135E+02 0.1071E+02 0.1080E+02 0.1096E+02 0.1101E+02 0.1123E+02 0.1179E+02 0.1619E+02 0.1225E+02 0.1187E+02 0.1206E+02 0.1200E+02 0.1121E+02 0.1116E+02 0.1101E+02 0.1106E+02 0.1112E+02 0.1108E+02 0.1095E+02 0.1102E+02 0.1135E+02 0.1148E+02 0.1133E+02
0.1029E+02 0.1071E+02 0.1065E+02 0.1077E+02 0.1104E+02 0.1092E+02 0.1079E+02 0.1094E+02 0.1102E+02 0.1118E+02 0.1119E+02 0.1191E+02 0.1592E+02 0.1289E+02 0.1155E+02 0.1154E+02 0.1137E+02 0.1133E+02 0.1103E+02 0.1102E+02 0.1099E+02 0.1097E+02 0.1083E+02 0.1083E+02 0.1075E+02 0.1066E+02 0.1052E+02 0.1068E+02 0.1118E+02 0.1120E+02 0.1114E+02 0.1092E+02 0.1096E+02 0.1140E+02 0.1065E+02 0.1062E+02 0.1100E+02 0.1111E+02 0.1123E+02 0.1173E+02 0.1273E+02 0.1630E+02 0.1252E+02 0.1277E+02 0.1156E+02 0.1140E+02 0.1134E+02 0.1123E+02 0.1150E+02 0.1119E+02 0.1112E+02 0.1113E+02 0.1120E+02 0.1160E+02 0.1105E+02 0.1088E+02
0.1033E+02 0.1071E+02 0.1072E+02 0.1077E+02 0.1110E+02 0.1084E+02 0.1080E+02 0.1091E+02 0.1103E+02 0.1111E+02 0.1131E+02 0.1222E+02 0.1562E+02 0.1205E+02 0.1151E+02 0.1180E+02 0.1119E+02 0.1108E+02 0.1110E+02 0.1117E+02 0.1114E+02 0.1088E+02 0.1081E+02 0.1095E+02 0.1081E+02 0.1086E+02 0.1111E+02 0.1124E+02 0.1147E+02 0.1077E+02 0.1088E+02 0.1066E+02 0.1058E+02 0.1120E+02 0.1074E+02 0.1066E+02 0.1097E+02 0.1118E+02 0.1147E+02 0.1183E+02 0.1238E+02 0.1680E+02 0.1292E+02 0.1220E+02 0.1182E+02 0.1156E+02 0.1152E+02 0.1164E+02 0.1145E+02 0.1162E+02 0.1130E+02 0.1134E+02 0.1169E+02 0.1186E+02 0.1079E+02 0.1062E+02
0.1037E+02 0.1071E+02 0.1069E+02 0.1088E+02 0.1118E+02 0.1094E+02 0.1095E+02 0.1101E+02 0.1115E+02 0.1124E+02 0.1154E+02 0.1235E+02 0.1593E+02 0.1221E+02 0.1208E+02 0.1146E+02 0.1116E+02 0.1107E+02 0.1129E+02 0.1123E+02 0.1104E+02 0.1099E+02 0.1088E+02 0.1108E+02 0.1094E+02 0.1141E+02 0.1135E+02 0.1105E+02 0.1097E+02 0.1059E+02 0.1037E+02 0.1034E+02 0.1061E+02 0.1127E+02 0.1087E+02 0.1068E+02 0.1092E+02 0.1109E+02 0.1136E+02 0.1154E+02 0.1219E+02 0.1570E+02 0.1418E+02 0.1242E+02 0.1221E+02 0.1206E+02 0.1205E+02 0.1182E+02 0.1164E+02 0.1163E+02 0.1161E+02 0.1209E+02 0.1126E+02 0.1055E+02 0.1079E+02 0.1076E+02
0.1043E+02 0.1078E+02 0.1081E+02 0.1094E+02 0.1126E+02 0.1127E+02 0.1128E+02 0.1134E+02 0.1148E+02 0.1166E+02 0.1213E+02 0.1315E+02 0.1624E+02 0.1287E+02 0.1206E+02 0.1141E+02 0.1120E+02 0.1110E+02 0.1111E+02 0.1131E+02 0.1114E+02 0.1097E+02 0.1097E+02 0.1126E+02 0.1148E+02 0.1161E+02 0.1107E+02 0.1087E+02 0.1064E+02 0.1087E+02 0.1052E+02 0.1044E+02 0.1070E+02 0.1130E+02 0.1086E+02 0.1069E+02 0.1080E+02 0.1133E+02 0.1140E+02 0.1193E+02 0.1210E+02 0.1365E+02 0.1674E+02 0.1299E+02 0.1254E+02 0.1189E+02 0.1203E+02 0.1171E+02 0.1177E+02 0.1240E+02 0.1268E+02 0.1183E+02 0.1085E+02 0.1065E+02 0.1090E+02 0.1125E+02
0.1049E+02 0.1080E+02 0.1096E+02 0.1103E+02 0.1124E+02 0.1105E+02 0.1117E+02 0.1125E+02 0.1138E+02 0.1194E+02 0.1240E+02 0.1361E+02 0.1560E+02 0.1319E+02 0.1222E+02 0.1158E+02 0.1154E+02 0.1176E+02 0.1125E+02 0.1174E+02 0.1152E+02 0.1109E+02 0.1114E+02 0.1096E+02 0.1126E+02 0.1124E+02 0.1103E+02 0.1095E+02 0.1080E+02 0.1095E+02 0.1041E+02 0.1047E+02 0.1068E+02 0.1130E+02 0.1097E+02 0.1088E+02 0.1096E+02 0.1136E+02 0.1163E+02 0.1203E+02 0.1259E+02 0.1362E+02 0.1683E+02 0.1376E+02 0.1330E+02 0.1298E+02 0.1246E+02 0.1249E+02 0.1327E+02 0.1275E+02 0.1181E+02 0.1175E+02 0.1164E+02 0.1108E+02 0.1166E+02 0.1206E+02
0.1059E+02 0.1095E+02 0.1111E+02 0.1123E+02 0.1149E+02 0.1129E+02 0.1138E+02 0.1158E+02 0.1170E+02 0.1240E+02 0.1326E+02 0.1420E+02 0.1461E+02 0.1593E+02 0.1316E+02 0.1258E+02 0.1224E+02 0.1200E+02 0.1159E+02 0.1169E+02 0.1136E+02 0.1096E+02 0.1107E+02 0.1105E+02 0.1122E+02 0.1114E+02 0.1098E+02 0.1088E+02 0.1074E+02 0.1056E+02 0.1099E+02 0.1042E+02 0.1045E+02 0.1132E+02 0.1106E+02 0.1108E+02 0.1116E+02 0.1169E+02 0.1185E+02 0.1242E+02 0.1390E+02 0.1501E+02 0.1928E+02 0.1478E+02 0.1447E+02 0.1498E+02 0.1398E+02 0.1354E+02 0.1256E+02 0.1234E+02 0.1213E+02 0.1188E+02 0.1199E+02 0.1192E+02 0.1178E+02 0.1368E+02
0.1070E+02 0.1110E+02 0.1120E+02 0.1128E+02 0.1170E+02 0.1145E+02 0.1145E+02 0.1153E+02 0.1189E+02 0.1260E+02 0.1295E+02 0.1317E+02 0.1317E+02 0.1632E+02 0.1244E+02 0.1186E+02 0.1158E+02 0.1128E+02 0.1144E+02 0.1155E+02 0.1100E+02 0.1119E+02 0.1145E+02 0.1112E+02 0.1114E+02 0.1105E+02 0.1106E+02 0.1087E+02 0.1071E+02 0.1043E+02 0.1050E+02 0.1064E+02 0.1069E+02 0.1163E+02 0.1119E+02 0.1124E+02 0.1155E+02 0.1148E+02 0.1221E+02 0.1393E+02 0.1414E+02 0.1531E+02 0.1829E+02 0.1404E+02 0.1451E+02 0.1464E+02 0.1456E+02 0.1355E+02 0.1277E+02 0.1262E+02 0.1257E+02 0.1242E+02 0.1256E+02 0.1322E+02 0.1364E+02 0.1764E+02
0.1081E+02 0.1120E+02 0.1131E+02 0.1148E+02 0.1215E+02 0.1169E+02 0.1167E+02 0.1190E+02 0.1259E+02 0.1275E+02 0.1386E+02 0.1491E+02 0.1554E+02 0.1436E+02 0.1201E+02 0.1150E+02 0.1148E+02 0.1141E+02 0.1143E+02 0.1119E+02 0.1109E+02 0.1070E+02 0.1091E+02 0.1142E+02 0.1207E+02 0.1144E+02 0.1140E+02 0.1138E+02 0.1105E+02 0.1069E+02 0.1074E+02 0.1135E+02 0.1104E+02 0.1150E+02 0.1106E+02 0.1102E+02 0.1121E+02 0.1166E+02 0.1307E+02 0.1358E+02 0.1356E+02 0.1525E+02 0.2024E+02 0.1996E+02 0.2169E+02 0.2096E+02 0.2049E+02 0.1821E+02 0.1384E+02 0.1345E+02 0.1360E+02 0.1368E+02 0.1398E+02 0.1824E+02 0.1884E+02 0.1617E+02
0.1095E+02 0.1119E+02 0.1147E+02 0.1205E+02 0.1238E+02 0.1191E+02 0.1196E+02 0.1272E+02 0.1288E+02 0.1378E+02 0.1665E+02 0.1375E+02 0.1241E+02 0.1312E+02 0.1204E+02 0.1172E+02 0.1175E+02 0.1140E+02 0.1124E+02 0.1110E+02 0.1079E+02 0.1082E+02 0.1081E+02 0.1110E+02 0.1190E+02 0.1187E+02 0.1161E+02 0.1125E+02 0.1139E+02 0.1153E+02 0.1101E+02 0.1108E+02 0.1092E+02 0.1100E+02 0.1185E+02 0.1088E+02 0.1134E+02 0.1265E+02 0.1271E+02 0.1284E+02 0.1366E+02 0.1997E+02 0.2170E+02 0.1837E+02 0.1496E+02 0.1352E+02 0.1379E+02 0.1404E+02 0.1783E+02 0.1920E+02 0.1904E+02 0.1898E+02 0.1887E+02 0.1421E+02 0.1278E+02 0.1281E+02
0.1122E+02 0.1198E+02 0.1272E+02 0.1307E+02 0.1255E+02 0.1252E+02 0.1249E+02 0.1291E+02 0.1542E+02 0.1579E+02 0.1249E+02 0.1230E+02 0.1196E+02 0.1219E+02 0.1309E+02 0.1191E+02 0.1158E+02 0.1152E+02 0.1135E+02 0.1118E+02 0.1091E+02 0.1073E+02 0.1101E+02 0.1160E+02 0.1150E+02 0.1137E+02 0.1163E+02 0.1128E+02 0.1144E+02 0.1150E+02 0.1085E+02 0.1107E+02 0.1119E+02 0.1131E+02 0.1176E+02 0.1194E+02 0.1282E+02 0.1228E+02 0.1224E+02 0.1292E+02 0.1391E+02 0.2231E+02 0.1704E+02 0.1412E+02 0.1325E+02 0.1341E+02 0.1280E+02 0.1252E+02 0.1295E+02 0.1316E+02 0.1312E+02 0.1285E+02 0.1261E+02 0.1200E+02 0.1205E+02 0.1190E+02
