Data/conc_O3_RR2020_2002.asc
NCOLS          280
NROWS          320
XLLCORNER            0
YLLCORNER       300000
CELLSIZE         1000
NODATA_VALUE  -0.9990E+03
[rows 175 to 199 of 320, columns 112 to 167 of 280]
0.4573E+02 0.4566E+02 0.4556E+02 0.4563E+02 0.4599E+02 0.4603E+02 0.4599E+02 0.4581E+02 0.4560E+02 0.4576E+02 0.4573E+02 0.4569E+02 0.4562E+02 0.4545E+02 0.4496E+02 0.4514E+02 0.4492E+02 0.4487E+02 0.4478E+02 0.4460E+02 0.4394E+02 0.4365E+02 0.4180E+02 0.4257E+02 0.4314E+02 0.4458E+02 0.4528E+02 0.4565E+02 0.4583E+02 0.4586E+02 0.4602E+02 0.4623E+02 0.4595E+02 0.4590E+02 0.4639E+02 0.4642E+02 0.4656E+02 0.4664E+02 0.4626E+02 0.4595E+02 0.4650E+02 0.4694E+02 0.4631E+02 0.4628E+02 0.4632E+02 0.4635E+02 0.4618E+02 0.4615E+02 0.4616E+02 0.4581E+02 0.4562E+02 0.4559E+02 0.4623E+02 0.4606E+02 0.4567E+02 0.4451E+02
0.4571E+02 0.4585E+02 0.4593E+02 0.4579E+02 0.4584E+02 0.4589E+02 0.4589E+02 0.4586E+02 0.4591E+02 0.4584E+02 0.4568E+02 0.4547E+02 0.4544E+02 0.4530E+02 0.4476E+02 0.4479E+02 0.4462E+02 0.4488E+02 0.4499E+02 0.4440E+02 0.4453E+02 0.4455E+02 0.4271E+02 0.4029E+02 0.4402E+02 0.4495E+02 0.4517E+02 0.4562E+02 0.4585E+02 0.4607E+02 0.4615E+02 0.4613E+02 0.4586E+02 0.4609E+02 0.4611E+02 0.4618E+02 0.4631E+02 0.4642E+02 0.4589E+02 0.4555E+02 0.4613E+02 0.4656E+02 0.4617E+02 0.4624E+02 0.4608E+02 0.4614E+02 0.4622E+02 0.4614E+02 0.4607E+02 0.4598E+02 0.4568E+02 0.4553E+02 0.4559E+02 0.4608E+02 0.4592E+02 0.4436E+02
0.4549E+02 0.4587E+02 0.4598E+02 0.4600E+02 0.4565E+02 0.4587E+02 0.4591E+02 0.4589E+02 0.4584E+02 0.4570E+02 0.4556E+02 0.4505E+02 0.4484E+02 0.4497E+02 0.4496E+02 0.4453E+02 0.4492E+02 0.4436E+02 0.4448E+02 0.4452E+02 0.4464E+02 0.4442E+02 0.4313E+02 0.4059E+02 0.4283E+02 0.4458E+02 0.4514E+02 0.4543E+02 0.4564E+02 0.4595E+02 0.4607E+02 0.4584E+02 0.4606E+02 0.4619E+02 0.4618E+02 0.4639E+02 0.4629E+02 0.4612E+02 0.4516E+02 0.4573E+02 0.4613E+02 0.4647E+02 0.4616E+02 0.4621E+02 0.4635E+02 0.4627E+02 0.4623E+02 0.4607E+02 0.4617E+02 0.4617E+02 0.4606E+02 0.4591E+02 0.4551E+02 0.4553E+02 0.4583E+02 0.4530E+02
0.4552E+02 0.4559E+02 0.4592E+02 0.4594E+02 0.4574E+02 0.4561E+02 0.4565E+02 0.4565E+02 0.4558E+02 0.4533E+02 0.4509E+02 0.4502E+02 0.4484E+02 0.4473E+02 0.4454E+02 0.4507E+02 0.4541E+02 0.4464E+02 0.4456E+02 0.4440E+02 0.4433E+02 0.4297E+02 0.4239E+02 0.4470E+02 0.4144E+02 0.4421E+02 0.4484E+02 0.4563E+02 0.4548E+02 0.4552E+02 0.4583E+02 0.4578E+02 0.4601E+02 0.4616E+02 0.4624E+02 0.4609E+02 0.4611E+02 0.4612E+02 0.4627E+02 0.4599E+02 0.4622E+02 0.4652E+02 0.4659E+02 0.4617E+02 0.4614E+02 0.4573E+02 0.4609E+02 0.4600E+02 0.4610E+02 0.4605E+02 0.4599E+02 0.4603E+02 0.4596E+02 0.4575E+02 0.4526E+02 0.4492E+02
0.4592E+02 0.4546E+02 0.4587E+02 0.4583E+02 0.4557E+02 0.4491E+02 0.4468E+02 0.4496E+02 0.4514E+02 0.4540E+02 0.4535E+02 0.4482E+02 0.4535E+02 0.4529E+02 0.4536E+02 0.4521E+02 0.4479E+02 0.4212E+02 0.4195E+02 0.4204E+02 0.4217E+02 0.4335E+02 0.4465E+02 0.4502E+02 0.4340E+02 0.4151E+02 0.4419E+02 0.4486E+02 0.4528E+02 0.4552E+02 0.4541E+02 0.4507E+02 0.4525E+02 0.4566E+02 0.4608E+02 0.4646E+02 0.4616E+02 0.4636E+02 0.4637E+02 0.4637E+02 0.4620E+02 0.4606E+02 0.4616E+02 0.4589E+02 0.4579E+02 0.4576E+02 0.4595E+02 0.4560E+02 0.4573E+02 0.4550E+02 0.4586E+02 0.4588E+02 0.4591E+02 0.4593E+02 0.4552E+02 0.4470E+02
0.4568E+02 0.4506E+02 0.4533E+02 0.4505E+02 0.4458E+02 0.4442E+02 0.4423E+02 0.4494E+02 0.4499E+02 0.4486E+02 0.4491E+02 0.4525E+02 0.4553E+02 0.4545E+02 0.4526E+02 0.4495E+02 0.4281E+02 0.4325E+02 0.4460E+02 0.4465E+02 0.4486E+02 0.4504E+02 0.4512E+02 0.4512E+02 0.4476E+02 0.4340E+02 0.4119E+02 0.4431E+02 0.4501E+02 0.4508E+02 0.4509E+02 0.4516E+02 0.4517E+02 0.4570E+02 0.4629E+02 0.4599E+02 0.4641E+02 0.4638E+02 0.4636E+02 0.4641E+02 0.4617E+02 0.4615E+02 0.4589E+02 0.4623E+02 0.4629E+02 0.4598E+02 0.4596E+02 0.4569E+02 0.4592E+02 0.4582E+02 0.4545E+02 0.4540E+02 0.4558E+02 0.4580E+02 0.4562E+02 0.4444E+02
0.4530E+02 0.4437E+02 0.4486E+02 0.4485E+02 0.4468E+02 0.4528E+02 0.4526E+02 0.4518E+02 0.4521E+02 0.4554E+02 0.4553E+02 0.4566E+02 0.4562E+02 0.4552E+02 0.4517E+02 0.4453E+02 0.4216E+02 0.4449E+02 0.4497E+02 0.4517E+02 0.4536E+02 0.4541E+02 0.4548E+02 0.4544E+02 0.4511E+02 0.4439E+02 0.4358E+02 0.4163E+02 0.4397E+02 0.4480E+02 0.4522E+02 0.4523E+02 0.4595E+02 0.4608E+02 0.4623E+02 0.4636E+02 0.4617E+02 0.4606E+02 0.4650E+02 0.4643E+02 0.4641E+02 0.4643E+02 0.4643E+02 0.4615E+02 0.4605E+02 0.4606E+02 0.4548E+02 0.4558E+02 0.4579E+02 0.4560E+02 0.4557E+02 0.4521E+02 0.4515E+02 0.4523E+02 0.4501E+02 0.4438E+02
0.4518E+02 0.4516E+02 0.4456E+02 0.4453E+02 0.4497E+02 0.4547E+02 0.4545E+02 0.4529E+02 0.4562E+02 0.4553E+02 0.4537E+02 0.4564E+02 0.4541E+02 0.4540E+02 0.4501E+02 0.4239E+02 0.4428E+02 0.4474E+02 0.4512E+02 0.4542E+02 0.4555E+02 0.4562E+02 0.4564E+02 0.4553E+02 0.4496E+02 0.4530E+02 0.4492E+02 0.4220E+02 0.4360E+02 0.4509E+02 0.4558E+02 0.4579E+02 0.4636E+02 0.4628E+02 0.4617E+02 0.4622E+02 0.4629E+02 0.4653E+02 0.4624E+02 0.4644E+02 0.4642E+02 0.4638E+02 0.4639E+02 0.4629E+02 0.4604E+02 0.4538E+02 0.4561E+02 0.4586E+02 0.4557E+02 0.4528E+02 0.4478E+02 0.4473E+02 0.4486E+02 0.4507E+02 0.4494E+02 0.4393E+02
0.4469E+02 0.4453E+02 0.4502E+02 0.4540E+02 0.4553E+02 0.4536E+02 0.4536E+02 0.4531E+02 0.4538E+02 0.4564E+02 0.4530E+02 0.4530E+02 0.4537E+02 0.4536E+02 0.4493E+02 0.4280E+02 0.4470E+02 0.4515E+02 0.4548E+02 0.4558E+02 0.4549E+02 0.4549E+02 0.4549E+02 0.4515E+02 0.4556E+02 0.4555E+02 0.4542E+02 0.4503E+02 0.4190E+02 0.4479E+02 0.4543E+02 0.4630E+02 0.4639E+02 0.4613E+02 0.4617E+02 0.4608E+02 0.4633E+02 0.4623E+02 0.4635E+02 0.4615E+02 0.4626E+02 0.4630E+02 0.4617E+02 0.4622E+02 0.4600E+02 0.4537E+02 0.4494E+02 0.4520E+02 0.4508E+02 0.4400E+02 0.4238E+02 0.4277E+02 0.4291E+02 0.4282E+02 0.4293E+02 0.4280E+02
0.4548E+02 0.4535E+02 0.4541E+02 0.4570E+02 0.4575E+02 0.4572E+02 0.4583E+02 0.4573E+02 0.4547E+02 0.4567E+02 0.4559E+02 0.4519E+02 0.4560E+02 0.4515E+02 0.4461E+02 0.4240E+02 0.4471E+02 0.4527E+02 0.4548E+02 0.4559E+02 0.4541E+02 0.4556E+02 0.4542E+02 0.4488E+02 0.4558E+02 0.4565E+02 0.4568E+02 0.4514E+02 0.4263E+02 0.4325E+02 0.4515E+02 0.4594E+02 0.4593E+02 0.4600E+02 0.4604E+02 0.4618E+02 0.4618E+02 0.4626E+02 0.4615E+02 0.4589E+02 0.4596E+02 0.4584E+02 0.4588E+02 0.4572E+02 0.4531E+02 0.4484E+02 0.4487E+02 0.4368E+02 0.4260E+02 0.4285E+02 0.4426E+02 0.4496E+02 0.4510E+02 0.4479E+02 0.4465E+02 0.4471E+02
0.4551E+02 0.4560E+02 0.4576E+02 0.4580E+02 0.4576E+02 0.4589E+02 0.4592E+02 0.4583E+02 0.4541E+02 0.4571E+02 0.4551E+02 0.4509E+02 0.4493E+02 0.4455E+02 0.4215E+02 0.4388E+02 0.4480E+02 0.4531E+02 0.4551E+02 0.4565E+02 0.4556E+02 0.4544E+02 0.4444E+02 0.4463E+02 0.4550E+02 0.4565E+02 0.4543E+02 0.4537E+02 0.4507E+02 0.4178E+02 0.4508E+02 0.4558E+02 0.4581E+02 0.4602E+02 0.4600E+02 0.4607E+02 0.4584E+02 0.4602E+02 0.4599E+02 0.4608E+02 0.4590E+02 0.4555E+02 0.4520E+02 0.4286E+02 0.4316E+02 0.4283E+02 0.4254E+02 0.4300E+02 0.4465E+02 0.4477E+02 0.4424E+02 0.4507E+02 0.4509E+02 0.4453E+02 0.4458E+02 0.4444E+02
0.4560E+02 0.4569E+02 0.4577E+02 0.4564E+02 0.4587E+02 0.4581E+02 0.4576E+02 0.4569E+02 0.4548E+02 0.4555E+02 0.4533E+02 0.4544E+02 0.4525E+02 0.4476E+02 0.4222E+02 0.4463E+02 0.4506E+02 0.4545E+02 0.4566E+02 0.4577E+02 0.4561E+02 0.4524E+02 0.4384E+02 0.4471E+02 0.4530E+02 0.4548E+02 0.4573E+02 0.4576E+02 0.4550E+02 0.4388E+02 0.4261E+02 0.4514E+02 0.4562E+02 0.4575E+02 0.4572E+02 0.4587E+02 0.4557E+02 0.4553E+02 0.4591E+02 0.4583E+02 0.4545E+02 0.4438E+02 0.4217E+02 0.4421E+02 0.4478E+02 0.4462E+02 0.4412E+02 0.4426E+02 0.4443E+02 0.4444E+02 0.4383E+02 0.4442E+02 0.4466E+02 0.4552E+02 0.4574E+02 0.4549E+02
0.4561E+02 0.4567E+02 0.4572E+02 0.4567E+02 0.4581E+02 0.4556E+02 0.4565E+02 0.4550E+02 0.4533E+02 0.4513E+02 0.4554E+02 0.4539E+02 0.4531E+02 0.4452E+02 0.4232E+02 0.4478E+02 0.4516E+02 0.4557E+02 0.4570E+02 0.4575E+02 0.4553E+02 0.4523E+02 0.4498E+02 0.4536E+02 0.4545E+02 0.4568E+02 0.4569E+02 0.4553E+02 0.4532E+02 0.4504E+02 0.4144E+02 0.4441E+02 0.4505E+02 0.4541E+02 0.4533E+02 0.4505E+02 0.4489E+02 0.4518E+02 0.4551E+02 0.4533E+02 0.4356E+02 0.4293E+02 0.4522E+02 0.4529E+02 0.4460E+02 0.4450E+02 0.4412E+02 0.4493E+02 0.4524E+02 0.4535E+02 0.4474E+02 0.4530E+02 0.4525E+02 0.4568E+02 0.4553E+02 0.4518E+02
0.4538E+02 0.4531E+02 0.4539E+02 0.4554E+02 0.4561E+02 0.4553E+02 0.4523E+02 0.4547E+02 0.4564E+02 0.4534E+02 0.4540E+02 0.4526E+02 0.4493E+02 0.4236E+02 0.4445E+02 0.4522E+02 0.4505E+02 0.4549E+02 0.4566E+02 0.4565E+02 0.4575E+02 0.4555E+02 0.4531E+02 0.4567E+02 0.4583E+02 0.4587E+02 0.4578E+02 0.4573E+02 0.4553E+02 0.4493E+02 0.4364E+02 0.4189E+02 0.4448E+02 0.4509E+02 0.4498E+02 0.4490E+02 0.4444E+02 0.4441E+02 0.4480E+02 0.4289E+02 0.4340E+02 0.4539E+02 0.4559E+02 0.4528E+02 0.4512E+02 0.4452E+02 0.4508E+02 0.4535E+02 0.4583E+02 0.4577E+02 0.4484E+02 0.4489E+02 0.4522E+02 0.4535E+02 0.4516E+02 0.4560E+02
0.4539E+02 0.4532E+02 0.4549E+02 0.4551E+02 0.4538E+02 0.4538E+02 0.4560E+02 0.4568E+02 0.4560E+02 0.4527E+02 0.4528E+02 0.4513E+02 0.4457E+02 0.4199E+02 0.4436E+02 0.4487E+02 0.4500E+02 0.4531E+02 0.4545E+02 0.4572E+02 0.4573E+02 0.4587E+02 0.4529E+02 0.4560E+02 0.4566E+02 0.4569E+02 0.4570E+02 0.4563E+02 0.4545E+02 0.4514E+02 0.4443E+02 0.4127E+02 0.4354E+02 0.4391E+02 0.4280E+02 0.4280E+02 0.4263E+02 0.4230E+02 0.4282E+02 0.4428E+02 0.4555E+02 0.4593E+02 0.4602E+02 0.4592E+02 0.4549E+02 0.4480E+02 0.4547E+02 0.4572E+02 0.4608E+02 0.4608E+02 0.4601E+02 0.4614E+02 0.4615E+02 0.4618E+02 0.4627E+02 0.4594E+02
0.4506E+02 0.4510E+02 0.4522E+02 0.4529E+02 0.4538E+02 0.4555E+02 0.4565E+02 0.4549E+02 0.4543E+02 0.4521E+02 0.4480E+02 0.4458E+02 0.4381E+02 0.4199E+02 0.4402E+02 0.4460E+02 0.4476E+02 0.4496E+02 0.4519E+02 0.4545E+02 0.4554E+02 0.4548E+02 0.4495E+02 0.4506E+02 0.4516E+02 0.4517E+02 0.4517E+02 0.4527E+02 0.4506E+02 0.4473E+02 0.4300E+02 0.4219E+02 0.4015E+02 0.4250E+02 0.4412E+02 0.4473E+02 0.4519E+02 0.4518E+02 0.4535E+02 0.4566E+02 0.4603E+02 0.4610E+02 0.4599E+02 0.4601E+02 0.4530E+02 0.4528E+02 0.4547E+02 0.4606E+02 0.4633E+02 0.4630E+02 0.4639E+02 0.4643E+02 0.4648E+02 0.4636E+02 0.4652E+02 0.4647E+02
0.4507E+02 0.4508E+02 0.4541E+02 0.4542E+02 0.4541E+02 0.4542E+02 0.4543E+02 0.4515E+02 0.4489E+02 0.4457E+02 0.4419E+02 0.4273E+02 0.4032E+02 0.4222E+02 0.4274E+02 0.4256E+02 0.4249E+02 0.4306E+02 0.4343E+02 0.4511E+02 0.4513E+02 0.4495E+02 0.4299E+02 0.4302E+02 0.4317E+02 0.4333E+02 0.4330E+02 0.4332E+02 0.4321E+02 0.4325E+02 0.4486E+02 0.4456E+02 0.4198E+02 0.4334E+02 0.4474E+02 0.4520E+02 0.4556E+02 0.4556E+02 0.4576E+02 0.4596E+02 0.4603E+02 0.4599E+02 0.4596E+02 0.4572E+02 0.4502E+02 0.4578E+02 0.4569E+02 0.4613E+02 0.4630E+02 0.4639E+02 0.4639E+02 0.4630E+02 0.4649E+02 0.4658E+02 0.4655E+02 0.4655E+02
0.4446E+02 0.4477E+02 0.4502E+02 0.4503E+02 0.4497E+02 0.4488E+02 0.4464E+02 0.4432E+02 0.4241E+02 0.4223E+02 0.4212E+02 0.4272E+02 0.4199E+02 0.4336E+02 0.4349E+02 0.4416E+02 0.4471E+02 0.4510E+02 0.4524E+02 0.4359E+02 0.4317E+02 0.4309E+02 0.4418E+02 0.4468E+02 0.4509E+02 0.4541E+02 0.4544E+02 0.4534E+02 0.4532E+02 0.4535E+02 0.4535E+02 0.4527E+02 0.4475E+02 0.4202E+02 0.4465E+02 0.4511E+02 0.4533E+02 0.4538E+02 0.4549E+02 0.4581E+02 0.4583E+02 0.4605E+02 0.4586E+02 0.4506E+02 0.4546E+02 0.4575E+02 0.4620E+02 0.4610E+02 0.4631E+02 0.4608E+02 0.4629E+02 0.4647E+02 0.4656E+02 0.4659E+02 0.4671E+02 0.4665E+02
0.4235E+02 0.4258E+02 0.4251E+02 0.4303E+02 0.4282E+02 0.4274E+02 0.4293E+02 0.4276E+02 0.4445E+02 0.4389E+02 0.4388E+02 0.4368E+02 0.4175E+02 0.4318E+02 0.4383E+02 0.4480E+02 0.4514E+02 0.4519E+02 0.4534E+02 0.4520E+02 0.4470E+02 0.4459E+02 0.4444E+02 0.4484E+02 0.4516E+02 0.4554E+02 0.4540E+02 0.4547E+02 0.4549E+02 0.4536E+02 0.4545E+02 0.4535E+02 0.4507E+02 0.4308E+02 0.4263E+02 0.4451E+02 0.4459E+02 0.4477E+02 0.4535E+02 0.4565E+02 0.4597E+02 0.4594E+02 0.4513E+02 0.4525E+02 0.4565E+02 0.4625E+02 0.4646E+02 0.4645E+02 0.4626E+02 0.4587E+02 0.4617E+02 0.4630E+02 0.4657E+02 0.4652E+02 0.4652E+02 0.4633E+02
0.4414E+02 0.4416E+02 0.4449E+02 0.4448E+02 0.4482E+02 0.4459E+02 0.4440E+02 0.4417E+02 0.4403E+02 0.4473E+02 0.4496E+02 0.4406E+02 0.4339E+02 0.4491E+02 0.4518E+02 0.4466E+02 0.4466E+02 0.4489E+02 0.4512E+02 0.4506E+02 0.4524E+02 0.4575E+02 0.4542E+02 0.4528E+02 0.4488E+02 0.4512E+02 0.4510E+02 0.4519E+02 0.4517E+02 0.4525E+02 0.4552E+02 0.4523E+02 0.4416E+02 0.4373E+02 0.4121E+02 0.4397E+02 0.4513E+02 0.4546E+02 0.4489E+02 0.4544E+02 0.4568E+02 0.4569E+02 0.4499E+02 0.4542E+02 0.4606E+02 0.4616E+02 0.4637E+02 0.4637E+02 0.4629E+02 0.4625E+02 0.4648E+02 0.4630E+02 0.4635E+02 0.4619E+02 0.4634E+02 0.4633E+02
0.4554E+02 0.4560E+02 0.4556E+02 0.4552E+02 0.4558E+02 0.4551E+02 0.4531E+02 0.4477E+02 0.4487E+02 0.4494E+02 0.4525E+02 0.4268E+02 0.4482E+02 0.4547E+02 0.4551E+02 0.4560E+02 0.4564E+02 0.4576E+02 0.4606E+02 0.4614E+02 0.4613E+02 0.4604E+02 0.4566E+02 0.4593E+02 0.4599E+02 0.4621E+02 0.4611E+02 0.4616E+02 0.4595E+02 0.4533E+02 0.4506E+02 0.4460E+02 0.4461E+02 0.4443E+02 0.4212E+02 0.4474E+02 0.4536E+02 0.4531E+02 0.4567E+02 0.4501E+02 0.4538E+02 0.4488E+02 0.4534E+02 0.4600E+02 0.4629E+02 0.4611E+02 0.4592E+02 0.4587E+02 0.4614E+02 0.4655E+02 0.4649E+02 0.4639E+02 0.4645E+02 0.4625E+02 0.4624E+02 0.4635E+02
0.4575E+02 0.4549E+02 0.4553E+02 0.4556E+02 0.4561E+02 0.4555E+02 0.4552E+02 0.4569E+02 0.4566E+02 0.4560E+02 0.4491E+02 0.4271E+02 0.4526E+02 0.4582E+02 0.4596E+02 0.4605E+02 0.4597E+02 0.4603E+02 0.4618E+02 0.4622E+02 0.4602E+02 0.4605E+02 0.4615E+02 0.4599E+02 0.4606E+02 0.4606E+02 0.4613E+02 0.4629E+02 0.4628E+02 0.4605E+02 0.4569E+02 0.4480E+02 0.4479E+02 0.4406E+02 0.4199E+02 0.4430E+02 0.4501E+02 0.4532E+02 0.4574E+02 0.4541E+02 0.4471E+02 0.4536E+02 0.4576E+02 0.4611E+02 0.4619E+02 0.4641E+02 0.4637E+02 0.4651E+02 0.4632E+02 0.4642E+02 0.4649E+02 0.4654E+02 0.4654E+02 0.4610E+02 0.4599E+02 0.4629E+02
0.4560E+02 0.4600E+02 0.4614E+02 0.4619E+02 0.4624E+02 0.4623E+02 0.4624E+02 0.4612E+02 0.4624E+02 0.4607E+02 0.4557E+02 0.4325E+02 0.4531E+02 0.4598E+02 0.4626E+02 0.4651E+02 0.4622E+02 0.4634E+02 0.4585E+02 0.4592E+02 0.4631E+02 0.4638E+02 0.4640E+02 0.4641E+02 0.4658E+02 0.4644E+02 0.4658E+02 0.4640E+02 0.4637E+02 0.4598E+02 0.4545E+02 0.4540E+02 0.4509E+02 0.4361E+02 0.4135E+02 0.4451E+02 0.4548E+02 0.4568E+02 0.4523E+02 0.4577E+02 0.4586E+02 0.4571E+02 0.4598E+02 0.4613E+02 0.4625E+02 0.4647E+02 0.4647E+02 0.4643E+02 0.4652E+02 0.4634E+02 0.4630E+02 0.4650E+02 0.4627E+02 0.4612E+02 0.4592E+02 0.4645E+02
0.4609E+02 0.4637E+02 0.4644E+02 0.4651E+02 0.4647E+02 0.4651E+02 0.4645E+02 0.4638E+02 0.4644E+02 0.4621E+02 0.4590E+02 0.4327E+02 0.4531E+02 0.4594E+02 0.4630E+02 0.4597E+02 0.4592E+02 0.4592E+02 0.4592E+02 0.4621E+02 0.4616E+02 0.4637E+02 0.4641E+02 0.4647E+02 0.4663E+02 0.4650E+02 0.4665E+02 0.4662E+02 0.4661E+02 0.4640E+02 0.4619E+02 0.4579E+02 0.4564E+02 0.4485E+02 0.4180E+02 0.4466E+02 0.4541E+02 0.4555E+02 0.4559E+02 0.4595E+02 0.4605E+02 0.4590E+02 0.4622E+02 0.4630E+02 0.4630E+02 0.4639E+02 0.4644E+02 0.4640E+02 0.4646E+02 0.4637E+02 0.4608E+02 0.4590E+02 0.4589E+02 0.4532E+02 0.4508E+02 0.4616E+02
0.4638E+02 0.4657E+02 0.4653E+02 0.4665E+02 0.4662E+02 0.4666E+02 0.4646E+02 0.4659E+02 0.4653E+02 0.4630E+02 0.4578E+02 0.4316E+02 0.4520E+02 0.4557E+02 0.4590E+02 0.4641E+02 0.4649E+02 0.4658E+02 0.4645E+02 0.4619E+02 0.4621E+02 0.4613E+02 0.4630E+02 0.4626E+02 0.4662E+02 0.4659E+02 0.4667E+02 0.4664E+02 0.4671E+02 0.4653E+02 0.4615E+02 0.4593E+02 0.4570E+02 0.4505E+02 0.4171E+02 0.4446E+02 0.4515E+02 0.4529E+02 0.4538E+02 0.4552E+02 0.4607E+02 0.4586E+02 0.4618E+02 0.4625E+02 0.4626E+02 0.4625E+02 0.4621E+02 0.4618E+02 0.4625E+02 0.4612E+02 0.4580E+02 0.4529E+02 0.4493E+02 0.4490E+02 0.4500E+02 0.4548E+02
