Data/conc_NOx_RR2020_2002.asc
NCOLS          280
NROWS          320
XLLCORNER            0
YLLCORNER       300000
CELLSIZE         1000
NODATA_VALUE  -0.9990E+03
[rows 200 to 224 of 320, columns 112 to 167 of 280]
0.1954E+02 0.1914E+02 0.1904E+02 0.1895E+02 0.1882E+02 0.1890E+02 0.1934E+02 0.1924E+02 0.1924E+02 0.2004E+02 0.2162E+02 0.2792E+02 0.2038E+02 0.1925E+02 0.1894E+02 0.1823E+02 0.1799E+02 0.1777E+02 0.1711E+02 0.1770E+02 0.1764E+02 0.1778E+02 0.1806E+02 0.1938E+02 0.1836E+02 0.1818E+02 0.1765E+02 0.1759E+02 0.1810E+02 0.1811E+02 0.1908E+02 0.1911E+02 0.1914E+02 0.2043E+02 0.2677E+02 0.3276E+02 0.2340E+02 0.2008E+02 0.1922E+02 0.1899E+02 0.1816E+02 0.1878E+02 0.1788E+02 0.1764E+02 0.1745E+02 0.1726E+02 0.1774E+02 0.1739E+02 0.1821E+02 0.1785E+02 0.1920E+02 0.2155E+02 0.2243E+02 0.2125E+02 0.2162E+02 0.1938E+02
0.1918E+02 0.1900E+02 0.1883E+02 0.1871E+02 0.1871E+02 0.1862E+02 0.1912E+02 0.1905E+02 0.1924E+02 0.2030E+02 0.2425E+02 0.2548E+02 0.1968E+02 0.1883E+02 0.1852E+02 0.1816E+02 0.1793E+02 0.1775E+02 0.1754E+02 0.1762E+02 0.1771E+02 0.1782E+02 0.1776E+02 0.1896E+02 0.1837E+02 0.1938E+02 0.1785E+02 0.1758E+02 0.1764E+02 0.1843E+02 0.1887E+02 0.1895E+02 0.1909E+02 0.2005E+02 0.2178E+02 0.3034E+02 0.2984E+02 0.2161E+02 0.2017E+02 0.1935E+02 0.1875E+02 0.1853E+02 0.1788E+02 0.1794E+02 0.1783E+02 0.1775E+02 0.1781E+02 0.1780E+02 0.1840E+02 0.1893E+02 0.1962E+02 0.2193E+02 0.2250E+02 0.2216E+02 0.2290E+02 0.1865E+02
0.1909E+02 0.1865E+02 0.1914E+02 0.1834E+02 0.1869E+02 0.1898E+02 0.1899E+02 0.1924E+02 0.1951E+02 0.2125E+02 0.2933E+02 0.2127E+02 0.1914E+02 0.1844E+02 0.1838E+02 0.1813E+02 0.1797E+02 0.1780E+02 0.1774E+02 0.1790E+02 0.1782E+02 0.1779E+02 0.1827E+02 0.1896E+02 0.2008E+02 0.1896E+02 0.1841E+02 0.1861E+02 0.1859E+02 0.1847E+02 0.1890E+02 0.2035E+02 0.2042E+02 0.2080E+02 0.2168E+02 0.2177E+02 0.3436E+02 0.2438E+02 0.2146E+02 0.1971E+02 0.1930E+02 0.1916E+02 0.1833E+02 0.1794E+02 0.1790E+02 0.1872E+02 0.1814E+02 0.1851E+02 0.1863E+02 0.1896E+02 0.1979E+02 0.2268E+02 0.2178E+02 0.2034E+02 0.1949E+02 0.2084E+02
0.1896E+02 0.1884E+02 0.1841E+02 0.1879E+02 0.1891E+02 0.1916E+02 0.1917E+02 0.1960E+02 0.2039E+02 0.2624E+02 0.2631E+02 0.2049E+02 0.1913E+02 0.1864E+02 0.1853E+02 0.1820E+02 0.1806E+02 0.1779E+02 0.1779E+02 0.1811E+02 0.1825E+02 0.1870E+02 0.1870E+02 0.1873E+02 0.2087E+02 0.1905E+02 0.1886E+02 0.1785E+02 0.1765E+02 0.1842E+02 0.1857E+02 0.1860E+02 0.1933E+02 0.2013E+02 0.2185E+02 0.2278E+02 0.2336E+02 0.3649E+02 0.2221E+02 0.2085E+02 0.2066E+02 0.1947E+02 0.1897E+02 0.1847E+02 0.1846E+02 0.1903E+02 0.1850E+02 0.1908E+02 0.1981E+02 0.2048E+02 0.2657E+02 0.2732E+02 0.2528E+02 0.2561E+02 0.2719E+02 0.2619E+02
0.1919E+02 0.1900E+02 0.1883E+02 0.1870E+02 0.1890E+02 0.1904E+02 0.1964E+02 0.2029E+02 0.2558E+02 0.2659E+02 0.2125E+02 0.2059E+02 0.2050E+02 0.1917E+02 0.1891E+02 0.1879E+02 0.1847E+02 0.1832E+02 0.1838E+02 0.1810E+02 0.1783E+02 0.1798E+02 0.1886E+02 0.1950E+02 0.2046E+02 0.1878E+02 0.1814E+02 0.1821E+02 0.1817E+02 0.1804E+02 0.1786E+02 0.1813E+02 0.1868E+02 0.1954E+02 0.2181E+02 0.2326E+02 0.2377E+02 0.2732E+02 0.3217E+02 0.2429E+02 0.2378E+02 0.2126E+02 0.1984E+02 0.1913E+02 0.1813E+02 0.1865E+02 0.1976E+02 0.2329E+02 0.2732E+02 0.2749E+02 0.2002E+02 0.2020E+02 0.1975E+02 0.1978E+02 0.1895E+02 0.2656E+02
0.1960E+02 0.1960E+02 0.1930E+02 0.1917E+02 0.1892E+02 0.2023E+02 0.2079E+02 0.2175E+02 0.2970E+02 0.2236E+02 0.2088E+02 0.2026E+02 0.1969E+02 0.1892E+02 0.1887E+02 0.1884E+02 0.1841E+02 0.1811E+02 0.1812E+02 0.1834E+02 0.1845E+02 0.1864E+02 0.1913E+02 0.1817E+02 0.1774E+02 0.1950E+02 0.1835E+02 0.1827E+02 0.1857E+02 0.1804E+02 0.1804E+02 0.1822E+02 0.1886E+02 0.2003E+02 0.2187E+02 0.2706E+02 0.3066E+02 0.2902E+02 0.3162E+02 0.3967E+02 0.2653E+02 0.2272E+02 0.2083E+02 0.1963E+02 0.1969E+02 0.2447E+02 0.2621E+02 0.2455E+02 0.2002E+02 0.1885E+02 0.1863E+02 0.1937E+02 0.1896E+02 0.1889E+02 0.1918E+02 0.2394E+02
0.1942E+02 0.1943E+02 0.1977E+02 0.2008E+02 0.2038E+02 0.2049E+02 0.2146E+02 0.2346E+02 0.2891E+02 0.2175E+02 0.2056E+02 0.2000E+02 0.1969E+02 0.1880E+02 0.1856E+02 0.1862E+02 0.1868E+02 0.1881E+02 0.1894E+02 0.1919E+02 0.1884E+02 0.1828E+02 0.1918E+02 0.1805E+02 0.1806E+02 0.1847E+02 0.1922E+02 0.1993E+02 0.1938E+02 0.1872E+02 0.1872E+02 0.1881E+02 0.1948E+02 0.2054E+02 0.2939E+02 0.2645E+02 0.2506E+02 0.2536E+02 0.2669E+02 0.3222E+02 0.3187E+02 0.2484E+02 0.2711E+02 0.2456E+02 0.2513E+02 0.1895E+02 0.1918E+02 0.1973E+02 0.1880E+02 0.1820E+02 0.1865E+02 0.1860E+02 0.1921E+02 0.1826E+02 0.1935E+02 0.2359E+02
0.1953E+02 0.1967E+02 0.2040E+02 0.2032E+02 0.2092E+02 0.2212E+02 0.2302E+02 0.2406E+02 0.2944E+02 0.2263E+02 0.2127E+02 0.2058E+02 0.1997E+02 0.1991E+02 0.1909E+02 0.1940E+02 0.1941E+02 0.1929E+02 0.1981E+02 0.2030E+02 0.1996E+02 0.1922E+02 0.1947E+02 0.1887E+02 0.1917E+02 0.1911E+02 0.2237E+02 0.2700E+02 0.2370E+02 0.2016E+02 0.2023E+02 0.2051E+02 0.2062E+02 0.2773E+02 0.2454E+02 0.2632E+02 0.2670E+02 0.2789E+02 0.2724E+02 0.2498E+02 0.3759E+02 0.3033E+02 0.2125E+02 0.1977E+02 0.1875E+02 0.1786E+02 0.1792E+02 0.1823E+02 0.1790E+02 0.1829E+02 0.1805E+02 0.1895E+02 0.1833E+02 0.1865E+02 0.1888E+02 0.2152E+02
0.1992E+02 0.2020E+02 0.2072E+02 0.2252E+02 0.2232E+02 0.2167E+02 0.2232E+02 0.2487E+02 0.3518E+02 0.2757E+02 0.2625E+02 0.2572E+02 0.2482E+02 0.2521E+02 0.2412E+02 0.2468E+02 0.2509E+02 0.2522E+02 0.2610E+02 0.2774E+02 0.2551E+02 0.2569E+02 0.2491E+02 0.2493E+02 0.2459E+02 0.2475E+02 0.2357E+02 0.2061E+02 0.2171E+02 0.2561E+02 0.2538E+02 0.2566E+02 0.2715E+02 0.2441E+02 0.2563E+02 0.2384E+02 0.2772E+02 0.2751E+02 0.2679E+02 0.2406E+02 0.3537E+02 0.2395E+02 0.2114E+02 0.1974E+02 0.1880E+02 0.1806E+02 0.1741E+02 0.1854E+02 0.1773E+02 0.1840E+02 0.1773E+02 0.1854E+02 0.1827E+02 0.1765E+02 0.1833E+02 0.1900E+02
0.2078E+02 0.2142E+02 0.2212E+02 0.2360E+02 0.2379E+02 0.2753E+02 0.2812E+02 0.3050E+02 0.2886E+02 0.2194E+02 0.2126E+02 0.2059E+02 0.2070E+02 0.2001E+02 0.1964E+02 0.1939E+02 0.1921E+02 0.1986E+02 0.1966E+02 0.2414E+02 0.2217E+02 0.2175E+02 0.2009E+02 0.1893E+02 0.2016E+02 0.2042E+02 0.1990E+02 0.1820E+02 0.1814E+02 0.1815E+02 0.1856E+02 0.1917E+02 0.1941E+02 0.1955E+02 0.2091E+02 0.2620E+02 0.2852E+02 0.2478E+02 0.2653E+02 0.2680E+02 0.3927E+02 0.2604E+02 0.2294E+02 0.2014E+02 0.1921E+02 0.1871E+02 0.1837E+02 0.1841E+02 0.1835E+02 0.1783E+02 0.1826E+02 0.1797E+02 0.1865E+02 0.1823E+02 0.1751E+02 0.1800E+02
0.2151E+02 0.2298E+02 0.2774E+02 0.3024E+02 0.2674E+02 0.2298E+02 0.2309E+02 0.2885E+02 0.2223E+02 0.2097E+02 0.2017E+02 0.1978E+02 0.1987E+02 0.1965E+02 0.1922E+02 0.1869E+02 0.1865E+02 0.2005E+02 0.1927E+02 0.2350E+02 0.2245E+02 0.1994E+02 0.1851E+02 0.1734E+02 0.1790E+02 0.1806E+02 0.1809E+02 0.1768E+02 0.1759E+02 0.1752E+02 0.1793E+02 0.1809E+02 0.1847E+02 0.1864E+02 0.1931E+02 0.2054E+02 0.2430E+02 0.2450E+02 0.3595E+02 0.3493E+02 0.2414E+02 0.2158E+02 0.2362E+02 0.2168E+02 0.1956E+02 0.1916E+02 0.1840E+02 0.1764E+02 0.1726E+02 0.1752E+02 0.1809E+02 0.1848E+02 0.1927E+02 0.1849E+02 0.1881E+02 0.1804E+02
0.2733E+02 0.2788E+02 0.2230E+02 0.2178E+02 0.2317E+02 0.2262E+02 0.2336E+02 0.2734E+02 0.2192E+02 0.2074E+02 0.2000E+02 0.1947E+02 0.1943E+02 0.1927E+02 0.1967E+02 0.1908E+02 0.1845E+02 0.1935E+02 0.2105E+02 0.2156E+02 0.2329E+02 0.1864E+02 0.1727E+02 0.1748E+02 0.1741E+02 0.1757E+02 0.1690E+02 0.1697E+02 0.1679E+02 0.1687E+02 0.1717E+02 0.1802E+02 0.1835E+02 0.1812E+02 0.1868E+02 0.2003E+02 0.2500E+02 0.3604E+02 0.2318E+02 0.2413E+02 0.2105E+02 0.2049E+02 0.1972E+02 0.2279E+02 0.2038E+02 0.1930E+02 0.1889E+02 0.1753E+02 0.1758E+02 0.1795E+02 0.1813E+02 0.1861E+02 0.1849E+02 0.1836E+02 0.1800E+02 0.1803E+02
0.2404E+02 0.2144E+02 0.2076E+02 0.2053E+02 0.2267E+02 0.2405E+02 0.2441E+02 0.2460E+02 0.2735E+02 0.2121E+02 0.1994E+02 0.1918E+02 0.1980E+02 0.1899E+02 0.1889E+02 0.1856E+02 0.1834E+02 0.1989E+02 0.2096E+02 0.2180E+02 0.2171E+02 0.1766E+02 0.1701E+02 0.1656E+02 0.1743E+02 0.1743E+02 0.1696E+02 0.1719E+02 0.1720E+02 0.1729E+02 0.1744E+02 0.1787E+02 0.1824E+02 0.1827E+02 0.1970E+02 0.2259E+02 0.2416E+02 0.2949E+02 0.2148E+02 0.2090E+02 0.2205E+02 0.2013E+02 0.1945E+02 0.1921E+02 0.2227E+02 0.2212E+02 0.1955E+02 0.1926E+02 0.1941E+02 0.1896E+02 0.1877E+02 0.1909E+02 0.1900E+02 0.1940E+02 0.1883E+02 0.1921E+02
0.2199E+02 0.2092E+02 0.2015E+02 0.1994E+02 0.2171E+02 0.2323E+02 0.2363E+02 0.2554E+02 0.3176E+02 0.2158E+02 0.2016E+02 0.1947E+02 0.1948E+02 0.1905E+02 0.1942E+02 0.1898E+02 0.1946E+02 0.1869E+02 0.1884E+02 0.1860E+02 0.2145E+02 0.1804E+02 0.1753E+02 0.1674E+02 0.1688E+02 0.1672E+02 0.1665E+02 0.1710E+02 0.1681E+02 0.1696E+02 0.1754E+02 0.1821E+02 0.1841E+02 0.1900E+02 0.2272E+02 0.2272E+02 0.2229E+02 0.2927E+02 0.2180E+02 0.2071E+02 0.2035E+02 0.2065E+02 0.1957E+02 0.1890E+02 0.1954E+02 0.1885E+02 0.2115E+02 0.2124E+02 0.2161E+02 0.2019E+02 0.1919E+02 0.1941E+02 0.1926E+02 0.2017E+02 0.2035E+02 0.2064E+02
0.2226E+02 0.2019E+02 0.1969E+02 0.1979E+02 0.2027E+02 0.2282E+02 0.2318E+02 0.2588E+02 0.2669E+02 0.2246E+02 0.2020E+02 0.1964E+02 0.2027E+02 0.1977E+02 0.1902E+02 0.1900E+02 0.1879E+02 0.1858E+02 0.1791E+02 0.1798E+02 0.2150E+02 0.1831E+02 0.1774E+02 0.1710E+02 0.1704E+02 0.1686E+02 0.1684E+02 0.1705E+02 0.1741E+02 0.1731E+02 0.1818E+02 0.1844E+02 0.1917E+02 0.2354E+02 0.1880E+02 0.2022E+02 0.2020E+02 0.2828E+02 0.2067E+02 0.1974E+02 0.2023E+02 0.2073E+02 0.2038E+02 0.1976E+02 0.1970E+02 0.1889E+02 0.1869E+02 0.1824E+02 0.1993E+02 0.2254E+02 0.1994E+02 0.2058E+02 0.2086E+02 0.2253E+02 0.2621E+02 0.2642E+02
0.2238E+02 0.2022E+02 0.2002E+02 0.1994E+02 0.2036E+02 0.2176E+02 0.2350E+02 0.2977E+02 0.2170E+02 0.2016E+02 0.2215E+02 0.2174E+02 0.2118E+02 0.1907E+02 0.1904E+02 0.1958E+02 0.1906E+02 0.1869E+02 0.1871E+02 0.1896E+02 0.2219E+02 0.1959E+02 0.1800E+02 0.1811E+02 0.1793E+02 0.1720E+02 0.1738E+02 0.1720E+02 0.1793E+02 0.1847E+02 0.1793E+02 0.1953E+02 0.2285E+02 0.2023E+02 0.1795E+02 0.1861E+02 0.1884E+02 0.2797E+02 0.1988E+02 0.1906E+02 0.1891E+02 0.1942E+02 0.1846E+02 0.1862E+02 0.1964E+02 0.2057E+02 0.2040E+02 0.1906E+02 0.1854E+02 0.1916E+02 0.2357E+02 0.2764E+02 0.2699E+02 0.2425E+02 0.2063E+02 0.2004E+02
0.2291E+02 0.2068E+02 0.2042E+02 0.2032E+02 0.2090E+02 0.2109E+02 0.2742E+02 0.2197E+02 0.2013E+02 0.1944E+02 0.2145E+02 0.2051E+02 0.2037E+02 0.2002E+02 0.1910E+02 0.1937E+02 0.2012E+02 0.1936E+02 0.1893E+02 0.1882E+02 0.2202E+02 0.1931E+02 0.1886E+02 0.1793E+02 0.1777E+02 0.1788E+02 0.1785E+02 0.1830E+02 0.1828E+02 0.1837E+02 0.2016E+02 0.2291E+02 0.1962E+02 0.1848E+02 0.1810E+02 0.1861E+02 0.1880E+02 0.2157E+02 0.2705E+02 0.1945E+02 0.1877E+02 0.1897E+02 0.1859E+02 0.1825E+02 0.1854E+02 0.1938E+02 0.2101E+02 0.2111E+02 0.1900E+02 0.1880E+02 0.2359E+02 0.2726E+02 0.2287E+02 0.2160E+02 0.2091E+02 0.1909E+02
0.2482E+02 0.2358E+02 0.2191E+02 0.2252E+02 0.2175E+02 0.2388E+02 0.2432E+02 0.1992E+02 0.1978E+02 0.1929E+02 0.2055E+02 0.2010E+02 0.2037E+02 0.2036E+02 0.2073E+02 0.2222E+02 0.2124E+02 0.1924E+02 0.1863E+02 0.1887E+02 0.1916E+02 0.2271E+02 0.1968E+02 0.1904E+02 0.1885E+02 0.1965E+02 0.1961E+02 0.1859E+02 0.1864E+02 0.2049E+02 0.2227E+02 0.1891E+02 0.1902E+02 0.1866E+02 0.1832E+02 0.1842E+02 0.1905E+02 0.1912E+02 0.2938E+02 0.2063E+02 0.1973E+02 0.1856E+02 0.1852E+02 0.1771E+02 0.1793E+02 0.1876E+02 0.1957E+02 0.2076E+02 0.2078E+02 0.2065E+02 0.2224E+02 0.2575E+02 0.2413E+02 0.2180E+02 0.2122E+02 0.1985E+02
0.2775E+02 0.2740E+02 0.2656E+02 0.2544E+02 0.2494E+02 0.2523E+02 0.2040E+02 0.1948E+02 0.1968E+02 0.1915E+02 0.2001E+02 0.2042E+02 0.1979E+02 0.1915E+02 0.2041E+02 0.2000E+02 0.2160E+02 0.2286E+02 0.2159E+02 0.1946E+02 0.2142E+02 0.2680E+02 0.2247E+02 0.1994E+02 0.1954E+02 0.1959E+02 0.1911E+02 0.2028E+02 0.2115E+02 0.2207E+02 0.1921E+02 0.1928E+02 0.1837E+02 0.1825E+02 0.1776E+02 0.1793E+02 0.1866E+02 0.1904E+02 0.2177E+02 0.2870E+02 0.2091E+02 0.1909E+02 0.1806E+02 0.1786E+02 0.1805E+02 0.1822E+02 0.1853E+02 0.2034E+02 0.1917E+02 0.1887E+02 0.2027E+02 0.2765E+02 0.2249E+02 0.2120E+02 0.2032E+02 0.1912E+02
0.2772E+02 0.2674E+02 0.2553E+02 0.2526E+02 0.2992E+02 0.2238E+02 0.2147E+02 0.1956E+02 0.1937E+02 0.2076E+02 0.2130E+02 0.2037E+02 0.1922E+02 0.1931E+02 0.2039E+02 0.2100E+02 0.2107E+02 0.2169E+02 0.2290E+02 0.2294E+02 0.2333E+02 0.2405E+02 0.2237E+02 0.2367E+02 0.2001E+02 0.2000E+02 0.2016E+02 0.2321E+02 0.2303E+02 0.2013E+02 0.1899E+02 0.1859E+02 0.1869E+02 0.1812E+02 0.1768E+02 0.1800E+02 0.1949E+02 0.2007E+02 0.2124E+02 0.2424E+02 0.2607E+02 0.1909E+02 0.1792E+02 0.1742E+02 0.1756E+02 0.1787E+02 0.1831E+02 0.2062E+02 0.1903E+02 0.1923E+02 0.2004E+02 0.2632E+02 0.1985E+02 0.1892E+02 0.2030E+02 0.2025E+02
0.2774E+02 0.2643E+02 0.2721E+02 0.2888E+02 0.2390E+02 0.2105E+02 0.2023E+02 0.1991E+02 0.2011E+02 0.2132E+02 0.2112E+02 0.2081E+02 0.1973E+02 0.1930E+02 0.2100E+02 0.2065E+02 0.2127E+02 0.2203E+02 0.2329E+02 0.2296E+02 0.2509E+02 0.2358E+02 0.2303E+02 0.2377E+02 0.2285E+02 0.2114E+02 0.2331E+02 0.2349E+02 0.2090E+02 0.2187E+02 0.2018E+02 0.1806E+02 0.1720E+02 0.1761E+02 0.1731E+02 0.1757E+02 0.1817E+02 0.2011E+02 0.2081E+02 0.2152E+02 0.2713E+02 0.2002E+02 0.1804E+02 0.1831E+02 0.1839E+02 0.1819E+02 0.1837E+02 0.1995E+02 0.1996E+02 0.2044E+02 0.2673E+02 0.2033E+02 0.1929E+02 0.1907E+02 0.1912E+02 0.1978E+02
0.2734E+02 0.2777E+02 0.2520E+02 0.2722E+02 0.2232E+02 0.2046E+02 0.1967E+02 0.1949E+02 0.1974E+02 0.1931E+02 0.1998E+02 0.2099E+02 0.2077E+02 0.2029E+02 0.2135E+02 0.2144E+02 0.2130E+02 0.2218E+02 0.2183E+02 0.2380E+02 0.2679E+02 0.2485E+02 0.2492E+02 0.2336E+02 0.2549E+02 0.2378E+02 0.2677E+02 0.2157E+02 0.2038E+02 0.2010E+02 0.1911E+02 0.1781E+02 0.1738E+02 0.1692E+02 0.1700E+02 0.1677E+02 0.1748E+02 0.1859E+02 0.2117E+02 0.2316E+02 0.3025E+02 0.2067E+02 0.1886E+02 0.1836E+02 0.1854E+02 0.1838E+02 0.1843E+02 0.1927E+02 0.2126E+02 0.2700E+02 0.2292E+02 0.1989E+02 0.1887E+02 0.1871E+02 0.1834E+02 0.1817E+02
0.2262E+02 0.2323E+02 0.2243E+02 0.2581E+02 0.2217E+02 0.2096E+02 0.2076E+02 0.2062E+02 0.2073E+02 0.2074E+02 0.1988E+02 0.1994E+02 0.2037E+02 0.2077E+02 0.2147E+02 0.2157E+02 0.2168E+02 0.2228E+02 0.2076E+02 0.2371E+02 0.2632E+02 0.2499E+02 0.2488E+02 0.2582E+02 0.2366E+02 0.3129E+02 0.2214E+02 0.1977E+02 0.1894E+02 0.1839E+02 0.1777E+02 0.1748E+02 0.1734E+02 0.1677E+02 0.1692E+02 0.1674E+02 0.1715E+02 0.1790E+02 0.1865E+02 0.1979E+02 0.2809E+02 0.2008E+02 0.1941E+02 0.1833E+02 0.1810E+02 0.1862E+02 0.1886E+02 0.1971E+02 0.2207E+02 0.2794E+02 0.1995E+02 0.1929E+02 0.1887E+02 0.1862E+02 0.1844E+02 0.1789E+02
0.2074E+02 0.2161E+02 0.2148E+02 0.2637E+02 0.2642E+02 0.2872E+02 0.2872E+02 0.2813E+02 0.2830E+02 0.2897E+02 0.2858E+02 0.2737E+02 0.2286E+02 0.2047E+02 0.2069E+02 0.1948E+02 0.1948E+02 0.2114E+02 0.2306E+02 0.2500E+02 0.2684E+02 0.2750E+02 0.2697E+02 0.2616E+02 0.2450E+02 0.2738E+02 0.2047E+02 0.1902E+02 0.1913E+02 0.1834E+02 0.1815E+02 0.1711E+02 0.1703E+02 0.1680E+02 0.1677E+02 0.1673E+02 0.1717E+02 0.1763E+02 0.1789E+02 0.1855E+02 0.2246E+02 0.2546E+02 0.1963E+02 0.1859E+02 0.1821E+02 0.1873E+02 0.1936E+02 0.2014E+02 0.2161E+02 0.2681E+02 0.2042E+02 0.1858E+02 0.1865E+02 0.1811E+02 0.1865E+02 0.1791E+02
0.2058E+02 0.2136E+02 0.2242E+02 0.3021E+02 0.2510E+02 0.1989E+02 0.1996E+02 0.2011E+02 0.2017E+02 0.2037E+02 0.2038E+02 0.2013E+02 0.2655E+02 0.2875E+02 0.2907E+02 0.2028E+02 0.1961E+02 0.1979E+02 0.2113E+02 0.2629E+02 0.2835E+02 0.2712E+02 0.2625E+02 0.2842E+02 0.3407E+02 0.2848E+02 0.2587E+02 0.2005E+02 0.2084E+02 0.1951E+02 0.1881E+02 0.1854E+02 0.1746E+02 0.1724E+02 0.1687E+02 0.1736E+02 0.1769E+02 0.1739E+02 0.1813E+02 0.1777E+02 0.1866E+02 0.2682E+02 0.1983E+02 0.1876E+02 0.1859E+02 0.1917E+02 0.1921E+02 0.1995E+02 0.2122E+02 0.2674E+02 0.2008E+02 0.1832E+02 0.1802E+02 0.1843E+02 0.1828E+02 0.1769E+02
