Data/conc_PM10_RR2030_2002.asc
NCOLS          280
NROWS          320
XLLCORNER            0
YLLCORNER       300000
CELLSIZE         1000
NODATA_VALUE  -0.9990E+03
[rows 125 to 149 of 320, columns 168 to 223 of 280]
0.1348E+02 0.1354E+02 0.1352E+02 0.1346E+02 0.1344E+02 0.1340E+02 0.1336E+02 0.1334E+02 0.1334E+02 0.1334E+02 0.1335E+02 0.1325E+02 0.1323E+02 0.1344E+02 0.1327E+02 0.1315E+02 0.1332E+02 0.1347E+02 0.1343E+02 0.1351E+02 0.1345E+02 0.1348E+02 0.1335E+02 0.1330E+02 0.1344E+02 0.1338E+02 0.1341E+02 0.1304E+02 0.1305E+02 0.1342E+02 0.1330E+02 0.1319E+02 0.1322E+02 0.1352E+02 0.1343E+02 0.1339E+02 0.1339E+02 0.1338E+02 0.1345E+02 0.1339E+02 0.1344E+02 0.1354E+02 0.1352E+02 0.1353E+02 0.1381E+02 0.1358E+02 0.1353E+02 0.1349E+02 0.1369E+02 0.1360E+02 0.1380E+02 0.1432E+02 0.1382E+02 0.1367E+02 0.1381E+02 0.1359E+02
0.1354E+02 0.1383E+02 0.1383E+02 0.1355E+02 0.1347E+02 0.1349E+02 0.1341E+02 0.1337E+02 0.1333E+02 0.1367E+02 0.1333E+02 0.1339E+02 0.1325E+02 0.1334E+02 0.1318E+02 0.1331E+02 0.1336E+02 0.1348E+02 0.1348E+02 0.1370E+02 0.1350E+02 0.1358E+02 0.1332E+02 0.1349E+02 0.1333E+02 0.1310E+02 0.1299E+02 0.1297E+02 0.1305E+02 0.1334E+02 0.1321E+02 0.1322E+02 0.1327E+02 0.1377E+02 0.1349E+02 0.1342E+02 0.1344E+02 0.1341E+02 0.1345E+02 0.1340E+02 0.1345E+02 0.1374E+02 0.1349E+02 0.1344E+02 0.1370E+02 0.1349E+02 0.1339E+02 0.1344E+02 0.1355E+02 0.1371E+02 0.1399E+02 0.1721E+02 0.1403E+02 0.1359E+02 0.1354E+02 0.1355E+02
0.1357E+02 0.1384E+02 0.1373E+02 0.1365E+02 0.1358E+02 0.1373E+02 0.1361E+02 0.1338E+02 0.1347E+02 0.1340E+02 0.1351E+02 0.1350E+02 0.1338E+02 0.1315E+02 0.1325E+02 0.1333E+02 0.1364E+02 0.1338E+02 0.1365E+02 0.1537E+02 0.1389E+02 0.1342E+02 0.1358E+02 0.1317E+02 0.1315E+02 0.1293E+02 0.1294E+02 0.1299E+02 0.1308E+02 0.1337E+02 0.1326E+02 0.1328E+02 0.1330E+02 0.1353E+02 0.1356E+02 0.1346E+02 0.1345E+02 0.1342E+02 0.1348E+02 0.1342E+02 0.1345E+02 0.1347E+02 0.1344E+02 0.1344E+02 0.1356E+02 0.1352E+02 0.1341E+02 0.1348E+02 0.1358E+02 0.1367E+02 0.1382E+02 0.1408E+02 0.1375E+02 0.1372E+02 0.1352E+02 0.1344E+02
0.1357E+02 0.1369E+02 0.1418E+02 0.1369E+02 0.1375E+02 0.1494E+02 0.1358E+02 0.1336E+02 0.1340E+02 0.1320E+02 0.1322E+02 0.1328E+02 0.1335E+02 0.1326E+02 0.1332E+02 0.1346E+02 0.1338E+02 0.1335E+02 0.1349E+02 0.1370E+02 0.1372E+02 0.1401E+02 0.1320E+02 0.1306E+02 0.1289E+02 0.1290E+02 0.1293E+02 0.1303E+02 0.1317E+02 0.1342E+02 0.1331E+02 0.1355E+02 0.1356E+02 0.1353E+02 0.1353E+02 0.1351E+02 0.1351E+02 0.1353E+02 0.1350E+02 0.1349E+02 0.1347E+02 0.1347E+02 0.1346E+02 0.1349E+02 0.1351E+02 0.1351E+02 0.1358E+02 0.1356E+02 0.1368E+02 0.1410E+02 0.1387E+02 0.1386E+02 0.1368E+02 0.1356E+02 0.1352E+02 0.1341E+02
0.1354E+02 0.1362E+02 0.1363E+02 0.1351E+02 0.1352E+02 0.1364E+02 0.1350E+02 0.1331E+02 0.1335E+02 0.1324E+02 0.1324E+02 0.1330E+02 0.1337E+02 0.1344E+02 0.1350E+02 0.1345E+02 0.1335E+02 0.1327E+02 0.1340E+02 0.1333E+02 0.1334E+02 0.1332E+02 0.1312E+02 0.1291E+02 0.1290E+02 0.1297E+02 0.1319E+02 0.1310E+02 0.1319E+02 0.1355E+02 0.1362E+02 0.1461E+02 0.1384E+02 0.1366E+02 0.1361E+02 0.1368E+02 0.1374E+02 0.1367E+02 0.1356E+02 0.1357E+02 0.1348E+02 0.1350E+02 0.1355E+02 0.1368E+02 0.1359E+02 0.1361E+02 0.1371E+02 0.1384E+02 0.1390E+02 0.1413E+02 0.1390E+02 0.1373E+02 0.1388E+02 0.1356E+02 0.1351E+02 0.1340E+02
0.1360E+02 0.1360E+02 0.1373E+02 0.1368E+02 0.1348E+02 0.1348E+02 0.1342E+02 0.1330E+02 0.1338E+02 0.1328E+02 0.1339E+02 0.1343E+02 0.1344E+02 0.1345E+02 0.1366E+02 0.1358E+02 0.1333E+02 0.1323E+02 0.1336E+02 0.1329E+02 0.1304E+02 0.1300E+02 0.1326E+02 0.1296E+02 0.1305E+02 0.1308E+02 0.1309E+02 0.1309E+02 0.1321E+02 0.1363E+02 0.1376E+02 0.1411E+02 0.1377E+02 0.1369E+02 0.1365E+02 0.1374E+02 0.1426E+02 0.1391E+02 0.1361E+02 0.1352E+02 0.1351E+02 0.1358E+02 0.1361E+02 0.1369E+02 0.1376E+02 0.1376E+02 0.1383E+02 0.1419E+02 0.1413E+02 0.1379E+02 0.1385E+02 0.1371E+02 0.1362E+02 0.1359E+02 0.1368E+02 0.1346E+02
0.1375E+02 0.1361E+02 0.1356E+02 0.1363E+02 0.1345E+02 0.1342E+02 0.1339E+02 0.1334E+02 0.1334E+02 0.1340E+02 0.1355E+02 0.1358E+02 0.1351E+02 0.1399E+02 0.1410E+02 0.1390E+02 0.1341E+02 0.1345E+02 0.1309E+02 0.1298E+02 0.1301E+02 0.1300E+02 0.1319E+02 0.1309E+02 0.1311E+02 0.1309E+02 0.1313E+02 0.1328E+02 0.1323E+02 0.1367E+02 0.1377E+02 0.1390E+02 0.1368E+02 0.1380E+02 0.1371E+02 0.1365E+02 0.1365E+02 0.1411E+02 0.1382E+02 0.1362E+02 0.1362E+02 0.1382E+02 0.1374E+02 0.1390E+02 0.1459E+02 0.1411E+02 0.1408E+02 0.1462E+02 0.1391E+02 0.1388E+02 0.1382E+02 0.1376E+02 0.1375E+02 0.1370E+02 0.1362E+02 0.1365E+02
0.1373E+02 0.1377E+02 0.1363E+02 0.1359E+02 0.1358E+02 0.1356E+02 0.1356E+02 0.1350E+02 0.1346E+02 0.1344E+02 0.1350E+02 0.1355E+02 0.1381E+02 0.1430E+02 0.1387E+02 0.1342E+02 0.1352E+02 0.1323E+02 0.1321E+02 0.1297E+02 0.1299E+02 0.1308E+02 0.1311E+02 0.1314E+02 0.1314E+02 0.1316E+02 0.1319E+02 0.1326E+02 0.1328E+02 0.1355E+02 0.1395E+02 0.1374E+02 0.1389E+02 0.1376E+02 0.1366E+02 0.1357E+02 0.1357E+02 0.1360E+02 0.1364E+02 0.1368E+02 0.1376E+02 0.1374E+02 0.1400E+02 0.1474E+02 0.1398E+02 0.1465E+02 0.1398E+02 0.1377E+02 0.1382E+02 0.1395E+02 0.1388E+02 0.1374E+02 0.1443E+02 0.1406E+02 0.1383E+02 0.1391E+02
0.1370E+02 0.1380E+02 0.1395E+02 0.1423E+02 0.1429E+02 0.1386E+02 0.1381E+02 0.1372E+02 0.1355E+02 0.1352E+02 0.1359E+02 0.1346E+02 0.1358E+02 0.1366E+02 0.1358E+02 0.1344E+02 0.1325E+02 0.1313E+02 0.1313E+02 0.1298E+02 0.1306E+02 0.1312E+02 0.1312E+02 0.1317E+02 0.1318E+02 0.1317E+02 0.1331E+02 0.1347E+02 0.1358E+02 0.1390E+02 0.1403E+02 0.1391E+02 0.1500E+02 0.1381E+02 0.1359E+02 0.1355E+02 0.1361E+02 0.1362E+02 0.1369E+02 0.1401E+02 0.1452E+02 0.1382E+02 0.1368E+02 0.1370E+02 0.1379E+02 0.1392E+02 0.1439E+02 0.1379E+02 0.1391E+02 0.1367E+02 0.1346E+02 0.1354E+02 0.1390E+02 0.1532E+02 0.1388E+02 0.1354E+02
0.1372E+02 0.1375E+02 0.1411E+02 0.1588E+02 0.1461E+02 0.1434E+02 0.1439E+02 0.1401E+02 0.1368E+02 0.1358E+02 0.1354E+02 0.1376E+02 0.1356E+02 0.1327E+02 0.1328E+02 0.1321E+02 0.1317E+02 0.1314E+02 0.1313E+02 0.1314E+02 0.1313E+02 0.1316E+02 0.1317E+02 0.1324E+02 0.1319E+02 0.1328E+02 0.1346E+02 0.1373E+02 0.1371E+02 0.1531E+02 0.1415E+02 0.1396E+02 0.1393E+02 0.1368E+02 0.1363E+02 0.1358E+02 0.1373E+02 0.1361E+02 0.1375E+02 0.1370E+02 0.1387E+02 0.1371E+02 0.1364E+02 0.1363E+02 0.1365E+02 0.1379E+02 0.1393E+02 0.1394E+02 0.1364E+02 0.1349E+02 0.1356E+02 0.1355E+02 0.1363E+02 0.1371E+02 0.1354E+02 0.1337E+02
0.1386E+02 0.1392E+02 0.1457E+02 0.1512E+02 0.1487E+02 0.1579E+02 0.1663E+02 0.1400E+02 0.1367E+02 0.1370E+02 0.1356E+02 0.1325E+02 0.1331E+02 0.1329E+02 0.1326E+02 0.1315E+02 0.1312E+02 0.1311E+02 0.1313E+02 0.1313E+02 0.1307E+02 0.1314E+02 0.1317E+02 0.1315E+02 0.1328E+02 0.1353E+02 0.1391E+02 0.1400E+02 0.1371E+02 0.1406E+02 0.1381E+02 0.1373E+02 0.1377E+02 0.1367E+02 0.1385E+02 0.1375E+02 0.1400E+02 0.1366E+02 0.1360E+02 0.1367E+02 0.1366E+02 0.1362E+02 0.1358E+02 0.1372E+02 0.1363E+02 0.1361E+02 0.1364E+02 0.1374E+02 0.1418E+02 0.1354E+02 0.1359E+02 0.1360E+02 0.1347E+02 0.1346E+02 0.1331E+02 0.1345E+02
0.1402E+02 0.1440E+02 0.1484E+02 0.1466E+02 0.1489E+02 0.1477E+02 0.1529E+02 0.1414E+02 0.1373E+02 0.1342E+02 0.1328E+02 0.1334E+02 0.1330E+02 0.1321E+02 0.1326E+02 0.1320E+02 0.1314E+02 0.1312E+02 0.1313E+02 0.1310E+02 0.1311E+02 0.1304E+02 0.1311E+02 0.1339E+02 0.1342E+02 0.1467E+02 0.1369E+02 0.1400E+02 0.1382E+02 0.1400E+02 0.1373E+02 0.1371E+02 0.1372E+02 0.1382E+02 0.1504E+02 0.1396E+02 0.1404E+02 0.1377E+02 0.1362E+02 0.1356E+02 0.1356E+02 0.1366E+02 0.1361E+02 0.1364E+02 0.1360E+02 0.1360E+02 0.1363E+02 0.1376E+02 0.1380E+02 0.1370E+02 0.1366E+02 0.1357E+02 0.1347E+02 0.1339E+02 0.1332E+02 0.1326E+02
0.1444E+02 0.1490E+02 0.1481E+02 0.1465E+02 0.1414E+02 0.1392E+02 0.1379E+02 0.1367E+02 0.1360E+02 0.1348E+02 0.1341E+02 0.1338E+02 0.1330E+02 0.1317E+02 0.1339E+02 0.1306E+02 0.1324E+02 0.1332E+02 0.1317E+02 0.1317E+02 0.1311E+02 0.1319E+02 0.1353E+02 0.1346E+02 0.1335E+02 0.1354E+02 0.1353E+02 0.1360E+02 0.1370E+02 0.1403E+02 0.1392E+02 0.1377E+02 0.1395E+02 0.1385E+02 0.1384E+02 0.1377E+02 0.1370E+02 0.1374E+02 0.1359E+02 0.1353E+02 0.1351E+02 0.1353E+02 0.1365E+02 0.1385E+02 0.1360E+02 0.1364E+02 0.1366E+02 0.1370E+02 0.1379E+02 0.1405E+02 0.1374E+02 0.1364E+02 0.1353E+02 0.1339E+02 0.1333E+02 0.1347E+02
0.1436E+02 0.1465E+02 0.1457E+02 0.1473E+02 0.1406E+02 0.1391E+02 0.1376E+02 0.1367E+02 0.1360E+02 0.1354E+02 0.1346E+02 0.1342E+02 0.1323E+02 0.1314E+02 0.1316E+02 0.1301E+02 0.1309E+02 0.1319E+02 0.1319E+02 0.1320E+02 0.1319E+02 0.1329E+02 0.1509E+02 0.1349E+02 0.1332E+02 0.1343E+02 0.1392E+02 0.1371E+02 0.1365E+02 0.1406E+02 0.1440E+02 0.1384E+02 0.1419E+02 0.1400E+02 0.1373E+02 0.1367E+02 0.1370E+02 0.1358E+02 0.1355E+02 0.1360E+02 0.1353E+02 0.1351E+02 0.1361E+02 0.1364E+02 0.1366E+02 0.1369E+02 0.1368E+02 0.1374E+02 0.1377E+02 0.1423E+02 0.1388E+02 0.1363E+02 0.1363E+02 0.1352E+02 0.1341E+02 0.1340E+02
0.1481E+02 0.1439E+02 0.1441E+02 0.1440E+02 0.1399E+02 0.1387E+02 0.1387E+02 0.1368E+02 0.1365E+02 0.1362E+02 0.1360E+02 0.1351E+02 0.1335E+02 0.1329E+02 0.1322E+02 0.1309E+02 0.1309E+02 0.1324E+02 0.1323E+02 0.1321E+02 0.1322E+02 0.1332E+02 0.1331E+02 0.1331E+02 0.1329E+02 0.1340E+02 0.1360E+02 0.1371E+02 0.1377E+02 0.1416E+02 0.1397E+02 0.1382E+02 0.1379E+02 0.1374E+02 0.1372E+02 0.1370E+02 0.1367E+02 0.1359E+02 0.1353E+02 0.1351E+02 0.1353E+02 0.1352E+02 0.1362E+02 0.1383E+02 0.1394E+02 0.1418E+02 0.1381E+02 0.1382E+02 0.1395E+02 0.1415E+02 0.1377E+02 0.1373E+02 0.1362E+02 0.1358E+02 0.1346E+02 0.1343E+02
0.1514E+02 0.1466E+02 0.1461E+02 0.1466E+02 0.1406E+02 0.1393E+02 0.1385E+02 0.1370E+02 0.1371E+02 0.1375E+02 0.1359E+02 0.1363E+02 0.1356E+02 0.1348E+02 0.1339E+02 0.1331E+02 0.1322E+02 0.1325E+02 0.1321E+02 0.1324E+02 0.1324E+02 0.1324E+02 0.1325E+02 0.1325E+02 0.1326E+02 0.1343E+02 0.1361E+02 0.1399E+02 0.1370E+02 0.1466E+02 0.1435E+02 0.1392E+02 0.1380E+02 0.1375E+02 0.1380E+02 0.1394E+02 0.1382E+02 0.1365E+02 0.1364E+02 0.1359E+02 0.1355E+02 0.1355E+02 0.1375E+02 0.1445E+02 0.1381E+02 0.1377E+02 0.1378E+02 0.1394E+02 0.1461E+02 0.1397E+02 0.1379E+02 0.1391E+02 0.1369E+02 0.1356E+02 0.1342E+02 0.1349E+02
0.1467E+02 0.1495E+02 0.1545E+02 0.1479E+02 0.1426E+02 0.1387E+02 0.1369E+02 0.1379E+02 0.1375E+02 0.1372E+02 0.1374E+02 0.1365E+02 0.1358E+02 0.1372E+02 0.1376E+02 0.1342E+02 0.1335E+02 0.1329E+02 0.1327E+02 0.1324E+02 0.1324E+02 0.1324E+02 0.1322E+02 0.1325E+02 0.1329E+02 0.1351E+02 0.1383E+02 0.1403E+02 0.1392E+02 0.1501E+02 0.1416E+02 0.1398E+02 0.1384E+02 0.1382E+02 0.1389E+02 0.1484E+02 0.1387E+02 0.1371E+02 0.1379E+02 0.1370E+02 0.1358E+02 0.1356E+02 0.1366E+02 0.1371E+02 0.1370E+02 0.1400E+02 0.1384E+02 0.1440E+02 0.1578E+02 0.1398E+02 0.1385E+02 0.1485E+02 0.1380E+02 0.1366E+02 0.1358E+02 0.1357E+02
0.1457E+02 0.1433E+02 0.1431E+02 0.1422E+02 0.1401E+02 0.1393E+02 0.1371E+02 0.1375E+02 0.1377E+02 0.1385E+02 0.1383E+02 0.1370E+02 0.1359E+02 0.1365E+02 0.1387E+02 0.1347E+02 0.1338E+02 0.1330E+02 0.1330E+02 0.1326E+02 0.1325E+02 0.1325E+02 0.1338E+02 0.1341E+02 0.1331E+02 0.1382E+02 0.1401E+02 0.1383E+02 0.1383E+02 0.1430E+02 0.1475E+02 0.1429E+02 0.1394E+02 0.1380E+02 0.1386E+02 0.1399E+02 0.1370E+02 0.1371E+02 0.1381E+02 0.1389E+02 0.1373E+02 0.1361E+02 0.1371E+02 0.1371E+02 0.1369E+02 0.1369E+02 0.1373E+02 0.1386E+02 0.1379E+02 0.1377E+02 0.1384E+02 0.1390E+02 0.1380E+02 0.1369E+02 0.1368E+02 0.1368E+02
0.1458E+02 0.1438E+02 0.1430E+02 0.1417E+02 0.1407E+02 0.1401E+02 0.1402E+02 0.1395E+02 0.1391E+02 0.1443E+02 0.1382E+02 0.1369E+02 0.1368E+02 0.1368E+02 0.1369E+02 0.1353E+02 0.1342E+02 0.1338E+02 0.1335E+02 0.1331E+02 0.1329E+02 0.1329E+02 0.1328E+02 0.1329E+02 0.1330E+02 0.1345E+02 0.1364E+02 0.1364E+02 0.1382E+02 0.1435E+02 0.1513E+02 0.1552E+02 0.1403E+02 0.1387E+02 0.1378E+02 0.1390E+02 0.1381E+02 0.1373E+02 0.1423E+02 0.1438E+02 0.1408E+02 0.1390E+02 0.1388E+02 0.1378E+02 0.1371E+02 0.1369E+02 0.1377E+02 0.1369E+02 0.1353E+02 0.1361E+02 0.1437E+02 0.1382E+02 0.1371E+02 0.1374E+02 0.1369E+02 0.1366E+02
0.1475E+02 0.1466E+02 0.1464E+02 0.1421E+02 0.1410E+02 0.1404E+02 0.1397E+02 0.1396E+02 0.1396E+02 0.1391E+02 0.1372E+02 0.1370E+02 0.1379E+02 0.1390E+02 0.1372E+02 0.1358E+02 0.1350E+02 0.1341E+02 0.1337E+02 0.1331E+02 0.1330E+02 0.1331E+02 0.1331E+02 0.1334E+02 0.1333E+02 0.1346E+02 0.1363E+02 0.1366E+02 0.1418E+02 0.1415E+02 0.1422E+02 0.1420E+02 0.1396E+02 0.1395E+02 0.1383E+02 0.1377E+02 0.1381E+02 0.1387E+02 0.1452E+02 0.1466E+02 0.1456E+02 0.1408E+02 0.1427E+02 0.1421E+02 0.1415E+02 0.1371E+02 0.1372E+02 0.1362E+02 0.1367E+02 0.1360E+02 0.1361E+02 0.1371E+02 0.1366E+02 0.1368E+02 0.1377E+02 0.1373E+02
0.1517E+02 0.1511E+02 0.1495E+02 0.1431E+02 0.1414E+02 0.1408E+02 0.1403E+02 0.1399E+02 0.1399E+02 0.1382E+02 0.1366E+02 0.1379E+02 0.1382E+02 0.1396E+02 0.1385E+02 0.1357E+02 0.1349E+02 0.1348E+02 0.1346E+02 0.1338E+02 0.1337E+02 0.1333E+02 0.1335E+02 0.1329E+02 0.1335E+02 0.1347E+02 0.1358E+02 0.1368E+02 0.1396E+02 0.1408E+02 0.1397E+02 0.1410E+02 0.1428E+02 0.1448E+02 0.1385E+02 0.1376E+02 0.1378E+02 0.1378E+02 0.1427E+02 0.1480E+02 0.1479E+02 0.1473E+02 0.1462E+02 0.1446E+02 0.1417E+02 0.1372E+02 0.1371E+02 0.1377E+02 0.1391E+02 0.1376E+02 0.1372E+02 0.1373E+02 0.1380E+02 0.1391E+02 0.1428E+02 0.1407E+02
0.1582E+02 0.1509E+02 0.1476E+02 0.1433E+02 0.1420E+02 0.1412E+02 0.1408E+02 0.1405E+02 0.1401E+02 0.1383E+02 0.1372E+02 0.1381E+02 0.1377E+02 0.1370E+02 0.1350E+02 0.1341E+02 0.1336E+02 0.1352E+02 0.1330E+02 0.1349E+02 0.1341E+02 0.1339E+02 0.1338E+02 0.1340E+02 0.1338E+02 0.1350E+02 0.1365E+02 0.1383E+02 0.1395E+02 0.1415E+02 0.1387E+02 0.1386E+02 0.1388E+02 0.1388E+02 0.1378E+02 0.1382E+02 0.1386E+02 0.1386E+02 0.1413E+02 0.1444E+02 0.1488E+02 0.1584E+02 0.1476E+02 0.1471E+02 0.1425E+02 0.1387E+02 0.1381E+02 0.1413E+02 0.1421E+02 0.1414E+02 0.1402E+02 0.1405E+02 0.1417E+02 0.1459E+02 0.1435E+02 0.1419E+02
0.1547E+02 0.1526E+02 0.1469E+02 0.1429E+02 0.1421E+02 0.1419E+02 0.1415E+02 0.1409E+02 0.1409E+02 0.1398E+02 0.1390E+02 0.1374E+02 0.1378E+02 0.1374E+02 0.1352E+02 0.1341E+02 0.1357E+02 0.1350E+02 0.1332E+02 0.1352E+02 0.1352E+02 0.1345E+02 0.1342E+02 0.1343E+02 0.1350E+02 0.1371E+02 0.1399E+02 0.1407E+02 0.1399E+02 0.1411E+02 0.1388E+02 0.1386E+02 0.1394E+02 0.1398E+02 0.1387E+02 0.1434E+02 0.1405E+02 0.1387E+02 0.1384E+02 0.1392E+02 0.1425E+02 0.1512E+02 0.1460E+02 0.1564E+02 0.1432E+02 0.1410E+02 0.1421E+02 0.1400E+02 0.1381E+02 0.1369E+02 0.1368E+02 0.1370E+02 0.1381E+02 0.1388E+02 0.1465E+02 0.1381E+02
0.1679E+02 0.1543E+02 0.1482E+02 0.1436E+02 0.1418E+02 0.1433E+02 0.1408E+02 0.1415E+02 0.1411E+02 0.1418E+02 0.1391E+02 0.1375E+02 0.1378E+02 0.1377E+02 0.1357E+02 0.1344E+02 0.1360E+02 0.1357E+02 0.1355E+02 0.1360E+02 0.1359E+02 0.1358E+02 0.1349E+02 0.1351E+02 0.1365E+02 0.1429E+02 0.1429E+02 0.1439E+02 0.1429E+02 0.1410E+02 0.1411E+02 0.1401E+02 0.1394E+02 0.1383E+02 0.1401E+02 0.1422E+02 0.1402E+02 0.1387E+02 0.1398E+02 0.1424E+02 0.1418E+02 0.1405E+02 0.1396E+02 0.1381E+02 0.1372E+02 0.1367E+02 0.1378E+02 0.1422E+02 0.1368E+02 0.1364E+02 0.1367E+02 0.1371E+02 0.1376E+02 0.1374E+02 0.1379E+02 0.1372E+02
0.1532E+02 0.1505E+02 0.1500E+02 0.1445E+02 0.1434E+02 0.1426E+02 0.1417E+02 0.1418E+02 0.1418E+02 0.1405E+02 0.1397E+02 0.1382E+02 0.1381E+02 0.1390E+02 0.1376E+02 0.1368E+02 0.1365E+02 0.1364E+02 0.1360E+02 0.1356E+02 0.1358E+02 0.1357E+02 0.1359E+02 0.1373E+02 0.1405E+02 0.1452E+02 0.1421E+02 0.1443E+02 0.1460E+02 0.1461E+02 0.1435E+02 0.1398E+02 0.1403E+02 0.1401E+02 0.1406E+02 0.1391E+02 0.1398E+02 0.1421E+02 0.1413E+02 0.1383E+02 0.1367E+02 0.1367E+02 0.1378E+02 0.1365E+02 0.1357E+02 0.1358E+02 0.1359E+02 0.1362E+02 0.1361E+02 0.1365E+02 0.1384E+02 0.1388E+02 0.1417E+02 0.1383E+02 0.1378E+02 0.1361E+02
