Data/conc_NOx_RR2020_2002.asc
NCOLS          280
NROWS          320
XLLCORNER            0
YLLCORNER       300000
CELLSIZE         1000
NODATA_VALUE  -0.9990E+03
[rows 75 to 99 of 320, columns 112 to 167 of 280]
0.1113E+02 0.1165E+02 0.1068E+02 0.1094E+02 0.1053E+02 0.1039E+02 0.1053E+02 0.1111E+02 0.1176E+02 0.1091E+02 0.1036E+02 0.1061E+02 0.1101E+02 0.1064E+02 0.1072E+02 0.1070E+02 0.1078E+02 0.1100E+02 0.1287E+02 0.1112E+02 0.1073E+02 0.1065E+02 0.1061E+02 0.1015E+02 0.1010E+02 0.9993E+01 0.9902E+01 0.9833E+01 0.9768E+01 0.9649E+01 0.9596E+01 0.9558E+01 0.9509E+01 0.9486E+01 0.9449E+01 0.9430E+01 0.9414E+01 0.9454E+01 0.9424E+01 0.9445E+01 0.9704E+01 0.1021E+02 0.1029E+02 0.1041E+02 0.1056E+02 0.1046E+02 0.1018E+02 0.1029E+02 0.1040E+02 0.1094E+02 0.1046E+02 0.1033E+02 0.1027E+02 0.1026E+02 0.1051E+02 0.1068E+02
0.1082E+02 0.1186E+02 0.1060E+02 0.1080E+02 0.1046E+02 0.1050E+02 0.1064E+02 0.1107E+02 0.1055E+02 0.1036E+02 0.1019E+02 0.1020E+02 0.1080E+02 0.1078E+02 0.1082E+02 0.1083E+02 0.1093E+02 0.1111E+02 0.1320E+02 0.1129E+02 0.1106E+02 0.1076E+02 0.1089E+02 0.1028E+02 0.1016E+02 0.1010E+02 0.1000E+02 0.9906E+01 0.9835E+01 0.9709E+01 0.9667E+01 0.9612E+01 0.9573E+01 0.9541E+01 0.9506E+01 0.9478E+01 0.9465E+01 0.9506E+01 0.9476E+01 0.9491E+01 0.9687E+01 0.1033E+02 0.1025E+02 0.1040E+02 0.1068E+02 0.1072E+02 0.1045E+02 0.1068E+02 0.1058E+02 0.1046E+02 0.1063E+02 0.1073E+02 0.1043E+02 0.1058E+02 0.1027E+02 0.1014E+02
0.1031E+02 0.1159E+02 0.1039E+02 0.1068E+02 0.1114E+02 0.1081E+02 0.1103E+02 0.1083E+02 0.1043E+02 0.1033E+02 0.1052E+02 0.1028E+02 0.1066E+02 0.1121E+02 0.1100E+02 0.1097E+02 0.1112E+02 0.1124E+02 0.1323E+02 0.1142E+02 0.1118E+02 0.1092E+02 0.1094E+02 0.1069E+02 0.1027E+02 0.1018E+02 0.1009E+02 0.1001E+02 0.9922E+01 0.9788E+01 0.9728E+01 0.9675E+01 0.9627E+01 0.9597E+01 0.9553E+01 0.9526E+01 0.9516E+01 0.9559E+01 0.9514E+01 0.9607E+01 0.9679E+01 0.9633E+01 0.9900E+01 0.1033E+02 0.1041E+02 0.1036E+02 0.1029E+02 0.1057E+02 0.1043E+02 0.1050E+02 0.1037E+02 0.1036E+02 0.1029E+02 0.1015E+02 0.1009E+02 0.1013E+02
0.1139E+02 0.1064E+02 0.1043E+02 0.1057E+02 0.1118E+02 0.1209E+02 0.1096E+02 0.1067E+02 0.1053E+02 0.1045E+02 0.1053E+02 0.1074E+02 0.1068E+02 0.1090E+02 0.1131E+02 0.1110E+02 0.1121E+02 0.1134E+02 0.1341E+02 0.1174E+02 0.1142E+02 0.1106E+02 0.1102E+02 0.1107E+02 0.1049E+02 0.1027E+02 0.1016E+02 0.1009E+02 0.1002E+02 0.9927E+01 0.9800E+01 0.9747E+01 0.9691E+01 0.9642E+01 0.9611E+01 0.9576E+01 0.9557E+01 0.9604E+01 0.9575E+01 0.9738E+01 0.9534E+01 0.9514E+01 0.9775E+01 0.1020E+02 0.1030E+02 0.1035E+02 0.1029E+02 0.1050E+02 0.1027E+02 0.1010E+02 0.1018E+02 0.1018E+02 0.1008E+02 0.1013E+02 0.1021E+02 0.1029E+02
0.1164E+02 0.1061E+02 0.1071E+02 0.1108E+02 0.1128E+02 0.1071E+02 0.1096E+02 0.1083E+02 0.1065E+02 0.1064E+02 0.1063E+02 0.1090E+02 0.1112E+02 0.1113E+02 0.1145E+02 0.1127E+02 0.1149E+02 0.1168E+02 0.1374E+02 0.1215E+02 0.1200E+02 0.1117E+02 0.1096E+02 0.1114E+02 0.1091E+02 0.1036E+02 0.1025E+02 0.1013E+02 0.1009E+02 0.1001E+02 0.9870E+01 0.9799E+01 0.9745E+01 0.9708E+01 0.9668E+01 0.9625E+01 0.9609E+01 0.9660E+01 0.9808E+01 0.9567E+01 0.9530E+01 0.9504E+01 0.9742E+01 0.9743E+01 0.1000E+02 0.1008E+02 0.1001E+02 0.9876E+01 0.9947E+01 0.9962E+01 0.1011E+02 0.1032E+02 0.1033E+02 0.1037E+02 0.1048E+02 0.1039E+02
0.1226E+02 0.1101E+02 0.1100E+02 0.1071E+02 0.1091E+02 0.1071E+02 0.1090E+02 0.1112E+02 0.1077E+02 0.1084E+02 0.1087E+02 0.1101E+02 0.1121E+02 0.1141E+02 0.1162E+02 0.1157E+02 0.1178E+02 0.1214E+02 0.1430E+02 0.1247E+02 0.1215E+02 0.1142E+02 0.1120E+02 0.1132E+02 0.1109E+02 0.1047E+02 0.1032E+02 0.1021E+02 0.1012E+02 0.1010E+02 0.9950E+01 0.9881E+01 0.9818E+01 0.9763E+01 0.9715E+01 0.9674E+01 0.9661E+01 0.9846E+01 0.9707E+01 0.9594E+01 0.9548E+01 0.9766E+01 0.9740E+01 0.9716E+01 0.9705E+01 0.9687E+01 0.9674E+01 0.9653E+01 0.9640E+01 0.9645E+01 0.9731E+01 0.1004E+02 0.1019E+02 0.1024E+02 0.1025E+02 0.1019E+02
0.1193E+02 0.1119E+02 0.1062E+02 0.1084E+02 0.1113E+02 0.1091E+02 0.1093E+02 0.1101E+02 0.1123E+02 0.1133E+02 0.1127E+02 0.1124E+02 0.1106E+02 0.1108E+02 0.1132E+02 0.1169E+02 0.1176E+02 0.1220E+02 0.1436E+02 0.1194E+02 0.1163E+02 0.1148E+02 0.1118E+02 0.1138E+02 0.1107E+02 0.1055E+02 0.1042E+02 0.1029E+02 0.1020E+02 0.1012E+02 0.1010E+02 0.9962E+01 0.9871E+01 0.9827E+01 0.9770E+01 0.9732E+01 0.9701E+01 0.9870E+01 0.9754E+01 0.9627E+01 0.9557E+01 0.9795E+01 0.9751E+01 0.9725E+01 0.9689E+01 0.9666E+01 0.9645E+01 0.9634E+01 0.9618E+01 0.9607E+01 0.9632E+01 0.9652E+01 0.9767E+01 0.9993E+01 0.1009E+02 0.9889E+01
0.1104E+02 0.1106E+02 0.1097E+02 0.1128E+02 0.1131E+02 0.1106E+02 0.1091E+02 0.1087E+02 0.1103E+02 0.1103E+02 0.1126E+02 0.1110E+02 0.1123E+02 0.1114E+02 0.1139E+02 0.1171E+02 0.1200E+02 0.1232E+02 0.1455E+02 0.1212E+02 0.1181E+02 0.1173E+02 0.1144E+02 0.1137E+02 0.1120E+02 0.1066E+02 0.1050E+02 0.1037E+02 0.1026E+02 0.1019E+02 0.1013E+02 0.1003E+02 0.9952E+01 0.9888E+01 0.9824E+01 0.9777E+01 0.9749E+01 0.9900E+01 0.9708E+01 0.9706E+01 0.9911E+01 0.9824E+01 0.9787E+01 0.9749E+01 0.9719E+01 0.9690E+01 0.9670E+01 0.9648E+01 0.9635E+01 0.9629E+01 0.9629E+01 0.9652E+01 0.9677E+01 0.9702E+01 0.9730E+01 0.9744E+01
0.1126E+02 0.1102E+02 0.1173E+02 0.1121E+02 0.1105E+02 0.1111E+02 0.1106E+02 0.1102E+02 0.1100E+02 0.1128E+02 0.1109E+02 0.1116E+02 0.1132E+02 0.1125E+02 0.1145E+02 0.1185E+02 0.1258E+02 0.1430E+02 0.1325E+02 0.1225E+02 0.1207E+02 0.1191E+02 0.1148E+02 0.1152E+02 0.1131E+02 0.1075E+02 0.1059E+02 0.1044E+02 0.1035E+02 0.1026E+02 0.1019E+02 0.1005E+02 0.1004E+02 0.9957E+01 0.9884E+01 0.9840E+01 0.9805E+01 0.9950E+01 0.9740E+01 0.9671E+01 0.9951E+01 0.9928E+01 0.9885E+01 0.9850E+01 0.9804E+01 0.9777E+01 0.9749E+01 0.9730E+01 0.9719E+01 0.9706E+01 0.9700E+01 0.9740E+01 0.9749E+01 0.9759E+01 0.9790E+01 0.9820E+01
0.1190E+02 0.1248E+02 0.1135E+02 0.1222E+02 0.1161E+02 0.1124E+02 0.1126E+02 0.1110E+02 0.1122E+02 0.1135E+02 0.1125E+02 0.1142E+02 0.1140E+02 0.1150E+02 0.1193E+02 0.1229E+02 0.1287E+02 0.1485E+02 0.1262E+02 0.1250E+02 0.1221E+02 0.1195E+02 0.1158E+02 0.1143E+02 0.1129E+02 0.1084E+02 0.1067E+02 0.1054E+02 0.1043E+02 0.1034E+02 0.1027E+02 0.1021E+02 0.1006E+02 0.1004E+02 0.9964E+01 0.9891E+01 0.9858E+01 0.9996E+01 0.9780E+01 0.1001E+02 0.9945E+01 0.9896E+01 0.9846E+01 0.9804E+01 0.9760E+01 0.9725E+01 0.9699E+01 0.9681E+01 0.9662E+01 0.9641E+01 0.9638E+01 0.9680E+01 0.9693E+01 0.9704E+01 0.9734E+01 0.9769E+01
0.1109E+02 0.1157E+02 0.1296E+02 0.1239E+02 0.1203E+02 0.1178E+02 0.1167E+02 0.1174E+02 0.1178E+02 0.1178E+02 0.1169E+02 0.1159E+02 0.1180E+02 0.1183E+02 0.1189E+02 0.1254E+02 0.1311E+02 0.1430E+02 0.1354E+02 0.1267E+02 0.1254E+02 0.1220E+02 0.1179E+02 0.1157E+02 0.1127E+02 0.1092E+02 0.1077E+02 0.1062E+02 0.1051E+02 0.1042E+02 0.1034E+02 0.1019E+02 0.1015E+02 0.1006E+02 0.1005E+02 0.9969E+01 0.9919E+01 0.1004E+02 0.9827E+01 0.1006E+02 0.9988E+01 0.9932E+01 0.9874E+01 0.9834E+01 0.9783E+01 0.9749E+01 0.9725E+01 0.9698E+01 0.9680E+01 0.9670E+01 0.9657E+01 0.9710E+01 0.9714E+01 0.9735E+01 0.9772E+01 0.9824E+01
0.1104E+02 0.1147E+02 0.1333E+02 0.1325E+02 0.1265E+02 0.1187E+02 0.1167E+02 0.1151E+02 0.1155E+02 0.1179E+02 0.1154E+02 0.1183E+02 0.1161E+02 0.1179E+02 0.1204E+02 0.1282E+02 0.1211E+02 0.1250E+02 0.1477E+02 0.1262E+02 0.1267E+02 0.1262E+02 0.1207E+02 0.1195E+02 0.1131E+02 0.1103E+02 0.1087E+02 0.1071E+02 0.1060E+02 0.1051E+02 0.1043E+02 0.1027E+02 0.1021E+02 0.1014E+02 0.1008E+02 0.1006E+02 0.9986E+01 0.1011E+02 0.1022E+02 0.1012E+02 0.1005E+02 0.9985E+01 0.9919E+01 0.9871E+01 0.9821E+01 0.9790E+01 0.9756E+01 0.9740E+01 0.9713E+01 0.9704E+01 0.9692E+01 0.9746E+01 0.9757E+01 0.9779E+01 0.9833E+01 0.9961E+01
0.1116E+02 0.1168E+02 0.1240E+02 0.1394E+02 0.1308E+02 0.1169E+02 0.1154E+02 0.1181E+02 0.1176E+02 0.1187E+02 0.1159E+02 0.1158E+02 0.1189E+02 0.1196E+02 0.1284E+02 0.1195E+02 0.1198E+02 0.1223E+02 0.1281E+02 0.1458E+02 0.1290E+02 0.1283E+02 0.1246E+02 0.1225E+02 0.1161E+02 0.1130E+02 0.1102E+02 0.1081E+02 0.1070E+02 0.1062E+02 0.1044E+02 0.1038E+02 0.1031E+02 0.1024E+02 0.1017E+02 0.1009E+02 0.1009E+02 0.1018E+02 0.1029E+02 0.1018E+02 0.1010E+02 0.1003E+02 0.9973E+01 0.9917E+01 0.9868E+01 0.9838E+01 0.9805E+01 0.9780E+01 0.9753E+01 0.9744E+01 0.9743E+01 0.9786E+01 0.9878E+01 0.9896E+01 0.9908E+01 0.9959E+01
0.1123E+02 0.1166E+02 0.1217E+02 0.1275E+02 0.1266E+02 0.1181E+02 0.1178E+02 0.1187E+02 0.1204E+02 0.1207E+02 0.1208E+02 0.1174E+02 0.1212E+02 0.1294E+02 0.1220E+02 0.1198E+02 0.1201E+02 0.1218E+02 0.1247E+02 0.1484E+02 0.1318E+02 0.1386E+02 0.1380E+02 0.1318E+02 0.1287E+02 0.1140E+02 0.1115E+02 0.1092E+02 0.1082E+02 0.1078E+02 0.1065E+02 0.1058E+02 0.1050E+02 0.1040E+02 0.1026E+02 0.1017E+02 0.1012E+02 0.1065E+02 0.1037E+02 0.1025E+02 0.1016E+02 0.1009E+02 0.1001E+02 0.9961E+01 0.9924E+01 0.9874E+01 0.9842E+01 0.9817E+01 0.9801E+01 0.9863E+01 0.9861E+01 0.9883E+01 0.9824E+01 0.9840E+01 0.9899E+01 0.1016E+02
0.1137E+02 0.1147E+02 0.1333E+02 0.1194E+02 0.1214E+02 0.1250E+02 0.1199E+02 0.1198E+02 0.1211E+02 0.1259E+02 0.1247E+02 0.1255E+02 0.1266E+02 0.1249E+02 0.1206E+02 0.1206E+02 0.1210E+02 0.1237E+02 0.1254E+02 0.1495E+02 0.1404E+02 0.1407E+02 0.1283E+02 0.1311E+02 0.1279E+02 0.1155E+02 0.1124E+02 0.1114E+02 0.1102E+02 0.1087E+02 0.1078E+02 0.1072E+02 0.1063E+02 0.1050E+02 0.1045E+02 0.1036E+02 0.1024E+02 0.1068E+02 0.1049E+02 0.1032E+02 0.1022E+02 0.1015E+02 0.1007E+02 0.1001E+02 0.9968E+01 0.9929E+01 0.9897E+01 0.9944E+01 0.9918E+01 0.9818E+01 0.9796E+01 0.9791E+01 0.9857E+01 0.9883E+01 0.9960E+01 0.1059E+02
0.1155E+02 0.1168E+02 0.1339E+02 0.1224E+02 0.1219E+02 0.1315E+02 0.1234E+02 0.1282E+02 0.1270E+02 0.1261E+02 0.1251E+02 0.1318E+02 0.1298E+02 0.1276E+02 0.1284E+02 0.1269E+02 0.1291E+02 0.1302E+02 0.1325E+02 0.1670E+02 0.1435E+02 0.1289E+02 0.1264E+02 0.1307E+02 0.1209E+02 0.1214E+02 0.1143E+02 0.1127E+02 0.1123E+02 0.1134E+02 0.1160E+02 0.1151E+02 0.1130E+02 0.1073E+02 0.1062E+02 0.1042E+02 0.1075E+02 0.1081E+02 0.1051E+02 0.1045E+02 0.1030E+02 0.1021E+02 0.1014E+02 0.1007E+02 0.1002E+02 0.1003E+02 0.1002E+02 0.9897E+01 0.9860E+01 0.9842E+01 0.9830E+01 0.9824E+01 0.9880E+01 0.9914E+01 0.1001E+02 0.1057E+02
0.1192E+02 0.1220E+02 0.1327E+02 0.1225E+02 0.1226E+02 0.1290E+02 0.1290E+02 0.1212E+02 0.1240E+02 0.1264E+02 0.1322E+02 0.1254E+02 0.1233E+02 0.1229E+02 0.1223E+02 0.1224E+02 0.1237E+02 0.1273E+02 0.1454E+02 0.1455E+02 0.1289E+02 0.1259E+02 0.1261E+02 0.1235E+02 0.1267E+02 0.1234E+02 0.1226E+02 0.1169E+02 0.1163E+02 0.1217E+02 0.1255E+02 0.1260E+02 0.1186E+02 0.1153E+02 0.1128E+02 0.1128E+02 0.1084E+02 0.1089E+02 0.1060E+02 0.1046E+02 0.1041E+02 0.1029E+02 0.1021E+02 0.1017E+02 0.1015E+02 0.1004E+02 0.9963E+01 0.9929E+01 0.9893E+01 0.9874E+01 0.9862E+01 0.9857E+01 0.9931E+01 0.9965E+01 0.1004E+02 0.1060E+02
0.1241E+02 0.1314E+02 0.1331E+02 0.1283E+02 0.1275E+02 0.1269E+02 0.1271E+02 0.1263E+02 0.1281E+02 0.1313E+02 0.1295E+02 0.1235E+02 0.1224E+02 0.1222E+02 0.1230E+02 0.1241E+02 0.1255E+02 0.1279E+02 0.1528E+02 0.1333E+02 0.1279E+02 0.1264E+02 0.1231E+02 0.1232E+02 0.1314E+02 0.1295E+02 0.1253E+02 0.1280E+02 0.1286E+02 0.1289E+02 0.1247E+02 0.1218E+02 0.1250E+02 0.1192E+02 0.1148E+02 0.1119E+02 0.1109E+02 0.1099E+02 0.1068E+02 0.1053E+02 0.1043E+02 0.1040E+02 0.1037E+02 0.1024E+02 0.1010E+02 0.1005E+02 0.1000E+02 0.9961E+01 0.9934E+01 0.9915E+01 0.9893E+01 0.9907E+01 0.9980E+01 0.1000E+02 0.1010E+02 0.1065E+02
0.1320E+02 0.1399E+02 0.1325E+02 0.1281E+02 0.1281E+02 0.1286E+02 0.1385E+02 0.1417E+02 0.1401E+02 0.1319E+02 0.1309E+02 0.1244E+02 0.1257E+02 0.1240E+02 0.1234E+02 0.1232E+02 0.1271E+02 0.1298E+02 0.1595E+02 0.1338E+02 0.1313E+02 0.1307E+02 0.1258E+02 0.1239E+02 0.1225E+02 0.1321E+02 0.1274E+02 0.1294E+02 0.1320E+02 0.1269E+02 0.1246E+02 0.1245E+02 0.1260E+02 0.1215E+02 0.1183E+02 0.1174E+02 0.1132E+02 0.1113E+02 0.1078E+02 0.1062E+02 0.1058E+02 0.1047E+02 0.1036E+02 0.1024E+02 0.1014E+02 0.1008E+02 0.1004E+02 0.1000E+02 0.9976E+01 0.9956E+01 0.9953E+01 0.9946E+01 0.1003E+02 0.1006E+02 0.1015E+02 0.1071E+02
0.1274E+02 0.1426E+02 0.1350E+02 0.1310E+02 0.1341E+02 0.1507E+02 0.1548E+02 0.1360E+02 0.1367E+02 0.1267E+02 0.1279E+02 0.1271E+02 0.1306E+02 0.1261E+02 0.1265E+02 0.1259E+02 0.1260E+02 0.1310E+02 0.1640E+02 0.1327E+02 0.1273E+02 0.1255E+02 0.1250E+02 0.1231E+02 0.1241E+02 0.1276E+02 0.1266E+02 0.1329E+02 0.1331E+02 0.1284E+02 0.1266E+02 0.1260E+02 0.1275E+02 0.1252E+02 0.1240E+02 0.1304E+02 0.1147E+02 0.1129E+02 0.1101E+02 0.1081E+02 0.1056E+02 0.1042E+02 0.1034E+02 0.1033E+02 0.1022E+02 0.1013E+02 0.1009E+02 0.1005E+02 0.1002E+02 0.1001E+02 0.1000E+02 0.1000E+02 0.1007E+02 0.1012E+02 0.1020E+02 0.1077E+02
0.1262E+02 0.1397E+02 0.1351E+02 0.1459E+02 0.1600E+02 0.1433E+02 0.1344E+02 0.1289E+02 0.1309E+02 0.1384E+02 0.1384E+02 0.1361E+02 0.1376E+02 0.1368E+02 0.1303E+02 0.1271E+02 0.1297E+02 0.1327E+02 0.1635E+02 0.1344E+02 0.1302E+02 0.1272E+02 0.1244E+02 0.1258E+02 0.1251E+02 0.1279E+02 0.1288E+02 0.1327E+02 0.1304E+02 0.1293E+02 0.1398E+02 0.1377E+02 0.1335E+02 0.1369E+02 0.1349E+02 0.1419E+02 0.1297E+02 0.1177E+02 0.1118E+02 0.1076E+02 0.1060E+02 0.1047E+02 0.1040E+02 0.1031E+02 0.1029E+02 0.1026E+02 0.1014E+02 0.1011E+02 0.1007E+02 0.1005E+02 0.1005E+02 0.1005E+02 0.1014E+02 0.1018E+02 0.1028E+02 0.1085E+02
0.1284E+02 0.1476E+02 0.1392E+02 0.1418E+02 0.1396E+02 0.1529E+02 0.1385E+02 0.1310E+02 0.1276E+02 0.1272E+02 0.1262E+02 0.1267E+02 0.1317E+02 0.1304E+02 0.1302E+02 0.1339E+02 0.1427E+02 0.1459E+02 0.1779E+02 0.1349E+02 0.1297E+02 0.1274E+02 0.1269E+02 0.1267E+02 0.1307E+02 0.1378E+02 0.1379E+02 0.1540E+02 0.1481E+02 0.1451E+02 0.1350E+02 0.1388E+02 0.1490E+02 0.1343E+02 0.1270E+02 0.1429E+02 0.1265E+02 0.1119E+02 0.1115E+02 0.1086E+02 0.1070E+02 0.1057E+02 0.1046E+02 0.1036E+02 0.1030E+02 0.1025E+02 0.1027E+02 0.1022E+02 0.1014E+02 0.1011E+02 0.1011E+02 0.1011E+02 0.1013E+02 0.1025E+02 0.1035E+02 0.1094E+02
0.1256E+02 0.1466E+02 0.1403E+02 0.1449E+02 0.1383E+02 0.1600E+02 0.1382E+02 0.1318E+02 0.1295E+02 0.1269E+02 0.1275E+02 0.1293E+02 0.1320E+02 0.1272E+02 0.1271E+02 0.1288E+02 0.1309E+02 0.1355E+02 0.1769E+02 0.1351E+02 0.1331E+02 0.1321E+02 0.1318E+02 0.1414E+02 0.1538E+02 0.1447E+02 0.1287E+02 0.1284E+02 0.1318E+02 0.1274E+02 0.1273E+02 0.1331E+02 0.1383E+02 0.1366E+02 0.1305E+02 0.1295E+02 0.1224E+02 0.1185E+02 0.1185E+02 0.1105E+02 0.1089E+02 0.1069E+02 0.1054E+02 0.1044E+02 0.1035E+02 0.1031E+02 0.1025E+02 0.1025E+02 0.1027E+02 0.1018E+02 0.1017E+02 0.1017E+02 0.1020E+02 0.1032E+02 0.1044E+02 0.1103E+02
0.1348E+02 0.1565E+02 0.1483E+02 0.1502E+02 0.1437E+02 0.1668E+02 0.1470E+02 0.1423E+02 0.1355E+02 0.1283E+02 0.1303E+02 0.1289E+02 0.1261E+02 0.1282E+02 0.1264E+02 0.1294E+02 0.1304E+02 0.1339E+02 0.1696E+02 0.1430E+02 0.1354E+02 0.1347E+02 0.1539E+02 0.1450E+02 0.1335E+02 0.1309E+02 0.1260E+02 0.1247E+02 0.1238E+02 0.1298E+02 0.1343E+02 0.1349E+02 0.1247E+02 0.1166E+02 0.1125E+02 0.1110E+02 0.1084E+02 0.1065E+02 0.1136E+02 0.1197E+02 0.1179E+02 0.1090E+02 0.1069E+02 0.1053E+02 0.1044E+02 0.1036E+02 0.1032E+02 0.1028E+02 0.1026E+02 0.1032E+02 0.1027E+02 0.1025E+02 0.1027E+02 0.1041E+02 0.1054E+02 0.1115E+02
0.1478E+02 0.1632E+02 0.1469E+02 0.1562E+02 0.1895E+02 0.1653E+02 0.1505E+02 0.1356E+02 0.1383E+02 0.1403E+02 0.1399E+02 0.1285E+02 0.1266E+02 0.1285E+02 0.1262E+02 0.1300E+02 0.1297E+02 0.1331E+02 0.1600E+02 0.1853E+02 0.1684E+02 0.1624E+02 0.1446E+02 0.1354E+02 0.1278E+02 0.1295E+02 0.1276E+02 0.1291E+02 0.1345E+02 0.1359E+02 0.1336E+02 0.1208E+02 0.1179E+02 0.1113E+02 0.1103E+02 0.1064E+02 0.1049E+02 0.1041E+02 0.1039E+02 0.1092E+02 0.1105E+02 0.1198E+02 0.1089E+02 0.1068E+02 0.1053E+02 0.1045E+02 0.1038E+02 0.1035E+02 0.1032E+02 0.1031E+02 0.1037E+02 0.1037E+02 0.1037E+02 0.1051E+02 0.1069E+02 0.1127E+02
