Data/conc_O3_RR2020_2002.asc
NCOLS          280
NROWS          320
XLLCORNER            0
YLLCORNER       300000
CELLSIZE         1000
NODATA_VALUE  -0.9990E+03
[rows 25 to 49 of 320, columns 112 to 167 of 280]
-0.9990E+03 -0.9990E+03 -0.9990E+03 -0.9990E+03 -0.9990E+03 -0.9990E+03 -0.9990E+03 -0.9990E+03 -0.9990E+03 -0.9990E+03 -0.9990E+03 -0.9990E+03 0.5662E+02 0.5660E+02 0.5658E+02 0.5656E+02 0.5655E+02 0.5654E+02 0.5651E+02 0.5649E+02 0.5645E+02 0.5642E+02 0.5637E+02 0.5633E+02 0.5628E+02 0.5623E+02 0.5620E+02 0.5613E+02 0.5603E+02 0.5598E+02 0.5596E+02 0.5589E+02 0.5587E+02 0.5586E+02 0.5585E+02 0.5582E+02 0.5578E+02 0.5574E+02 0.5572E+02 0.5568E+02 0.5565E+02 0.5565E+02 0.5564E+02 0.5561E+02 0.5546E+02 0.5542E+02 0.5537E+02 0.5535E+02 0.5532E+02 0.5528E+02 0.5523E+02 0.5519E+02 0.5513E+02 0.5508E+02 0.5501E+02 0.5494E+02
-0.9990E+03 -0.9990E+03 -0.9990E+03 -0.9990E+03 -0.9990E+03 -0.9990E+03 -0.9990E+03 -0.9990E+03 -0.9990E+03 -0.9990E+03 -0.9990E+03 0.5661E+02 0.5660E+02 0.5658E+02 0.5654E+02 0.5651E+02 0.5648E+02 0.5649E+02 0.5649E+02 0.5646E+02 0.5643E+02 0.5636E+02 0.5630E+02 0.5624E+02 0.5619E+02 0.5614E+02 0.5611E+02 0.5601E+02 0.5600E+02 0.5600E+02 0.5597E+02 0.5593E+02 0.5587E+02 0.5585E+02 0.5582E+02 0.5577E+02 0.5575E+02 0.5573E+02 0.5570E+02 0.5568E+02 0.5562E+02 0.5559E+02 0.5560E+02 0.5553E+02 0.5541E+02 0.5539E+02 0.5537E+02 0.5532E+02 0.5527E+02 0.5524E+02 0.5518E+02 0.5512E+02 0.5506E+02 0.5501E+02 0.5493E+02 0.5484E+02
-0.9990E+03 -0.9990E+03 -0.9990E+03 -0.9990E+03 -0.9990E+03 -0.9990E+03 -0.9990E+03 -0.9990E+03 -0.9990E+03 -0.9990E+03 0.5661E+02 0.5660E+02 0.5658E+02 0.5655E+02 0.5653E+02 0.5651E+02 0.5647E+02 0.5642E+02 0.5643E+02 0.5641E+02 0.5635E+02 0.5627E+02 0.5623E+02 0.5620E+02 0.5613E+02 0.5606E+02 0.5600E+02 0.5589E+02 0.5593E+02 0.5595E+02 0.5594E+02 0.5591E+02 0.5587E+02 0.5579E+02 0.5572E+02 0.5572E+02 0.5571E+02 0.5564E+02 0.5566E+02 0.5567E+02 0.5565E+02 0.5561E+02 0.5555E+02 0.5550E+02 0.5548E+02 0.5536E+02 0.5532E+02 0.5527E+02 0.5523E+02 0.5517E+02 0.5511E+02 0.5505E+02 0.5500E+02 0.5493E+02 0.5482E+02 0.5480E+02
-0.9990E+03 -0.9990E+03 -0.9990E+03 -0.9990E+03 -0.9990E+03 -0.9990E+03 -0.9990E+03 -0.9990E+03 -0.9990E+03 0.5660E+02 0.5660E+02 0.5658E+02 0.5657E+02 0.5653E+02 0.5652E+02 0.5651E+02 0.5649E+02 0.5645E+02 0.5638E+02 0.5635E+02 0.5628E+02 0.5605E+02 0.5611E+02 0.5618E+02 0.5615E+02 0.5613E+02 0.5609E+02 0.5598E+02 0.5580E+02 0.5585E+02 0.5589E+02 0.5587E+02 0.5582E+02 0.5574E+02 0.5569E+02 0.5567E+02 0.5563E+02 0.5564E+02 0.5565E+02 0.5566E+02 0.5563E+02 0.5559E+02 0.5555E+02 0.5551E+02 0.5544E+02 0.5531E+02 0.5526E+02 0.5522E+02 0.5517E+02 0.5510E+02 0.5505E+02 0.5499E+02 0.5490E+02 0.5482E+02 0.5479E+02 0.5474E+02
-0.9990E+03 -0.9990E+03 -0.9990E+03 -0.9990E+03 -0.9990E+03 -0.9990E+03 -0.9990E+03 -0.9990E+03 0.5668E+02 0.5667E+02 0.5658E+02 0.5656E+02 0.5654E+02 0.5651E+02 0.5648E+02 0.5647E+02 0.5645E+02 0.5644E+02 0.5638E+02 0.5601E+02 0.5546E+02 0.5531E+02 0.5521E+02 0.5562E+02 0.5615E+02 0.5617E+02 0.5618E+02 0.5605E+02 0.5583E+02 0.5573E+02 0.5580E+02 0.5578E+02 0.5573E+02 0.5569E+02 0.5568E+02 0.5569E+02 0.5568E+02 0.5568E+02 0.5566E+02 0.5563E+02 0.5561E+02 0.5556E+02 0.5552E+02 0.5547E+02 0.5542E+02 0.5536E+02 0.5519E+02 0.5514E+02 0.5508E+02 0.5502E+02 0.5497E+02 0.5488E+02 0.5482E+02 0.5478E+02 0.5471E+02 0.5461E+02
-0.9990E+03 -0.9990E+03 -0.9990E+03 -0.9990E+03 -0.9990E+03 -0.9990E+03 0.5669E+02 0.5668E+02 0.5668E+02 0.5666E+02 0.5665E+02 0.5653E+02 0.5650E+02 0.5646E+02 0.5642E+02 0.5642E+02 0.5644E+02 0.5616E+02 0.5585E+02 0.5577E+02 0.5549E+02 0.5560E+02 0.5614E+02 0.5611E+02 0.5618E+02 0.5632E+02 0.5622E+02 0.5603E+02 0.5575E+02 0.5562E+02 0.5572E+02 0.5572E+02 0.5570E+02 0.5569E+02 0.5571E+02 0.5572E+02 0.5570E+02 0.5567E+02 0.5564E+02 0.5560E+02 0.5557E+02 0.5553E+02 0.5548E+02 0.5543E+02 0.5538E+02 0.5533E+02 0.5516E+02 0.5504E+02 0.5498E+02 0.5492E+02 0.5485E+02 0.5480E+02 0.5477E+02 0.5469E+02 0.5459E+02 0.5420E+02
-0.9990E+03 -0.9990E+03 -0.9990E+03 -0.9990E+03 0.5670E+02 0.5670E+02 0.5669E+02 0.5667E+02 0.5666E+02 0.5663E+02 0.5661E+02 0.5649E+02 0.5645E+02 0.5640E+02 0.5639E+02 0.5636E+02 0.5595E+02 0.5576E+02 0.5572E+02 0.5581E+02 0.5620E+02 0.5625E+02 0.5621E+02 0.5620E+02 0.5619E+02 0.5619E+02 0.5607E+02 0.5595E+02 0.5562E+02 0.5566E+02 0.5570E+02 0.5572E+02 0.5573E+02 0.5573E+02 0.5572E+02 0.5571E+02 0.5568E+02 0.5564E+02 0.5560E+02 0.5557E+02 0.5553E+02 0.5549E+02 0.5543E+02 0.5538E+02 0.5533E+02 0.5526E+02 0.5510E+02 0.5496E+02 0.5494E+02 0.5489E+02 0.5482E+02 0.5474E+02 0.5466E+02 0.5456E+02 0.5414E+02 0.5398E+02
-0.9990E+03 -0.9990E+03 0.5669E+02 0.5669E+02 0.5669E+02 0.5668E+02 0.5667E+02 0.5665E+02 0.5664E+02 0.5663E+02 0.5658E+02 0.5655E+02 0.5641E+02 0.5641E+02 0.5627E+02 0.5577E+02 0.5579E+02 0.5591E+02 0.5630E+02 0.5632E+02 0.5628E+02 0.5626E+02 0.5623E+02 0.5618E+02 0.5614E+02 0.5610E+02 0.5604E+02 0.5588E+02 0.5557E+02 0.5565E+02 0.5575E+02 0.5576E+02 0.5575E+02 0.5572E+02 0.5570E+02 0.5566E+02 0.5563E+02 0.5560E+02 0.5556E+02 0.5552E+02 0.5548E+02 0.5543E+02 0.5538E+02 0.5532E+02 0.5527E+02 0.5520E+02 0.5512E+02 0.5494E+02 0.5480E+02 0.5479E+02 0.5471E+02 0.5464E+02 0.5455E+02 0.5436E+02 0.5395E+02 0.5378E+02
-0.9990E+03 0.5668E+02 0.5668E+02 0.5668E+02 0.5668E+02 0.5667E+02 0.5665E+02 0.5663E+02 0.5661E+02 0.5660E+02 0.5656E+02 0.5653E+02 0.5652E+02 0.5630E+02 0.5590E+02 0.5621E+02 0.5637E+02 0.5634E+02 0.5632E+02 0.5629E+02 0.5627E+02 0.5623E+02 0.5619E+02 0.5616E+02 0.5612E+02 0.5606E+02 0.5598E+02 0.5578E+02 0.5558E+02 0.5567E+02 0.5573E+02 0.5574E+02 0.5571E+02 0.5568E+02 0.5565E+02 0.5562E+02 0.5559E+02 0.5555E+02 0.5550E+02 0.5546E+02 0.5542E+02 0.5537E+02 0.5532E+02 0.5526E+02 0.5519E+02 0.5512E+02 0.5502E+02 0.5477E+02 0.5476E+02 0.5467E+02 0.5459E+02 0.5449E+02 0.5433E+02 0.5378E+02 0.5385E+02 0.5369E+02
0.5667E+02 0.5667E+02 0.5666E+02 0.5666E+02 0.5665E+02 0.5665E+02 0.5662E+02 0.5660E+02 0.5658E+02 0.5656E+02 0.5654E+02 0.5653E+02 0.5656E+02 0.5595E+02 0.5603E+02 0.5626E+02 0.5634E+02 0.5631E+02 0.5628E+02 0.5625E+02 0.5623E+02 0.5619E+02 0.5615E+02 0.5612E+02 0.5607E+02 0.5601E+02 0.5594E+02 0.5572E+02 0.5557E+02 0.5564E+02 0.5570E+02 0.5569E+02 0.5566E+02 0.5562E+02 0.5560E+02 0.5558E+02 0.5553E+02 0.5549E+02 0.5545E+02 0.5541E+02 0.5536E+02 0.5531E+02 0.5525E+02 0.5518E+02 0.5511E+02 0.5502E+02 0.5489E+02 0.5479E+02 0.5464E+02 0.5455E+02 0.5443E+02 0.5421E+02 0.5384E+02 0.5371E+02 0.5363E+02 0.5362E+02
0.5664E+02 0.5664E+02 0.5663E+02 0.5663E+02 0.5662E+02 0.5660E+02 0.5658E+02 0.5656E+02 0.5654E+02 0.5652E+02 0.5653E+02 0.5663E+02 0.5645E+02 0.5601E+02 0.5615E+02 0.5633E+02 0.5631E+02 0.5627E+02 0.5625E+02 0.5622E+02 0.5619E+02 0.5616E+02 0.5612E+02 0.5608E+02 0.5604E+02 0.5599E+02 0.5591E+02 0.5576E+02 0.5554E+02 0.5556E+02 0.5561E+02 0.5563E+02 0.5561E+02 0.5556E+02 0.5555E+02 0.5550E+02 0.5546E+02 0.5543E+02 0.5539E+02 0.5534E+02 0.5530E+02 0.5524E+02 0.5518E+02 0.5510E+02 0.5501E+02 0.5491E+02 0.5474E+02 0.5468E+02 0.5447E+02 0.5435E+02 0.5394E+02 0.5369E+02 0.5334E+02 0.5354E+02 0.5338E+02 0.5317E+02
0.5662E+02 0.5661E+02 0.5661E+02 0.5660E+02 0.5658E+02 0.5656E+02 0.5654E+02 0.5653E+02 0.5652E+02 0.5654E+02 0.5665E+02 0.5642E+02 0.5662E+02 0.5639E+02 0.5641E+02 0.5630E+02 0.5628E+02 0.5624E+02 0.5621E+02 0.5618E+02 0.5615E+02 0.5613E+02 0.5608E+02 0.5605E+02 0.5601E+02 0.5596E+02 0.5588E+02 0.5575E+02 0.5566E+02 0.5544E+02 0.5547E+02 0.5550E+02 0.5548E+02 0.5545E+02 0.5541E+02 0.5538E+02 0.5536E+02 0.5535E+02 0.5531E+02 0.5528E+02 0.5523E+02 0.5517E+02 0.5510E+02 0.5501E+02 0.5491E+02 0.5478E+02 0.5459E+02 0.5451E+02 0.5431E+02 0.5372E+02 0.5344E+02 0.5322E+02 0.5311E+02 0.5303E+02 0.5308E+02 0.5324E+02
0.5660E+02 0.5659E+02 0.5658E+02 0.5657E+02 0.5653E+02 0.5652E+02 0.5651E+02 0.5651E+02 0.5659E+02 0.5666E+02 0.5655E+02 0.5635E+02 0.5655E+02 0.5639E+02 0.5637E+02 0.5635E+02 0.5624E+02 0.5621E+02 0.5618E+02 0.5615E+02 0.5612E+02 0.5609E+02 0.5606E+02 0.5601E+02 0.5597E+02 0.5593E+02 0.5583E+02 0.5572E+02 0.5571E+02 0.5562E+02 0.5543E+02 0.5529E+02 0.5524E+02 0.5520E+02 0.5517E+02 0.5514E+02 0.5522E+02 0.5525E+02 0.5524E+02 0.5520E+02 0.5516E+02 0.5509E+02 0.5501E+02 0.5492E+02 0.5479E+02 0.5459E+02 0.5441E+02 0.5422E+02 0.5370E+02 0.5341E+02 0.5316E+02 0.5319E+02 0.5326E+02 0.5287E+02 0.5306E+02 0.5302E+02
0.5658E+02 0.5657E+02 0.5655E+02 0.5652E+02 0.5650E+02 0.5650E+02 0.5648E+02 0.5661E+02 0.5663E+02 0.5657E+02 0.5656E+02 0.5651E+02 0.5638E+02 0.5635E+02 0.5633E+02 0.5631E+02 0.5627E+02 0.5616E+02 0.5614E+02 0.5611E+02 0.5608E+02 0.5605E+02 0.5602E+02 0.5598E+02 0.5594E+02 0.5590E+02 0.5579E+02 0.5568E+02 0.5568E+02 0.5560E+02 0.5550E+02 0.5547E+02 0.5545E+02 0.5544E+02 0.5539E+02 0.5532E+02 0.5506E+02 0.5513E+02 0.5515E+02 0.5512E+02 0.5507E+02 0.5500E+02 0.5491E+02 0.5479E+02 0.5463E+02 0.5435E+02 0.5412E+02 0.5354E+02 0.5317E+02 0.5296E+02 0.5310E+02 0.5314E+02 0.5304E+02 0.5283E+02 0.5287E+02 0.5281E+02
0.5655E+02 0.5653E+02 0.5650E+02 0.5648E+02 0.5647E+02 0.5645E+02 0.5643E+02 0.5651E+02 0.5645E+02 0.5637E+02 0.5636E+02 0.5634E+02 0.5633E+02 0.5630E+02 0.5629E+02 0.5627E+02 0.5624E+02 0.5612E+02 0.5610E+02 0.5607E+02 0.5605E+02 0.5602E+02 0.5598E+02 0.5595E+02 0.5590E+02 0.5587E+02 0.5576E+02 0.5569E+02 0.5570E+02 0.5566E+02 0.5561E+02 0.5557E+02 0.5552E+02 0.5549E+02 0.5544E+02 0.5537E+02 0.5521E+02 0.5498E+02 0.5503E+02 0.5503E+02 0.5498E+02 0.5490E+02 0.5478E+02 0.5464E+02 0.5442E+02 0.5405E+02 0.5345E+02 0.5300E+02 0.5294E+02 0.5284E+02 0.5276E+02 0.5280E+02 0.5274E+02 0.5230E+02 0.5246E+02 0.5231E+02
0.5651E+02 0.5649E+02 0.5647E+02 0.5644E+02 0.5642E+02 0.5641E+02 0.5639E+02 0.5635E+02 0.5633E+02 0.5632E+02 0.5631E+02 0.5630E+02 0.5627E+02 0.5626E+02 0.5624E+02 0.5623E+02 0.5619E+02 0.5617E+02 0.5606E+02 0.5603E+02 0.5601E+02 0.5598E+02 0.5594E+02 0.5592E+02 0.5587E+02 0.5584E+02 0.5576E+02 0.5571E+02 0.5566E+02 0.5564E+02 0.5561E+02 0.5556E+02 0.5552E+02 0.5547E+02 0.5542E+02 0.5535E+02 0.5525E+02 0.5494E+02 0.5495E+02 0.5491E+02 0.5486E+02 0.5478E+02 0.5464E+02 0.5443E+02 0.5406E+02 0.5352E+02 0.5266E+02 0.5255E+02 0.5298E+02 0.5284E+02 0.5260E+02 0.5194E+02 0.5104E+02 0.5050E+02 0.5077E+02 0.5073E+02
0.5646E+02 0.5645E+02 0.5643E+02 0.5640E+02 0.5637E+02 0.5635E+02 0.5633E+02 0.5629E+02 0.5628E+02 0.5626E+02 0.5625E+02 0.5625E+02 0.5622E+02 0.5621E+02 0.5619E+02 0.5618E+02 0.5615E+02 0.5612E+02 0.5610E+02 0.5599E+02 0.5596E+02 0.5594E+02 0.5591E+02 0.5588E+02 0.5583E+02 0.5580E+02 0.5576E+02 0.5568E+02 0.5565E+02 0.5561E+02 0.5559E+02 0.5554E+02 0.5549E+02 0.5545E+02 0.5538E+02 0.5533E+02 0.5523E+02 0.5504E+02 0.5477E+02 0.5470E+02 0.5471E+02 0.5462E+02 0.5445E+02 0.5416E+02 0.5347E+02 0.5182E+02 0.5116E+02 0.5240E+02 0.5231E+02 0.5132E+02 0.5119E+02 0.5156E+02 0.5203E+02 0.5130E+02 0.5193E+02 0.5226E+02
0.5642E+02 0.5641E+02 0.5639E+02 0.5635E+02 0.5632E+02 0.5629E+02 0.5631E+02 0.5596E+02 0.5618E+02 0.5619E+02 0.5619E+02 0.5618E+02 0.5618E+02 0.5616E+02 0.5615E+02 0.5612E+02 0.5610E+02 0.5608E+02 0.5606E+02 0.5602E+02 0.5592E+02 0.5590E+02 0.5587E+02 0.5583E+02 0.5580E+02 0.5577E+02 0.5573E+02 0.5566E+02 0.5561E+02 0.5558E+02 0.5554E+02 0.5550E+02 0.5546E+02 0.5541E+02 0.5535E+02 0.5529E+02 0.5521E+02 0.5511E+02 0.5499E+02 0.5487E+02 0.5460E+02 0.5439E+02 0.5418E+02 0.5380E+02 0.5233E+02 0.5029E+02 0.5129E+02 0.5111E+02 0.5143E+02 0.5252E+02 0.5244E+02 0.5244E+02 0.5198E+02 0.5157E+02 0.5195E+02 0.5259E+02
0.5639E+02 0.5637E+02 0.5634E+02 0.5630E+02 0.5625E+02 0.5618E+02 0.5569E+02 0.5545E+02 0.5577E+02 0.5610E+02 0.5612E+02 0.5612E+02 0.5612E+02 0.5611E+02 0.5610E+02 0.5607E+02 0.5605E+02 0.5603E+02 0.5601E+02 0.5598E+02 0.5588E+02 0.5585E+02 0.5582E+02 0.5579E+02 0.5576E+02 0.5573E+02 0.5569E+02 0.5565E+02 0.5558E+02 0.5555E+02 0.5550E+02 0.5547E+02 0.5541E+02 0.5537E+02 0.5532E+02 0.5526E+02 0.5519E+02 0.5510E+02 0.5500E+02 0.5488E+02 0.5474E+02 0.5454E+02 0.5423E+02 0.5344E+02 0.5159E+02 0.5123E+02 0.5056E+02 0.5231E+02 0.5268E+02 0.5279E+02 0.5276E+02 0.5285E+02 0.5250E+02 0.5228E+02 0.5241E+02 0.5238E+02
0.5635E+02 0.5632E+02 0.5628E+02 0.5623E+02 0.5620E+02 0.5565E+02 0.5544E+02 0.5534E+02 0.5533E+02 0.5599E+02 0.5604E+02 0.5606E+02 0.5606E+02 0.5605E+02 0.5603E+02 0.5603E+02 0.5601E+02 0.5599E+02 0.5596E+02 0.5593E+02 0.5592E+02 0.5581E+02 0.5578E+02 0.5574E+02 0.5572E+02 0.5568E+02 0.5565E+02 0.5561E+02 0.5556E+02 0.5550E+02 0.5549E+02 0.5544E+02 0.5538E+02 0.5534E+02 0.5529E+02 0.5522E+02 0.5515E+02 0.5506E+02 0.5497E+02 0.5487E+02 0.5473E+02 0.5456E+02 0.5430E+02 0.5375E+02 0.5291E+02 0.5145E+02 0.5228E+02 0.5292E+02 0.5294E+02 0.5298E+02 0.5307E+02 0.5295E+02 0.5276E+02 0.5255E+02 0.5261E+02 0.5255E+02
0.5630E+02 0.5626E+02 0.5621E+02 0.5616E+02 0.5594E+02 0.5567E+02 0.5522E+02 0.5506E+02 0.5505E+02 0.5565E+02 0.5595E+02 0.5599E+02 0.5600E+02 0.5599E+02 0.5598E+02 0.5597E+02 0.5596E+02 0.5594E+02 0.5591E+02 0.5589E+02 0.5587E+02 0.5584E+02 0.5573E+02 0.5570E+02 0.5567E+02 0.5564E+02 0.5561E+02 0.5557E+02 0.5550E+02 0.5547E+02 0.5544E+02 0.5540E+02 0.5534E+02 0.5530E+02 0.5524E+02 0.5517E+02 0.5510E+02 0.5503E+02 0.5493E+02 0.5484E+02 0.5472E+02 0.5456E+02 0.5427E+02 0.5390E+02 0.5247E+02 0.5243E+02 0.5307E+02 0.5306E+02 0.5315E+02 0.5309E+02 0.5299E+02 0.5305E+02 0.5280E+02 0.5287E+02 0.5291E+02 0.5268E+02
0.5624E+02 0.5620E+02 0.5615E+02 0.5607E+02 0.5575E+02 0.5581E+02 0.5528E+02 0.5484E+02 0.5505E+02 0.5522E+02 0.5570E+02 0.5591E+02 0.5593E+02 0.5593E+02 0.5593E+02 0.5592E+02 0.5591E+02 0.5588E+02 0.5586E+02 0.5584E+02 0.5582E+02 0.5579E+02 0.5576E+02 0.5565E+02 0.5563E+02 0.5560E+02 0.5556E+02 0.5551E+02 0.5548E+02 0.5544E+02 0.5540E+02 0.5536E+02 0.5531E+02 0.5525E+02 0.5520E+02 0.5513E+02 0.5507E+02 0.5500E+02 0.5490E+02 0.5481E+02 0.5469E+02 0.5453E+02 0.5421E+02 0.5396E+02 0.5225E+02 0.5315E+02 0.5335E+02 0.5328E+02 0.5324E+02 0.5319E+02 0.5311E+02 0.5309E+02 0.5290E+02 0.5284E+02 0.5279E+02 0.5272E+02
0.5618E+02 0.5613E+02 0.5607E+02 0.5589E+02 0.5587E+02 0.5532E+02 0.5506E+02 0.5483E+02 0.5498E+02 0.5511E+02 0.5544E+02 0.5583E+02 0.5586E+02 0.5587E+02 0.5587E+02 0.5587E+02 0.5585E+02 0.5584E+02 0.5582E+02 0.5579E+02 0.5576E+02 0.5575E+02 0.5571E+02 0.5561E+02 0.5558E+02 0.5555E+02 0.5552E+02 0.5547E+02 0.5543E+02 0.5540E+02 0.5536E+02 0.5531E+02 0.5526E+02 0.5520E+02 0.5514E+02 0.5508E+02 0.5502E+02 0.5495E+02 0.5487E+02 0.5476E+02 0.5465E+02 0.5449E+02 0.5418E+02 0.5396E+02 0.5243E+02 0.5340E+02 0.5339E+02 0.5343E+02 0.5331E+02 0.5330E+02 0.5318E+02 0.5298E+02 0.5293E+02 0.5284E+02 0.5281E+02 0.5265E+02
0.5612E+02 0.5606E+02 0.5574E+02 0.5533E+02 0.5511E+02 0.5507E+02 0.5482E+02 0.5482E+02 0.5482E+02 0.5500E+02 0.5538E+02 0.5575E+02 0.5579E+02 0.5581E+02 0.5581E+02 0.5581E+02 0.5579E+02 0.5578E+02 0.5577E+02 0.5574E+02 0.5572E+02 0.5570E+02 0.5566E+02 0.5563E+02 0.5553E+02 0.5551E+02 0.5547E+02 0.5543E+02 0.5537E+02 0.5535E+02 0.5532E+02 0.5526E+02 0.5521E+02 0.5515E+02 0.5510E+02 0.5503E+02 0.5496E+02 0.5489E+02 0.5481E+02 0.5470E+02 0.5459E+02 0.5443E+02 0.5411E+02 0.5390E+02 0.5237E+02 0.5323E+02 0.5356E+02 0.5353E+02 0.5347E+02 0.5336E+02 0.5313E+02 0.5313E+02 0.5299E+02 0.5297E+02 0.5282E+02 0.5274E+02
0.5605E+02 0.5590E+02 0.5535E+02 0.5514E+02 0.5504E+02 0.5499E+02 0.5475E+02 0.5483E+02 0.5488E+02 0.5499E+02 0.5541E+02 0.5569E+02 0.5573E+02 0.5574E+02 0.5574E+02 0.5575E+02 0.5574E+02 0.5573E+02 0.5571E+02 0.5569E+02 0.5567E+02 0.5565E+02 0.5561E+02 0.5559E+02 0.5556E+02 0.5545E+02 0.5542E+02 0.5538E+02 0.5535E+02 0.5528E+02 0.5526E+02 0.5521E+02 0.5516E+02 0.5510E+02 0.5505E+02 0.5498E+02 0.5490E+02 0.5482E+02 0.5474E+02 0.5463E+02 0.5450E+02 0.5432E+02 0.5397E+02 0.5367E+02 0.5234E+02 0.5333E+02 0.5351E+02 0.5336E+02 0.5352E+02 0.5319E+02 0.5323E+02 0.5311E+02 0.5290E+02 0.5296E+02 0.5281E+02 0.5274E+02
