Data/conc_PM10_RR2020_2002.asc
NCOLS          280
NROWS          320
XLLCORNER            0
YLLCORNER       300000
CELLSIZE         1000
NODATA_VALUE  -0.9990E+03
[rows 225 to 249 of 320, columns 56 to 111 of 280]
0.1602E+02 0.1594E+02 0.1602E+02 0.1601E+02 0.1608E+02 0.1627E+02 0.1632E+02 0.1656E+02 0.1678E+02 0.1675E+02 0.1673E+02 0.1672E+02 0.1682E+02 0.1674E+02 0.1656E+02 0.1658E+02 0.1664E+02 0.1718E+02 0.1753E+02 0.1683E+02 0.1674E+02 0.1723E+02 0.1726E+02 0.1689E+02 0.1670E+02 0.1680E+02 0.1676E+02 0.1680E+02 0.1684E+02 0.1686E+02 0.1709E+02 0.1743E+02 0.1732E+02 0.1811E+02 0.1806E+02 0.1823E+02 0.1828E+02 0.1830E+02 0.1752E+02 0.1725E+02 0.1734E+02 0.1775E+02 0.1765E+02 0.1785E+02 0.1785E+02 0.1750E+02 0.1859E+02 0.1746E+02 0.1743E+02 0.1732E+02 0.1746E+02 0.1733E+02 0.1747E+02 0.1748E+02 0.1791E+02 0.1774E+02
0.1632E+02 0.1635E+02 0.1669E+02 0.1604E+02 0.1609E+02 0.1628E+02 0.1632E+02 0.1639E+02 0.1640E+02 0.1647E+02 0.1649E+02 0.1654E+02 0.1666E+02 0.1660E+02 0.1648E+02 0.1659E+02 0.1673E+02 0.1768E+02 0.1671E+02 0.1674E+02 0.1689E+02 0.1752E+02 0.1730E+02 0.1708E+02 0.1695E+02 0.1681E+02 0.1678E+02 0.1687E+02 0.1702E+02 0.1730E+02 0.1728E+02 0.1725E+02 0.1792E+02 0.1789E+02 0.1815E+02 0.1826E+02 0.1826E+02 0.1945E+02 0.1746E+02 0.1746E+02 0.1736E+02 0.1765E+02 0.1736E+02 0.1733E+02 0.1730E+02 0.1736E+02 0.1746E+02 0.1733E+02 0.1729E+02 0.1735E+02 0.1740E+02 0.1743E+02 0.1750E+02 0.1756E+02 0.1822E+02 0.1792E+02
0.1633E+02 0.1661E+02 0.1669E+02 0.1644E+02 0.1610E+02 0.1602E+02 0.1609E+02 0.1631E+02 0.1635E+02 0.1634E+02 0.1635E+02 0.1637E+02 0.1638E+02 0.1638E+02 0.1646E+02 0.1670E+02 0.1690E+02 0.1684E+02 0.1690E+02 0.1696E+02 0.1739E+02 0.1762E+02 0.1733E+02 0.1716E+02 0.1710E+02 0.1680E+02 0.1680E+02 0.1733E+02 0.1698E+02 0.1728E+02 0.1729E+02 0.1771E+02 0.1774E+02 0.1787E+02 0.1804E+02 0.1794E+02 0.1772E+02 0.1795E+02 0.1737E+02 0.1719E+02 0.1725E+02 0.1811E+02 0.1761E+02 0.1728E+02 0.1729E+02 0.1726E+02 0.1726E+02 0.1727E+02 0.1738E+02 0.1754E+02 0.1782E+02 0.1793E+02 0.1752E+02 0.1762E+02 0.1798E+02 0.1759E+02
0.1642E+02 0.1647E+02 0.1654E+02 0.1633E+02 0.1645E+02 0.1634E+02 0.1620E+02 0.1632E+02 0.1634E+02 0.1632E+02 0.1634E+02 0.1636E+02 0.1637E+02 0.1640E+02 0.1650E+02 0.1659E+02 0.1666E+02 0.1669E+02 0.1673E+02 0.1716E+02 0.2406E+02 0.1938E+02 0.1779E+02 0.1750E+02 0.1722E+02 0.1695E+02 0.1694E+02 0.1724E+02 0.1733E+02 0.1732E+02 0.1758E+02 0.1892E+02 0.1772E+02 0.1788E+02 0.1760E+02 0.1738E+02 0.1727E+02 0.1724E+02 0.1737E+02 0.1720E+02 0.1722E+02 0.1745E+02 0.1745E+02 0.1728E+02 0.1721E+02 0.1723E+02 0.1726E+02 0.1756E+02 0.1753E+02 0.1819E+02 0.1812E+02 0.1772E+02 0.1762E+02 0.1781E+02 0.1823E+02 0.1773E+02
0.1658E+02 0.1655E+02 0.1637E+02 0.1631E+02 0.1638E+02 0.1694E+02 0.1711E+02 0.1638E+02 0.1639E+02 0.1637E+02 0.1635E+02 0.1635E+02 0.1637E+02 0.1641E+02 0.1646E+02 0.1655E+02 0.1659E+02 0.1661E+02 0.1672E+02 0.1699E+02 0.1787E+02 0.1765E+02 0.1781E+02 0.1783E+02 0.1760E+02 0.1713E+02 0.1696E+02 0.1688E+02 0.1693E+02 0.1704E+02 0.1736E+02 0.1768E+02 0.1742E+02 0.1733E+02 0.1740E+02 0.1765E+02 0.1728E+02 0.1723E+02 0.1722E+02 0.1729E+02 0.1730E+02 0.1776E+02 0.1750E+02 0.1745E+02 0.1736E+02 0.1735E+02 0.1750E+02 0.1749E+02 0.1797E+02 0.2126E+02 0.1826E+02 0.1777E+02 0.1772E+02 0.1772E+02 0.1827E+02 0.1758E+02
0.1686E+02 0.1646E+02 0.1634E+02 0.1641E+02 0.1640E+02 0.1692E+02 0.1688E+02 0.1639E+02 0.1640E+02 0.1638E+02 0.1636E+02 0.1636E+02 0.1638E+02 0.1642E+02 0.1648E+02 0.1651E+02 0.1653E+02 0.1659E+02 0.1676E+02 0.1686E+02 0.1682E+02 0.1700E+02 0.1773E+02 0.1769E+02 0.1773E+02 0.1690E+02 0.1680E+02 0.1678E+02 0.1686E+02 0.1703E+02 0.1736E+02 0.1743E+02 0.1749E+02 0.1758E+02 0.1761E+02 0.1760E+02 0.1744E+02 0.1725E+02 0.1738E+02 0.1746E+02 0.1749E+02 0.1757E+02 0.1760E+02 0.1764E+02 0.1767E+02 0.1753E+02 0.1775E+02 0.1781E+02 0.1806E+02 0.1834E+02 0.1804E+02 0.1803E+02 0.1787E+02 0.1792E+02 0.1776E+02 -0.9990E+03
0.1661E+02 0.1643E+02 0.1638E+02 0.1649E+02 0.1656E+02 0.1756E+02 0.1672E+02 0.1616E+02 0.1627E+02 0.1636E+02 0.1635E+02 0.1636E+02 0.1636E+02 0.1641E+02 0.1646E+02 0.1650E+02 0.1652E+02 0.1658E+02 0.1666E+02 0.1666E+02 0.1696E+02 0.1763E+02 0.1752E+02 0.1742E+02 0.1735E+02 0.1708E+02 0.1682E+02 0.1717E+02 0.1695E+02 0.1744E+02 0.1734E+02 0.1740E+02 0.1745E+02 0.1757E+02 0.1796E+02 0.1759E+02 0.1734E+02 0.1712E+02 0.1746E+02 0.1775E+02 0.1758E+02 0.1759E+02 0.1764E+02 0.1767E+02 0.1771E+02 0.1774E+02 0.1769E+02 0.1795E+02 0.1819E+02 0.1804E+02 0.1794E+02 0.1792E+02 0.1783E+02 0.1782E+02 0.1749E+02 -0.9990E+03
0.1688E+02 0.1682E+02 0.1678E+02 0.1668E+02 0.1683E+02 0.1734E+02 0.1662E+02 0.1618E+02 0.1625E+02 0.1636E+02 0.1636E+02 0.1637E+02 0.1636E+02 0.1641E+02 0.1646E+02 0.1650E+02 0.1652E+02 0.1658E+02 0.1669E+02 0.1666E+02 0.1668E+02 0.1696E+02 0.1685E+02 0.1695E+02 0.1734E+02 0.1707E+02 0.1679E+02 0.1678E+02 0.1715E+02 0.1707E+02 0.1734E+02 0.1736E+02 0.1739E+02 0.1753E+02 0.1764E+02 0.1746E+02 0.1752E+02 -0.9990E+03 -0.9990E+03 -0.9990E+03 0.1750E+02 0.1768E+02 0.1765E+02 0.1775E+02 0.1783E+02 0.1775E+02 0.1831E+02 0.1813E+02 0.1835E+02 0.1818E+02 0.1790E+02 0.1784E+02 0.1808E+02 0.1772E+02 -0.9990E+03 -0.9990E+03
0.1646E+02 0.1708E+02 0.1774E+02 0.1671E+02 0.1718E+02 0.1696E+02 0.1670E+02 0.1654E+02 0.1624E+02 0.1621E+02 0.1619E+02 0.1639E+02 0.1637E+02 0.1633E+02 0.1627E+02 0.1631E+02 0.1632E+02 0.1638E+02 0.1651E+02 0.1647E+02 0.1646E+02 0.1633E+02 0.1646E+02 0.1674E+02 0.1726E+02 0.1704E+02 0.1680E+02 0.1684E+02 0.1717E+02 0.1741E+02 0.1732E+02 0.1732E+02 0.1729E+02 0.1750E+02 -0.9990E+03 -0.9990E+03 -0.9990E+03 -0.9990E+03 -0.9990E+03 0.1755E+02 0.1758E+02 0.1790E+02 0.1788E+02 0.1796E+02 0.1811E+02 0.1787E+02 0.1789E+02 0.1818E+02 0.1840E+02 0.1790E+02 0.1788E+02 0.1782E+02 0.1777E+02 -0.9990E+03 -0.9990E+03 -0.9990E+03
0.1635E+02 0.1650E+02 0.1716E+02 0.1661E+02 0.1709E+02 0.1748E+02 0.1677E+02 0.1659E+02 0.1646E+02 0.1612E+02 0.1609E+02 0.1641E+02 0.1637E+02 0.1628E+02 0.1614E+02 0.1617E+02 0.1617E+02 0.1625E+02 0.1658E+02 0.1643E+02 0.1630E+02 0.1625E+02 0.1636E+02 0.1672E+02 0.1694E+02 0.1675E+02 0.1692E+02 0.1690E+02 0.1712E+02 0.1843E+02 0.1738E+02 0.1722E+02 -0.9990E+03 -0.9990E+03 -0.9990E+03 -0.9990E+03 -0.9990E+03 -0.9990E+03 -0.9990E+03 0.1789E+02 0.1769E+02 0.1780E+02 0.1815E+02 0.1832E+02 0.1969E+02 0.1809E+02 0.1796E+02 0.1825E+02 0.1790E+02 0.1791E+02 0.1785E+02 0.1776E+02 -0.9990E+03 -0.9990E+03 -0.9990E+03 -0.9990E+03
0.1627E+02 0.1623E+02 0.1627E+02 0.1642E+02 0.1705E+02 0.1901E+02 0.1714E+02 0.1699E+02 0.1678E+02 0.1656E+02 0.1628E+02 0.1630E+02 0.1628E+02 0.1625E+02 0.1623E+02 0.1627E+02 0.1622E+02 0.1624E+02 0.1657E+02 0.1647E+02 0.1650E+02 0.1650E+02 0.1660E+02 0.1672E+02 0.1721E+02 0.1698E+02 0.1702E+02 0.1696E+02 0.1710E+02 0.1719E+02 0.1729E+02 -0.9990E+03 -0.9990E+03 -0.9990E+03 -0.9990E+03 -0.9990E+03 -0.9990E+03 -0.9990E+03 -0.9990E+03 0.1772E+02 0.1787E+02 0.1806E+02 0.1924E+02 0.1825E+02 0.1830E+02 0.1819E+02 0.1789E+02 0.1796E+02 0.1795E+02 0.1791E+02 0.1782E+02 -0.9990E+03 -0.9990E+03 -0.9990E+03 -0.9990E+03 -0.9990E+03
0.1633E+02 0.1624E+02 0.1622E+02 0.1629E+02 0.1662E+02 0.1717E+02 0.1681E+02 0.1701E+02 0.1677E+02 0.1713E+02 0.1710E+02 0.1651E+02 0.1624E+02 0.1642E+02 0.1659E+02 0.1664E+02 0.1646E+02 0.1636E+02 0.1649E+02 0.1667E+02 0.1672E+02 0.1693E+02 0.1710E+02 0.1720E+02 0.1757E+02 0.1722E+02 0.1719E+02 0.1738E+02 0.1726E+02 0.1724E+02 0.1709E+02 -0.9990E+03 -0.9990E+03 -0.9990E+03 -0.9990E+03 -0.9990E+03 -0.9990E+03 -0.9990E+03 -0.9990E+03 0.1797E+02 0.1816E+02 0.1826E+02 0.1822E+02 0.1812E+02 0.1808E+02 0.1793E+02 0.1795E+02 0.1802E+02 0.1806E+02 0.1795E+02 -0.9990E+03 -0.9990E+03 -0.9990E+03 -0.9990E+03 -0.9990E+03 -0.9990E+03
0.1647E+02 0.1642E+02 0.1636E+02 0.1639E+02 0.1647E+02 0.1649E+02 0.1693E+02 0.1718E+02 0.1715E+02 0.1694E+02 0.1691E+02 0.1682E+02 0.1675E+02 0.1677E+02 0.1691E+02 0.1695E+02 0.1686E+02 0.1674E+02 0.1682E+02 0.1695E+02 0.1703E+02 0.1752E+02 0.1696E+02 0.1741E+02 0.1738E+02 0.1768E+02 0.1887E+02 0.1734E+02 0.1721E+02 0.1717E+02 0.1717E+02 -0.9990E+03 -0.9990E+03 -0.9990E+03 -0.9990E+03 -0.9990E+03 -0.9990E+03 -0.9990E+03 -0.9990E+03 0.1801E+02 0.1814E+02 0.1829E+02 0.1825E+02 0.1822E+02 0.1823E+02 0.1801E+02 0.1790E+02 0.1824E+02 0.1830E+02 0.1825E+02 -0.9990E+03 -0.9990E+03 -0.9990E+03 -0.9990E+03 -0.9990E+03 0.1784E+02
0.1651E+02 0.1649E+02 0.1648E+02 0.1649E+02 0.1641E+02 0.1637E+02 0.1672E+02 0.1740E+02 0.1681E+02 0.1672E+02 0.1689E+02 0.1691E+02 0.1688E+02 0.1691E+02 0.1720E+02 0.1727E+02 0.1667E+02 0.1663E+02 0.1658E+02 0.1678E+02 0.1685E+02 0.1715E+02 0.1699E+02 0.1694E+02 0.1714E+02 0.1739E+02 0.1734E+02 0.1737E+02 0.1706E+02 0.1743E+02 -0.9990E+03 -0.9990E+03 -0.9990E+03 -0.9990E+03 -0.9990E+03 -0.9990E+03 -0.9990E+03 -0.9990E+03 -0.9990E+03 0.1800E+02 0.1812E+02 -0.9990E+03 -0.9990E+03 -0.9990E+03 -0.9990E+03 -0.9990E+03 0.1776E+02 0.1816E+02 -0.9990E+03 -0.9990E+03 -0.9990E+03 -0.9990E+03 -0.9990E+03 -0.9990E+03 -0.9990E+03 0.1792E+02
0.1658E+02 0.1666E+02 0.1650E+02 0.1640E+02 0.1648E+02 0.1653E+02 0.1660E+02 0.1659E+02 0.1652E+02 0.1656E+02 0.1671E+02 0.1679E+02 0.1678E+02 0.1680E+02 0.1673E+02 0.1662E+02 0.1659E+02 0.1672E+02 0.1659E+02 0.1669E+02 0.1676E+02 0.1711E+02 0.1760E+02 0.1698E+02 0.1730E+02 0.1713E+02 0.1744E+02 0.1717E+02 0.1720E+02 0.1728E+02 0.1725E+02 -0.9990E+03 -0.9990E+03 -0.9990E+03 -0.9990E+03 -0.9990E+03 -0.9990E+03 -0.9990E+03 -0.9990E+03 -0.9990E+03 -0.9990E+03 -0.9990E+03 -0.9990E+03 -0.9990E+03 -0.9990E+03 -0.9990E+03 -0.9990E+03 -0.9990E+03 -0.9990E+03 -0.9990E+03 -0.9990E+03 -0.9990E+03 -0.9990E+03 -0.9990E+03 -0.9990E+03 -0.9990E+03
0.1675E+02 0.1676E+02 0.1672E+02 0.1655E+02 0.1650E+02 0.1657E+02 0.1654E+02 0.1648E+02 0.1644E+02 0.1644E+02 0.1644E+02 0.1658E+02 0.1671E+02 0.1675E+02 0.1670E+02 0.1652E+02 0.1654E+02 0.1664E+02 0.1659E+02 0.1664E+02 0.1679E+02 0.1697E+02 0.1725E+02 0.1705E+02 0.1708E+02 0.1739E+02 0.1723E+02 0.1720E+02 0.1709E+02 0.1724E+02 0.1746E+02 -0.9990E+03 -0.9990E+03 -0.9990E+03 -0.9990E+03 -0.9990E+03 -0.9990E+03 -0.9990E+03 -0.9990E+03 -0.9990E+03 -0.9990E+03 -0.9990E+03 -0.9990E+03 -0.9990E+03 -0.9990E+03 -0.9990E+03 -0.9990E+03 -0.9990E+03 -0.9990E+03 -0.9990E+03 -0.9990E+03 -0.9990E+03 -0.9990E+03 -0.9990E+03 -0.9990E+03 -0.9990E+03
0.1678E+02 0.1684E+02 0.1671E+02 0.1667E+02 0.1674E+02 0.1649E+02 0.1651E+02 0.1643E+02 0.1640E+02 0.1639E+02 0.1640E+02 0.1641E+02 0.1642E+02 0.1640E+02 0.1638E+02 0.1633E+02 0.1633E+02 0.1639E+02 0.1637E+02 0.1656E+02 0.1682E+02 0.1701E+02 0.1749E+02 0.1711E+02 0.1748E+02 0.1759E+02 0.1793E+02 0.1733E+02 0.1714E+02 0.1744E+02 0.1742E+02 0.1749E+02 -0.9990E+03 -0.9990E+03 -0.9990E+03 -0.9990E+03 -0.9990E+03 -0.9990E+03 -0.9990E+03 -0.9990E+03 -0.9990E+03 -0.9990E+03 -0.9990E+03 -0.9990E+03 -0.9990E+03 -0.9990E+03 -0.9990E+03 -0.9990E+03 -0.9990E+03 -0.9990E+03 -0.9990E+03 -0.9990E+03 -0.9990E+03 -0.9990E+03 -0.9990E+03 -0.9990E+03
0.1700E+02 0.1672E+02 0.1673E+02 0.1675E+02 0.1762E+02 0.1648E+02 0.1649E+02 0.1638E+02 0.1636E+02 0.1634E+02 0.1634E+02 0.1636E+02 0.1638E+02 0.1623E+02 0.1610E+02 0.1610E+02 0.1611E+02 0.1622E+02 0.1626E+02 0.1644E+02 0.1675E+02 0.1715E+02 0.1714E+02 0.1721E+02 0.1717E+02 0.1718E+02 0.1734E+02 0.1753E+02 0.1729E+02 0.1740E+02 0.1759E+02 0.1763E+02 0.1748E+02 -0.9990E+03 -0.9990E+03 -0.9990E+03 -0.9990E+03 -0.9990E+03 -0.9990E+03 -0.9990E+03 -0.9990E+03 -0.9990E+03 -0.9990E+03 -0.9990E+03 -0.9990E+03 -0.9990E+03 -0.9990E+03 -0.9990E+03 -0.9990E+03 -0.9990E+03 -0.9990E+03 -0.9990E+03 -0.9990E+03 -0.9990E+03 -0.9990E+03 -0.9990E+03
0.1665E+02 0.1668E+02 0.1677E+02 0.1708E+02 0.1674E+02 0.1649E+02 0.1634E+02 0.1627E+02 0.1624E+02 0.1622E+02 0.1622E+02 0.1625E+02 0.1631E+02 0.1623E+02 0.1615E+02 0.1617E+02 0.1619E+02 0.1627E+02 0.1630E+02 0.1700E+02 0.1708E+02 0.1751E+02 0.1711E+02 0.1718E+02 0.1732E+02 0.1760E+02 0.1756E+02 0.1754E+02 0.1735E+02 0.1780E+02 0.1798E+02 0.1774E+02 0.1778E+02 -0.9990E+03 -0.9990E+03 -0.9990E+03 -0.9990E+03 -0.9990E+03 -0.9990E+03 -0.9990E+03 -0.9990E+03 -0.9990E+03 -0.9990E+03 -0.9990E+03 -0.9990E+03 -0.9990E+03 -0.9990E+03 -0.9990E+03 -0.9990E+03 -0.9990E+03 -0.9990E+03 -0.9990E+03 -0.9990E+03 -0.9990E+03 -0.9990E+03 -0.9990E+03
0.1658E+02 0.1666E+02 0.1662E+02 0.1679E+02 0.1663E+02 0.1657E+02 0.1657E+02 0.1651E+02 0.1628E+02 0.1604E+02 0.1605E+02 0.1611E+02 0.1614E+02 0.1621E+02 0.1622E+02 0.1622E+02 0.1626E+02 0.1625E+02 0.1628E+02 0.1650E+02 -0.9990E+03 -0.9990E+03 -0.9990E+03 -0.9990E+03 -0.9990E+03 0.1788E+02 0.1777E+02 0.1799E+02 0.1770E+02 0.1789E+02 0.1810E+02 0.1819E+02 0.1805E+02 -0.9990E+03 -0.9990E+03 -0.9990E+03 -0.9990E+03 -0.9990E+03 -0.9990E+03 -0.9990E+03 -0.9990E+03 -0.9990E+03 -0.9990E+03 -0.9990E+03 -0.9990E+03 -0.9990E+03 -0.9990E+03 -0.9990E+03 -0.9990E+03 -0.9990E+03 -0.9990E+03 -0.9990E+03 -0.9990E+03 -0.9990E+03 -0.9990E+03 -0.9990E+03
0.1659E+02 0.1661E+02 0.1661E+02 0.1645E+02 0.1654E+02 0.1654E+02 0.1650E+02 0.1654E+02 0.1647E+02 0.1644E+02 0.1607E+02 0.1610E+02 0.1613E+02 0.1618E+02 0.1622E+02 0.1624E+02 0.1628E+02 0.1628E+02 0.1633E+02 0.1645E+02 -0.9990E+03 -0.9990E+03 -0.9990E+03 -0.9990E+03 -0.9990E+03 -0.9990E+03 0.1780E+02 0.1803E+02 0.1755E+02 0.1796E+02 0.1820E+02 -0.9990E+03 -0.9990E+03 -0.9990E+03 -0.9990E+03 -0.9990E+03 -0.9990E+03 -0.9990E+03 -0.9990E+03 -0.9990E+03 -0.9990E+03 -0.9990E+03 -0.9990E+03 -0.9990E+03 -0.9990E+03 -0.9990E+03 -0.9990E+03 -0.9990E+03 -0.9990E+03 -0.9990E+03 -0.9990E+03 -0.9990E+03 -0.9990E+03 -0.9990E+03 -0.9990E+03 -0.9990E+03
0.1648E+02 0.1664E+02 0.1665E+02 0.1638E+02 0.1650E+02 0.1649E+02 0.1669E+02 0.1648E+02 0.1648E+02 0.1647E+02 0.1636E+02 0.1611E+02 0.1608E+02 0.1615E+02 0.1621E+02 0.1626E+02 0.1643E+02 0.1657E+02 0.1650E+02 0.1638E+02 -0.9990E+03 -0.9990E+03 -0.9990E+03 -0.9990E+03 -0.9990E+03 -0.9990E+03 -0.9990E+03 -0.9990E+03 -0.9990E+03 -0.9990E+03 -0.9990E+03 -0.9990E+03 -0.9990E+03 -0.9990E+03 -0.9990E+03 -0.9990E+03 -0.9990E+03 -0.9990E+03 -0.9990E+03 -0.9990E+03 -0.9990E+03 -0.9990E+03 -0.9990E+03 -0.9990E+03 -0.9990E+03 -0.9990E+03 -0.9990E+03 -0.9990E+03 -0.9990E+03 -0.9990E+03 -0.9990E+03 -0.9990E+03 -0.9990E+03 -0.9990E+03 -0.9990E+03 -0.9990E+03
0.1653E+02 0.1656E+02 0.1650E+02 0.1651E+02 0.1653E+02 0.1651E+02 0.1649E+02 0.1644E+02 0.1651E+02 0.1686E+02 0.1653E+02 0.1638E+02 0.1615E+02 0.1622E+02 0.1628E+02 0.1639E+02 0.1668E+02 0.1666E+02 0.1671E+02 -0.9990E+03 -0.9990E+03 -0.9990E+03 -0.9990E+03 -0.9990E+03 -0.9990E+03 -0.9990E+03 -0.9990E+03 -0.9990E+03 -0.9990E+03 -0.9990E+03 -0.9990E+03 -0.9990E+03 -0.9990E+03 -0.9990E+03 -0.9990E+03 -0.9990E+03 -0.9990E+03 -0.9990E+03 -0.9990E+03 -0.9990E+03 -0.9990E+03 -0.9990E+03 -0.9990E+03 -0.9990E+03 -0.9990E+03 -0.9990E+03 -0.9990E+03 -0.9990E+03 -0.9990E+03 -0.9990E+03 -0.9990E+03 -0.9990E+03 -0.9990E+03 -0.9990E+03 -0.9990E+03 -0.9990E+03
0.1679E+02 0.1692E+02 0.1655E+02 0.1655E+02 0.1655E+02 0.1652E+02 0.1654E+02 0.1658E+02 0.1658E+02 0.1687E+02 0.1661E+02 0.1662E+02 0.1662E+02 0.1655E+02 0.1659E+02 0.1678E+02 0.1690E+02 0.1696E+02 -0.9990E+03 -0.9990E+03 -0.9990E+03 -0.9990E+03 -0.9990E+03 -0.9990E+03 -0.9990E+03 -0.9990E+03 -0.9990E+03 -0.9990E+03 -0.9990E+03 -0.9990E+03 -0.9990E+03 -0.9990E+03 -0.9990E+03 -0.9990E+03 -0.9990E+03 -0.9990E+03 -0.9990E+03 -0.9990E+03 -0.9990E+03 -0.9990E+03 -0.9990E+03 -0.9990E+03 -0.9990E+03 -0.9990E+03 -0.9990E+03 -0.9990E+03 -0.9990E+03 -0.9990E+03 -0.9990E+03 -0.9990E+03 -0.9990E+03 -0.9990E+03 -0.9990E+03 -0.9990E+03 -0.9990E+03 -0.9990E+03
0.1663E+02 0.1660E+02 0.1661E+02 0.1656E+02 0.1672E+02 0.1658E+02 0.1657E+02 0.1658E+02 0.1659E+02 0.1657E+02 0.1667E+02 0.1669E+02 0.1681E+02 0.1678E+02 0.1677E+02 0.1677E+02 0.1687E+02 -0.9990E+03 -0.9990E+03 -0.9990E+03 -0.9990E+03 -0.9990E+03 -0.9990E+03 -0.9990E+03 -0.9990E+03 -0.9990E+03 -0.9990E+03 -0.9990E+03 -0.9990E+03 -0.9990E+03 -0.9990E+03 -0.9990E+03 -0.9990E+03 -0.9990E+03 -0.9990E+03 -0.9990E+03 -0.9990E+03 -0.9990E+03 -0.9990E+03 -0.9990E+03 -0.9990E+03 -0.9990E+03 -0.9990E+03 -0.9990E+03 -0.9990E+03 -0.9990E+03 -0.9990E+03 -0.9990E+03 -0.9990E+03 -0.9990E+03 -0.9990E+03 -0.9990E+03 -0.9990E+03 -0.9990E+03 -0.9990E+03 -0.9990E+03
