Data/conc_O3_RR2020_2002.asc
NCOLS          280
NROWS          320
XLLCORNER            0
YLLCORNER       300000
CELLSIZE         1000
NODATA_VALUE  -0.9990E+03
[rows 150 to 174 of 320, columns 168 to 223 of 280]
0.4659E+02 0.4663E+02 0.4580E+02 0.4636E+02 0.4664E+02 0.4669E+02 0.4673E+02 0.4665E+02 0.4618E+02 0.4671E+02 0.4700E+02 0.4647E+02 0.4667E+02 0.4571E+02 0.4619E+02 0.4628E+02 0.4634E+02 0.4677E+02 0.4685E+02 0.4709E+02 0.4668E+02 0.4660E+02 0.4640E+02 0.4577E+02 0.4447E+02 0.4385E+02 0.4313E+02 0.4291E+02 0.4368E+02 0.4366E+02 0.4250E+02 0.4432E+02 0.4428E+02 0.4402E+02 0.4327E+02 0.4112E+02 0.4192E+02 0.4427E+02 0.4492E+02 0.4518E+02 0.4537E+02 0.4499E+02 0.4496E+02 0.4569E+02 0.4579E+02 0.4579E+02 0.4566E+02 0.4574E+02 0.4578E+02 0.4576E+02 0.4573E+02 0.4570E+02 0.4561E+02 0.4551E+02 0.4503E+02 0.4574E+02
0.4637E+02 0.4614E+02 0.4577E+02 0.4601E+02 0.4592E+02 0.4622E+02 0.4622E+02 0.4620E+02 0.4581E+02 0.4611E+02 0.4656E+02 0.4618E+02 0.4627E+02 0.4490E+02 0.4407E+02 0.4395E+02 0.4398E+02 0.4551E+02 0.4657E+02 0.4687E+02 0.4659E+02 0.4648E+02 0.4626E+02 0.4565E+02 0.4435E+02 0.4386E+02 0.4375E+02 0.4380E+02 0.4363E+02 0.4389E+02 0.4192E+02 0.4302E+02 0.4145E+02 0.4117E+02 0.4187E+02 0.4463E+02 0.4519E+02 0.4530E+02 0.4545E+02 0.4530E+02 0.4525E+02 0.4533E+02 0.4505E+02 0.4566E+02 0.4595E+02 0.4608E+02 0.4578E+02 0.4575E+02 0.4597E+02 0.4610E+02 0.4557E+02 0.4544E+02 0.4537E+02 0.4533E+02 0.4481E+02 0.4575E+02
0.4587E+02 0.4573E+02 0.4537E+02 0.4609E+02 0.4545E+02 0.4550E+02 0.4579E+02 0.4569E+02 0.4349E+02 0.4402E+02 0.4410E+02 0.4397E+02 0.4395E+02 0.4393E+02 0.4597E+02 0.4662E+02 0.4639E+02 0.4411E+02 0.4516E+02 0.4651E+02 0.4626E+02 0.4615E+02 0.4595E+02 0.4537E+02 0.4414E+02 0.4422E+02 0.4387E+02 0.4352E+02 0.4401E+02 0.4378E+02 0.4095E+02 0.4073E+02 0.4290E+02 0.4401E+02 0.4442E+02 0.4547E+02 0.4586E+02 0.4540E+02 0.4585E+02 0.4538E+02 0.4553E+02 0.4562E+02 0.4502E+02 0.4572E+02 0.4606E+02 0.4611E+02 0.4617E+02 0.4581E+02 0.4612E+02 0.4584E+02 0.4575E+02 0.4563E+02 0.4549E+02 0.4519E+02 0.4452E+02 0.4551E+02
0.4520E+02 0.4481E+02 0.4520E+02 0.4542E+02 0.4525E+02 0.4450E+02 0.4253E+02 0.4292E+02 0.4530E+02 0.4620E+02 0.4659E+02 0.4648E+02 0.4628E+02 0.4636E+02 0.4686E+02 0.4696E+02 0.4703E+02 0.4682E+02 0.4484E+02 0.4407E+02 0.4404E+02 0.4393E+02 0.4366E+02 0.4312E+02 0.4481E+02 0.4423E+02 0.4408E+02 0.4356E+02 0.4257E+02 0.4194E+02 0.3984E+02 0.4374E+02 0.4459E+02 0.4507E+02 0.4529E+02 0.4523E+02 0.4556E+02 0.4538E+02 0.4564E+02 0.4569E+02 0.4554E+02 0.4536E+02 0.4551E+02 0.4512E+02 0.4578E+02 0.4579E+02 0.4617E+02 0.4586E+02 0.4562E+02 0.4572E+02 0.4566E+02 0.4556E+02 0.4543E+02 0.4539E+02 0.4479E+02 0.4485E+02
0.4415E+02 0.4468E+02 0.4494E+02 0.4487E+02 0.4264E+02 0.4237E+02 0.4482E+02 0.4520E+02 0.4554E+02 0.4657E+02 0.4663E+02 0.4654E+02 0.4658E+02 0.4703E+02 0.4697E+02 0.4719E+02 0.4718E+02 0.4672E+02 0.4662E+02 0.4650E+02 0.4643E+02 0.4631E+02 0.4576E+02 0.4492E+02 0.4333E+02 0.4295E+02 0.4224E+02 0.4140E+02 0.4277E+02 0.4403E+02 0.4175E+02 0.4442E+02 0.4513E+02 0.4541E+02 0.4561E+02 0.4605E+02 0.4618E+02 0.4587E+02 0.4533E+02 0.4568E+02 0.4578E+02 0.4559E+02 0.4511E+02 0.4461E+02 0.4517E+02 0.4559E+02 0.4562E+02 0.4577E+02 0.4550E+02 0.4562E+02 0.4554E+02 0.4530E+02 0.4559E+02 0.4559E+02 0.4554E+02 0.4415E+02
0.4260E+02 0.4251E+02 0.4313E+02 0.4253E+02 0.4451E+02 0.4485E+02 0.4536E+02 0.4518E+02 0.4578E+02 0.4649E+02 0.4663E+02 0.4661E+02 0.4709E+02 0.4699E+02 0.4704E+02 0.4723E+02 0.4716E+02 0.4710E+02 0.4702E+02 0.4717E+02 0.4668E+02 0.4654E+02 0.4600E+02 0.4618E+02 0.4596E+02 0.4557E+02 0.4458E+02 0.4460E+02 0.4452E+02 0.4438E+02 0.4185E+02 0.4451E+02 0.4525E+02 0.4569E+02 0.4576E+02 0.4586E+02 0.4583E+02 0.4566E+02 0.4540E+02 0.4570E+02 0.4570E+02 0.4526E+02 0.4469E+02 0.4455E+02 0.4491E+02 0.4524E+02 0.4543E+02 0.4564E+02 0.4554E+02 0.4532E+02 0.4542E+02 0.4517E+02 0.4538E+02 0.4537E+02 0.4530E+02 0.4437E+02
0.4447E+02 0.4448E+02 0.4493E+02 0.4509E+02 0.4530E+02 0.4508E+02 0.4539E+02 0.4542E+02 0.4585E+02 0.4609E+02 0.4662E+02 0.4652E+02 0.4662E+02 0.4671E+02 0.4678E+02 0.4681E+02 0.4723E+02 0.4708E+02 0.4706E+02 0.4710E+02 0.4667E+02 0.4620E+02 0.4647E+02 0.4643E+02 0.4629E+02 0.4617E+02 0.4496E+02 0.4547E+02 0.4515E+02 0.4352E+02 0.4226E+02 0.4502E+02 0.4541E+02 0.4571E+02 0.4587E+02 0.4590E+02 0.4588E+02 0.4572E+02 0.4515E+02 0.4562E+02 0.4551E+02 0.4494E+02 0.4424E+02 0.4399E+02 0.4469E+02 0.4510E+02 0.4550E+02 0.4585E+02 0.4560E+02 0.4545E+02 0.4509E+02 0.4574E+02 0.4593E+02 0.4562E+02 0.4547E+02 0.4492E+02
0.4475E+02 0.4501E+02 0.4499E+02 0.4522E+02 0.4531E+02 0.4539E+02 0.4567E+02 0.4550E+02 0.4559E+02 0.4607E+02 0.4632E+02 0.4636E+02 0.4688E+02 0.4684E+02 0.4718E+02 0.4720E+02 0.4717E+02 0.4726E+02 0.4724E+02 0.4679E+02 0.4669E+02 0.4628E+02 0.4658E+02 0.4653E+02 0.4632E+02 0.4604E+02 0.4536E+02 0.4523E+02 0.4482E+02 0.4275E+02 0.4541E+02 0.4508E+02 0.4556E+02 0.4585E+02 0.4590E+02 0.4599E+02 0.4597E+02 0.4594E+02 0.4587E+02 0.4511E+02 0.4501E+02 0.4444E+02 0.4399E+02 0.4355E+02 0.4458E+02 0.4475E+02 0.4517E+02 0.4537E+02 0.4572E+02 0.4596E+02 0.4541E+02 0.4586E+02 0.4604E+02 0.4535E+02 0.4540E+02 0.4502E+02
0.4403E+02 0.4468E+02 0.4524E+02 0.4548E+02 0.4548E+02 0.4538E+02 0.4534E+02 0.4554E+02 0.4578E+02 0.4602E+02 0.4590E+02 0.4577E+02 0.4660E+02 0.4700E+02 0.4707E+02 0.4728E+02 0.4727E+02 0.4720E+02 0.4682E+02 0.4676E+02 0.4668E+02 0.4631E+02 0.4662E+02 0.4655E+02 0.4634E+02 0.4622E+02 0.4540E+02 0.4442E+02 0.4267E+02 0.4546E+02 0.4593E+02 0.4545E+02 0.4577E+02 0.4589E+02 0.4603E+02 0.4600E+02 0.4610E+02 0.4610E+02 0.4580E+02 0.4565E+02 0.4547E+02 0.4429E+02 0.4339E+02 0.4360E+02 0.4442E+02 0.4521E+02 0.4444E+02 0.4482E+02 0.4545E+02 0.4552E+02 0.4543E+02 0.4557E+02 0.4561E+02 0.4604E+02 0.4600E+02 0.4578E+02
0.4461E+02 0.4503E+02 0.4523E+02 0.4521E+02 0.4531E+02 0.4512E+02 0.4526E+02 0.4569E+02 0.4572E+02 0.4573E+02 0.4590E+02 0.4588E+02 0.4627E+02 0.4691E+02 0.4704E+02 0.4712E+02 0.4723E+02 0.4722E+02 0.4697E+02 0.4673E+02 0.4632E+02 0.4654E+02 0.4657E+02 0.4646E+02 0.4641E+02 0.4598E+02 0.4364E+02 0.4347E+02 0.4571E+02 0.4556E+02 0.4612E+02 0.4569E+02 0.4569E+02 0.4585E+02 0.4594E+02 0.4604E+02 0.4598E+02 0.4599E+02 0.4605E+02 0.4572E+02 0.4547E+02 0.4443E+02 0.4414E+02 0.4353E+02 0.4443E+02 0.4477E+02 0.4428E+02 0.4488E+02 0.4583E+02 0.4577E+02 0.4605E+02 0.4588E+02 0.4589E+02 0.4612E+02 0.4608E+02 0.4564E+02
0.4449E+02 0.4499E+02 0.4535E+02 0.4557E+02 0.4557E+02 0.4525E+02 0.4544E+02 0.4543E+02 0.4556E+02 0.4564E+02 0.4554E+02 0.4583E+02 0.4609E+02 0.4666E+02 0.4693E+02 0.4681E+02 0.4653E+02 0.4654E+02 0.4654E+02 0.4648E+02 0.4626E+02 0.4671E+02 0.4678E+02 0.4653E+02 0.4626E+02 0.4383E+02 0.4435E+02 0.4594E+02 0.4618E+02 0.4592E+02 0.4563E+02 0.4594E+02 0.4540E+02 0.4525E+02 0.4573E+02 0.4585E+02 0.4609E+02 0.4634E+02 0.4591E+02 0.4561E+02 0.4499E+02 0.4406E+02 0.4416E+02 0.4345E+02 0.4450E+02 0.4466E+02 0.4522E+02 0.4572E+02 0.4511E+02 0.4550E+02 0.4585E+02 0.4603E+02 0.4607E+02 0.4585E+02 0.4567E+02 0.4581E+02
0.4503E+02 0.4498E+02 0.4536E+02 0.4550E+02 0.4564E+02 0.4565E+02 0.4594E+02 0.4610E+02 0.4575E+02 0.4552E+02 0.4554E+02 0.4586E+02 0.4593E+02 0.4623E+02 0.4647E+02 0.4692E+02 0.4720E+02 0.4678E+02 0.4680E+02 0.4690E+02 0.4649E+02 0.4667E+02 0.4658E+02 0.4635E+02 0.4606E+02 0.4324E+02 0.4580E+02 0.4619E+02 0.4628E+02 0.4638E+02 0.4562E+02 0.4579E+02 0.4564E+02 0.4522E+02 0.4511E+02 0.4569E+02 0.4561E+02 0.4581E+02 0.4567E+02 0.4537E+02 0.4396E+02 0.4518E+02 0.4494E+02 0.4441E+02 0.4511E+02 0.4537E+02 0.4556E+02 0.4575E+02 0.4558E+02 0.4493E+02 0.4548E+02 0.4553E+02 0.4587E+02 0.4584E+02 0.4577E+02 0.4575E+02
0.4345E+02 0.4488E+02 0.4516E+02 0.4541E+02 0.4609E+02 0.4636E+02 0.4635E+02 0.4669E+02 0.4613E+02 0.4595E+02 0.4580E+02 0.4578E+02 0.4557E+02 0.4566E+02 0.4645E+02 0.4704E+02 0.4685E+02 0.4676E+02 0.4680E+02 0.4677E+02 0.4700E+02 0.4675E+02 0.4661E+02 0.4651E+02 0.4607E+02 0.4303E+02 0.4585E+02 0.4629E+02 0.4637E+02 0.4636E+02 0.4655E+02 0.4607E+02 0.4540E+02 0.4484E+02 0.4502E+02 0.4557E+02 0.4618E+02 0.4620E+02 0.4570E+02 0.4541E+02 0.4479E+02 0.4537E+02 0.4549E+02 0.4506E+02 0.4494E+02 0.4546E+02 0.4566E+02 0.4575E+02 0.4521E+02 0.4485E+02 0.4488E+02 0.4506E+02 0.4526E+02 0.4542E+02 0.4547E+02 0.4562E+02
0.4426E+02 0.4383E+02 0.4479E+02 0.4575E+02 0.4618E+02 0.4616E+02 0.4654E+02 0.4671E+02 0.4625E+02 0.4625E+02 0.4605E+02 0.4604E+02 0.4645E+02 0.4606E+02 0.4692E+02 0.4664E+02 0.4661E+02 0.4677E+02 0.4677E+02 0.4705E+02 0.4683E+02 0.4698E+02 0.4662E+02 0.4648E+02 0.4604E+02 0.4313E+02 0.4584E+02 0.4629E+02 0.4638E+02 0.4642E+02 0.4641E+02 0.4622E+02 0.4561E+02 0.4557E+02 0.4605E+02 0.4521E+02 0.4614E+02 0.4611E+02 0.4576E+02 0.4509E+02 0.4493E+02 0.4514E+02 0.4523E+02 0.4510E+02 0.4505E+02 0.4564E+02 0.4580E+02 0.4557E+02 0.4571E+02 0.4554E+02 0.4505E+02 0.4579E+02 0.4582E+02 0.4574E+02 0.4592E+02 0.4581E+02
0.4497E+02 0.4342E+02 0.4488E+02 0.4555E+02 0.4607E+02 0.4609E+02 0.4640E+02 0.4656E+02 0.4628E+02 0.4619E+02 0.4606E+02 0.4636E+02 0.4640E+02 0.4662E+02 0.4654E+02 0.4661E+02 0.4665E+02 0.4706E+02 0.4710E+02 0.4690E+02 0.4680E+02 0.4680E+02 0.4655E+02 0.4634E+02 0.4599E+02 0.4301E+02 0.4579E+02 0.4660E+02 0.4642E+02 0.4682E+02 0.4644E+02 0.4637E+02 0.4633E+02 0.4622E+02 0.4576E+02 0.4574E+02 0.4597E+02 0.4585E+02 0.4554E+02 0.4467E+02 0.4479E+02 0.4554E+02 0.4559E+02 0.4563E+02 0.4517E+02 0.4550E+02 0.4553E+02 0.4559E+02 0.4587E+02 0.4576E+02 0.4527E+02 0.4596E+02 0.4583E+02 0.4562E+02 0.4572E+02 0.4574E+02
0.4497E+02 0.4329E+02 0.4476E+02 0.4523E+02 0.4589E+02 0.4602E+02 0.4602E+02 0.4622E+02 0.4630E+02 0.4611E+02 0.4632E+02 0.4662E+02 0.4648E+02 0.4683E+02 0.4643E+02 0.4658E+02 0.4680E+02 0.4690E+02 0.4686E+02 0.4686E+02 0.4685E+02 0.4654E+02 0.4641E+02 0.4646E+02 0.4579E+02 0.4268E+02 0.4589E+02 0.4627E+02 0.4641E+02 0.4684E+02 0.4648E+02 0.4646E+02 0.4642E+02 0.4630E+02 0.4564E+02 0.4579E+02 0.4620E+02 0.4589E+02 0.4523E+02 0.4504E+02 0.4513E+02 0.4567E+02 0.4555E+02 0.4537E+02 0.4528E+02 0.4566E+02 0.4568E+02 0.4572E+02 0.4570E+02 0.4569E+02 0.4514E+02 0.4557E+02 0.4560E+02 0.4567E+02 0.4581E+02 0.4570E+02
0.4517E+02 0.4394E+02 0.4385E+02 0.4474E+02 0.4527E+02 0.4614E+02 0.4625E+02 0.4586E+02 0.4588E+02 0.4650E+02 0.4672E+02 0.4664E+02 0.4673E+02 0.4674E+02 0.4637E+02 0.4688E+02 0.4671E+02 0.4695E+02 0.4683E+02 0.4679E+02 0.4681E+02 0.4668E+02 0.4649E+02 0.4636E+02 0.4566E+02 0.4303E+02 0.4585E+02 0.4624E+02 0.4638E+02 0.4644E+02 0.4647E+02 0.4646E+02 0.4642E+02 0.4635E+02 0.4616E+02 0.4544E+02 0.4580E+02 0.4538E+02 0.4479E+02 0.4516E+02 0.4557E+02 0.4544E+02 0.4541E+02 0.4553E+02 0.4528E+02 0.4589E+02 0.4574E+02 0.4583E+02 0.4581E+02 0.4559E+02 0.4510E+02 0.4555E+02 0.4558E+02 0.4577E+02 0.4583E+02 0.4581E+02
0.4526E+02 0.4476E+02 0.4292E+02 0.4473E+02 0.4492E+02 0.4585E+02 0.4583E+02 0.4542E+02 0.4636E+02 0.4652E+02 0.4666E+02 0.4670E+02 0.4664E+02 0.4665E+02 0.4637E+02 0.4644E+02 0.4661E+02 0.4676E+02 0.4662E+02 0.4674E+02 0.4643E+02 0.4627E+02 0.4612E+02 0.4583E+02 0.4329E+02 0.4410E+02 0.4596E+02 0.4625E+02 0.4635E+02 0.4644E+02 0.4645E+02 0.4643E+02 0.4639E+02 0.4632E+02 0.4607E+02 0.4519E+02 0.4498E+02 0.4455E+02 0.4517E+02 0.4566E+02 0.4560E+02 0.4554E+02 0.4555E+02 0.4554E+02 0.4533E+02 0.4555E+02 0.4570E+02 0.4578E+02 0.4569E+02 0.4531E+02 0.4513E+02 0.4541E+02 0.4549E+02 0.4573E+02 0.4560E+02 0.4557E+02
0.4447E+02 0.4437E+02 0.4290E+02 0.4442E+02 0.4423E+02 0.4448E+02 0.4434E+02 0.4544E+02 0.4617E+02 0.4652E+02 0.4646E+02 0.4623E+02 0.4633E+02 0.4631E+02 0.4628E+02 0.4623E+02 0.4636E+02 0.4640E+02 0.4620E+02 0.4639E+02 0.4620E+02 0.4619E+02 0.4595E+02 0.4546E+02 0.4244E+02 0.4567E+02 0.4632E+02 0.4657E+02 0.4643E+02 0.4649E+02 0.4673E+02 0.4636E+02 0.4633E+02 0.4626E+02 0.4598E+02 0.4488E+02 0.4412E+02 0.4497E+02 0.4557E+02 0.4567E+02 0.4565E+02 0.4572E+02 0.4581E+02 0.4569E+02 0.4527E+02 0.4555E+02 0.4569E+02 0.4575E+02 0.4567E+02 0.4534E+02 0.4483E+02 0.4543E+02 0.4569E+02 0.4582E+02 0.4559E+02 0.4574E+02
0.4338E+02 0.4354E+02 0.4262E+02 0.4406E+02 0.4411E+02 0.4411E+02 0.4432E+02 0.4496E+02 0.4560E+02 0.4572E+02 0.4598E+02 0.4603E+02 0.4606E+02 0.4624E+02 0.4631E+02 0.4598E+02 0.4589E+02 0.4603E+02 0.4571E+02 0.4595E+02 0.4602E+02 0.4569E+02 0.4567E+02 0.4532E+02 0.4247E+02 0.4548E+02 0.4603E+02 0.4625E+02 0.4636E+02 0.4637E+02 0.4631E+02 0.4628E+02 0.4623E+02 0.4617E+02 0.4592E+02 0.4453E+02 0.4426E+02 0.4531E+02 0.4561E+02 0.4579E+02 0.4563E+02 0.4586E+02 0.4577E+02 0.4548E+02 0.4546E+02 0.4564E+02 0.4562E+02 0.4560E+02 0.4549E+02 0.4513E+02 0.4529E+02 0.4536E+02 0.4565E+02 0.4586E+02 0.4563E+02 0.4559E+02
0.4080E+02 0.4128E+02 0.4250E+02 0.4400E+02 0.4409E+02 0.4431E+02 0.4444E+02 0.4537E+02 0.4583E+02 0.4593E+02 0.4528E+02 0.4546E+02 0.4535E+02 0.4531E+02 0.4531E+02 0.4561E+02 0.4521E+02 0.4483E+02 0.4282E+02 0.4390E+02 0.4499E+02 0.4494E+02 0.4515E+02 0.4490E+02 0.4233E+02 0.4562E+02 0.4597E+02 0.4612E+02 0.4639E+02 0.4653E+02 0.4653E+02 0.4615E+02 0.4609E+02 0.4600E+02 0.4565E+02 0.4445E+02 0.4400E+02 0.4494E+02 0.4538E+02 0.4566E+02 0.4566E+02 0.4584E+02 0.4568E+02 0.4532E+02 0.4571E+02 0.4581E+02 0.4570E+02 0.4562E+02 0.4537E+02 0.4507E+02 0.4533E+02 0.4526E+02 0.4521E+02 0.4548E+02 0.4547E+02 0.4532E+02
0.4283E+02 0.4366E+02 0.4121E+02 0.4302E+02 0.4345E+02 0.4405E+02 0.4415E+02 0.4508E+02 0.4539E+02 0.4417E+02 0.4304E+02 0.4334E+02 0.4344E+02 0.4330E+02 0.4318E+02 0.4246E+02 0.4119E+02 0.4164E+02 0.4404E+02 0.4308E+02 0.4195E+02 0.4200E+02 0.4373E+02 0.4240E+02 0.4457E+02 0.4533E+02 0.4569E+02 0.4600E+02 0.4604E+02 0.4633E+02 0.4611E+02 0.4622E+02 0.4576E+02 0.4544E+02 0.4512E+02 0.4441E+02 0.4504E+02 0.4442E+02 0.4453E+02 0.4549E+02 0.4558E+02 0.4579E+02 0.4582E+02 0.4583E+02 0.4565E+02 0.4572E+02 0.4578E+02 0.4567E+02 0.4551E+02 0.4503E+02 0.4517E+02 0.4540E+02 0.4525E+02 0.4498E+02 0.4521E+02 0.4536E+02
0.4463E+02 0.4476E+02 0.4459E+02 0.4275E+02 0.4195E+02 0.4195E+02 0.4230E+02 0.4313E+02 0.4319E+02 0.4441E+02 0.4574E+02 0.4568E+02 0.4564E+02 0.4552E+02 0.4525E+02 0.4454E+02 0.4197E+02 0.4453E+02 0.4527E+02 0.4533E+02 0.4517E+02 0.4500E+02 0.4267E+02 0.4093E+02 0.4224E+02 0.4423E+02 0.4527E+02 0.4555E+02 0.4571E+02 0.4574E+02 0.4587E+02 0.4527E+02 0.4413E+02 0.4384E+02 0.4465E+02 0.4546E+02 0.4550E+02 0.4505E+02 0.4464E+02 0.4450E+02 0.4545E+02 0.4567E+02 0.4606E+02 0.4598E+02 0.4547E+02 0.4587E+02 0.4561E+02 0.4562E+02 0.4544E+02 0.4513E+02 0.4516E+02 0.4517E+02 0.4495E+02 0.4485E+02 0.4526E+02 0.4520E+02
0.4479E+02 0.4527E+02 0.4524E+02 0.4501E+02 0.4474E+02 0.4383E+02 0.4439E+02 0.4509E+02 0.4556E+02 0.4575E+02 0.4581E+02 0.4586E+02 0.4589E+02 0.4549E+02 0.4491E+02 0.4340E+02 0.4352E+02 0.4504E+02 0.4478E+02 0.4521E+02 0.4504E+02 0.4481E+02 0.4415E+02 0.4356E+02 0.4347E+02 0.4221E+02 0.4425E+02 0.4475E+02 0.4514E+02 0.4498E+02 0.4482E+02 0.4413E+02 0.4454E+02 0.4545E+02 0.4516E+02 0.4544E+02 0.4533E+02 0.4499E+02 0.4500E+02 0.4507E+02 0.4527E+02 0.4548E+02 0.4542E+02 0.4565E+02 0.4555E+02 0.4513E+02 0.4527E+02 0.4534E+02 0.4526E+02 0.4498E+02 0.4441E+02 0.4474E+02 0.4437E+02 0.4473E+02 0.4484E+02 0.4471E+02
0.4519E+02 0.4543E+02 0.4554E+02 0.4555E+02 0.4532E+02 0.4450E+02 0.4448E+02 0.4508E+02 0.4561E+02 0.4589E+02 0.4596E+02 0.4569E+02 0.4552E+02 0.4485E+02 0.4262E+02 0.4336E+02 0.4526E+02 0.4522E+02 0.4514E+02 0.4501E+02 0.4422E+02 0.4439E+02 0.4409E+02 0.4338E+02 0.4338E+02 0.4212E+02 0.4352E+02 0.4381E+02 0.4407E+02 0.4332E+02 0.4369E+02 0.4409E+02 0.4532E+02 0.4548E+02 0.4492E+02 0.4505E+02 0.4476E+02 0.4515E+02 0.4518E+02 0.4573E+02 0.4576E+02 0.4576E+02 0.4572E+02 0.4545E+02 0.4516E+02 0.4514E+02 0.4572E+02 0.4565E+02 0.4541E+02 0.4509E+02 0.4487E+02 0.4506E+02 0.4460E+02 0.4517E+02 0.4523E+02 0.4542E+02
