Data/conc_PM10_RR2030_2002.asc
NCOLS          280
NROWS          320
XLLCORNER            0
YLLCORNER       300000
CELLSIZE         1000
NODATA_VALUE  -0.9990E+03
[rows 25 to 49 of 320, columns 168 to 223 of 280]
0.1250E+02 0.1251E+02 0.1251E+02 0.1249E+02 0.1242E+02 0.1243E+02 0.1245E+02 0.1245E+02 0.1247E+02 0.1249E+02 0.1249E+02 0.1254E+02 0.1267E+02 0.1277E+02 0.1279E+02 0.1290E+02 0.1296E+02 0.1300E+02 0.1307E+02 0.1318E+02 0.1489E+02 0.1323E+02 0.1301E+02 0.1294E+02 0.1296E+02 0.1296E+02 0.1301E+02 0.1318E+02 0.1317E+02 0.1308E+02 0.1298E+02 0.1295E+02 0.1287E+02 0.1285E+02 0.1288E+02 0.1282E+02 0.1277E+02 0.1270E+02 0.1264E+02 0.1258E+02 0.1257E+02 0.1254E+02 0.1253E+02 0.1247E+02 0.1246E+02 0.1253E+02 0.1253E+02 0.1258E+02 0.1259E+02 0.1264E+02 0.1342E+02 0.1264E+02 0.1254E+02 0.1256E+02 0.1255E+02 0.1256E+02
0.1239E+02 0.1239E+02 0.1239E+02 0.1238E+02 0.1239E+02 0.1241E+02 0.1247E+02 0.1253E+02 0.1254E+02 0.1258E+02 0.1264E+02 0.1273E+02 0.1290E+02 0.1286E+02 0.1293E+02 0.1291E+02 0.1356E+02 0.1298E+02 0.1296E+02 0.1302E+02 0.1312E+02 0.1303E+02 0.1296E+02 0.1292E+02 0.1296E+02 0.1292E+02 0.1302E+02 0.1332E+02 0.1322E+02 0.1331E+02 0.1294E+02 0.1289E+02 0.1286E+02 0.1283E+02 0.1287E+02 0.1279E+02 0.1276E+02 0.1274E+02 0.1272E+02 0.1263E+02 0.1262E+02 0.1256E+02 0.1254E+02 0.1253E+02 0.1251E+02 0.1252E+02 0.1254E+02 0.1253E+02 0.1249E+02 0.1253E+02 0.1259E+02 0.1255E+02 0.1250E+02 0.1258E+02 0.1257E+02 0.1258E+02
0.1235E+02 0.1236E+02 0.1236E+02 0.1236E+02 0.1239E+02 0.1246E+02 0.1256E+02 0.1261E+02 0.1265E+02 0.1268E+02 0.1273E+02 0.1283E+02 0.1355E+02 0.1291E+02 0.1288E+02 0.1290E+02 0.1291E+02 0.1288E+02 0.1288E+02 0.1293E+02 0.1300E+02 0.1292E+02 0.1288E+02 0.1289E+02 0.1287E+02 0.1289E+02 0.1295E+02 0.1301E+02 0.1318E+02 0.1300E+02 0.1287E+02 0.1285E+02 0.1282E+02 0.1283E+02 0.1280E+02 0.1277E+02 0.1277E+02 0.1276E+02 0.1271E+02 0.1267E+02 0.1270E+02 0.1262E+02 0.1264E+02 0.1259E+02 0.1256E+02 0.1256E+02 0.1253E+02 0.1256E+02 0.1251E+02 0.1251E+02 0.1252E+02 0.1251E+02 0.1253E+02 0.1258E+02 0.1263E+02 0.1280E+02
0.1237E+02 0.1241E+02 0.1251E+02 0.1257E+02 0.1259E+02 0.1264E+02 0.1263E+02 0.1267E+02 0.1266E+02 0.1272E+02 0.1270E+02 0.1278E+02 0.1287E+02 0.1289E+02 0.1284E+02 0.1284E+02 0.1282E+02 0.1285E+02 0.1285E+02 0.1292E+02 0.1292E+02 0.1287E+02 0.1284E+02 0.1283E+02 0.1284E+02 0.1289E+02 0.1288E+02 0.1294E+02 0.1293E+02 0.1291E+02 0.1289E+02 0.1284E+02 0.1280E+02 0.1280E+02 0.1277E+02 0.1281E+02 0.1278E+02 0.1276E+02 0.1272E+02 0.1271E+02 0.1276E+02 0.1271E+02 0.1300E+02 0.1264E+02 0.1259E+02 0.1264E+02 0.1258E+02 0.1259E+02 0.1251E+02 0.1252E+02 0.1253E+02 0.1256E+02 0.1256E+02 0.1270E+02 0.1276E+02 0.1269E+02
0.1244E+02 0.1253E+02 0.1254E+02 0.1258E+02 0.1259E+02 0.1260E+02 0.1261E+02 0.1264E+02 0.1267E+02 0.1273E+02 0.1271E+02 0.1273E+02 0.1278E+02 0.1288E+02 0.1279E+02 0.1281E+02 0.1282E+02 0.1286E+02 0.1283E+02 0.1288E+02 0.1286E+02 0.1282E+02 0.1282E+02 0.1285E+02 0.1292E+02 0.1287E+02 0.1285E+02 0.1291E+02 0.1293E+02 0.1302E+02 0.1299E+02 0.1288E+02 0.1285E+02 0.1279E+02 0.1281E+02 0.1307E+02 0.1282E+02 0.1276E+02 0.1275E+02 0.1269E+02 0.1269E+02 0.1268E+02 0.1265E+02 0.1263E+02 0.1258E+02 0.1257E+02 0.1255E+02 0.1255E+02 0.1253E+02 0.1252E+02 0.1257E+02 0.1258E+02 0.1259E+02 0.1269E+02 0.1313E+02 0.1270E+02
0.1254E+02 0.1260E+02 0.1258E+02 0.1260E+02 0.1264E+02 0.1262E+02 0.1261E+02 0.1262E+02 0.1266E+02 0.1278E+02 0.1287E+02 0.1276E+02 0.1283E+02 0.1278E+02 0.1280E+02 0.1281E+02 0.1281E+02 0.1279E+02 0.1281E+02 0.1291E+02 0.1280E+02 0.1277E+02 0.1278E+02 0.1282E+02 0.1281E+02 0.1285E+02 0.1293E+02 0.1310E+02 0.1308E+02 0.1335E+02 0.1310E+02 0.1283E+02 0.1276E+02 0.1285E+02 0.1281E+02 0.1328E+02 0.1283E+02 0.1290E+02 0.1278E+02 0.1273E+02 0.1269E+02 0.1263E+02 0.1264E+02 0.1262E+02 0.1260E+02 0.1258E+02 0.1258E+02 0.1259E+02 0.1255E+02 0.1261E+02 0.1258E+02 0.1259E+02 0.1263E+02 0.1264E+02 0.1268E+02 0.1263E+02
0.1257E+02 0.1258E+02 0.1255E+02 0.1257E+02 0.1262E+02 0.1274E+02 0.1260E+02 0.1265E+02 0.1270E+02 0.1278E+02 0.1272E+02 0.1273E+02 0.1275E+02 0.1277E+02 0.1281E+02 0.1277E+02 0.1276E+02 0.1276E+02 0.1275E+02 0.1276E+02 0.1277E+02 0.1276E+02 0.1273E+02 0.1272E+02 0.1273E+02 0.1277E+02 0.1283E+02 0.1296E+02 0.1319E+02 0.1576E+02 0.1319E+02 0.1280E+02 0.1274E+02 0.1281E+02 0.1281E+02 0.1286E+02 0.1282E+02 0.1297E+02 0.1288E+02 0.1274E+02 0.1269E+02 0.1262E+02 0.1263E+02 0.1263E+02 0.1262E+02 0.1264E+02 0.1261E+02 0.1260E+02 0.1253E+02 0.1255E+02 0.1258E+02 0.1260E+02 0.1261E+02 0.1264E+02 0.1263E+02 0.1264E+02
0.1263E+02 0.1271E+02 0.1267E+02 0.1264E+02 0.1272E+02 0.1274E+02 0.1267E+02 0.1265E+02 0.1272E+02 0.1318E+02 0.1274E+02 0.1277E+02 0.1275E+02 0.1295E+02 0.1277E+02 0.1274E+02 0.1275E+02 0.1278E+02 0.1275E+02 0.1276E+02 0.1276E+02 0.1273E+02 0.1272E+02 0.1269E+02 0.1273E+02 0.1276E+02 0.1279E+02 0.1295E+02 0.1297E+02 0.1308E+02 0.1291E+02 0.1281E+02 0.1275E+02 0.1276E+02 0.1275E+02 0.1275E+02 0.1277E+02 0.1280E+02 0.1282E+02 0.1271E+02 0.1268E+02 0.1266E+02 0.1268E+02 0.1275E+02 0.1268E+02 0.1272E+02 0.1273E+02 0.1267E+02 0.1266E+02 0.1264E+02 0.1275E+02 0.1270E+02 0.1266E+02 0.1266E+02 0.1270E+02 0.1268E+02
0.1273E+02 0.1270E+02 0.1265E+02 0.1263E+02 0.1263E+02 0.1271E+02 0.1267E+02 0.1268E+02 0.1271E+02 0.1274E+02 0.1272E+02 0.1290E+02 0.1285E+02 0.1280E+02 0.1276E+02 0.1276E+02 0.1275E+02 0.1273E+02 0.1273E+02 0.1273E+02 0.1282E+02 0.1275E+02 0.1274E+02 0.1270E+02 0.1272E+02 0.1275E+02 0.1273E+02 0.1277E+02 0.1287E+02 0.1289E+02 0.1309E+02 0.1285E+02 0.1288E+02 0.1283E+02 0.1279E+02 0.1277E+02 0.1280E+02 0.1279E+02 0.1273E+02 0.1272E+02 0.1269E+02 0.1268E+02 0.1265E+02 0.1268E+02 0.1279E+02 0.1283E+02 0.1274E+02 0.1275E+02 0.1276E+02 0.1277E+02 0.1307E+02 0.1271E+02 0.1269E+02 0.1271E+02 0.1274E+02 0.1269E+02
0.1327E+02 0.1279E+02 0.1270E+02 0.1265E+02 0.1269E+02 0.1284E+02 0.1269E+02 0.1269E+02 0.1272E+02 0.1270E+02 0.1271E+02 0.1287E+02 0.1301E+02 0.1288E+02 0.1274E+02 0.1272E+02 0.1276E+02 0.1272E+02 0.1269E+02 0.1271E+02 0.1279E+02 0.1286E+02 0.1280E+02 0.1271E+02 0.1268E+02 0.1271E+02 0.1270E+02 0.1269E+02 0.1280E+02 0.1287E+02 0.1295E+02 0.1281E+02 0.1277E+02 0.1282E+02 0.1279E+02 0.1280E+02 0.1310E+02 0.1296E+02 0.1289E+02 0.1286E+02 0.1269E+02 0.1268E+02 0.1268E+02 0.1269E+02 0.1281E+02 0.1371E+02 0.1280E+02 0.1265E+02 0.1272E+02 0.1270E+02 0.1309E+02 0.1271E+02 0.1265E+02 0.1277E+02 0.1284E+02 0.1282E+02
0.1281E+02 0.1273E+02 0.1268E+02 0.1269E+02 0.1286E+02 0.1278E+02 0.1271E+02 0.1271E+02 0.1272E+02 0.1271E+02 0.1270E+02 0.1272E+02 0.1283E+02 0.1281E+02 0.1274E+02 0.1271E+02 0.1275E+02 0.1272E+02 0.1270E+02 0.1271E+02 0.1286E+02 0.1289E+02 0.1273E+02 0.1269E+02 0.1264E+02 0.1266E+02 0.1272E+02 0.1288E+02 0.1282E+02 0.1281E+02 0.1287E+02 0.1289E+02 0.1281E+02 0.1276E+02 0.1278E+02 0.1281E+02 0.1279E+02 0.1279E+02 0.1283E+02 0.1272E+02 0.1271E+02 0.1278E+02 0.1272E+02 0.1271E+02 0.1272E+02 0.1276E+02 0.1267E+02 0.1264E+02 0.1266E+02 0.1262E+02 0.1265E+02 0.1261E+02 0.1261E+02 0.1276E+02 0.1289E+02 0.1285E+02
0.1274E+02 0.1271E+02 0.1269E+02 0.1273E+02 0.1283E+02 0.1273E+02 0.1274E+02 0.1277E+02 0.1279E+02 0.1271E+02 0.1265E+02 0.1267E+02 0.1272E+02 0.1279E+02 0.1275E+02 0.1272E+02 0.1274E+02 0.1272E+02 0.1268E+02 0.1271E+02 0.1284E+02 0.1274E+02 0.1269E+02 0.1267E+02 0.1268E+02 0.1267E+02 0.1280E+02 0.1291E+02 0.1287E+02 0.1285E+02 0.1380E+02 0.1291E+02 0.1281E+02 0.1282E+02 0.1286E+02 0.1272E+02 0.1268E+02 0.1271E+02 0.1268E+02 0.1274E+02 0.1270E+02 0.1275E+02 0.1279E+02 0.1270E+02 0.1267E+02 0.1273E+02 0.1273E+02 0.1266E+02 0.1274E+02 0.1270E+02 0.1266E+02 0.1265E+02 0.1267E+02 0.1265E+02 0.1271E+02 0.1264E+02
0.1275E+02 0.1275E+02 0.1279E+02 0.1273E+02 0.1274E+02 0.1269E+02 0.1270E+02 0.1275E+02 0.1278E+02 0.1272E+02 0.1265E+02 0.1263E+02 0.1269E+02 0.1282E+02 0.1281E+02 0.1284E+02 0.1282E+02 0.1275E+02 0.1267E+02 0.1262E+02 0.1262E+02 0.1273E+02 0.1279E+02 0.1272E+02 0.1273E+02 0.1274E+02 0.1301E+02 0.1286E+02 0.1285E+02 0.1278E+02 0.1285E+02 0.1285E+02 0.1281E+02 0.1295E+02 0.1282E+02 0.1276E+02 0.1273E+02 0.1273E+02 0.1272E+02 0.1279E+02 0.1267E+02 0.1272E+02 0.1272E+02 0.1270E+02 0.1266E+02 0.1267E+02 0.1268E+02 0.1269E+02 0.1273E+02 0.1268E+02 0.1274E+02 0.1272E+02 0.1264E+02 0.1262E+02 0.1261E+02 0.1260E+02
0.1290E+02 0.1278E+02 0.1301E+02 0.1279E+02 0.1289E+02 0.1284E+02 0.1274E+02 0.1274E+02 0.1275E+02 0.1275E+02 0.1269E+02 0.1267E+02 0.1274E+02 0.1305E+02 0.1297E+02 0.1314E+02 0.1306E+02 0.1308E+02 0.1290E+02 0.1271E+02 0.1269E+02 0.1277E+02 0.1284E+02 0.1297E+02 0.1285E+02 0.1285E+02 0.1307E+02 0.1284E+02 0.1285E+02 0.1277E+02 0.1275E+02 0.1283E+02 0.1289E+02 0.1302E+02 0.1298E+02 0.1293E+02 0.1281E+02 0.1285E+02 0.1294E+02 0.1278E+02 0.1274E+02 0.1307E+02 0.1276E+02 0.1273E+02 0.1285E+02 0.1275E+02 0.1276E+02 0.1296E+02 0.1284E+02 0.1275E+02 0.1269E+02 0.1257E+02 0.1256E+02 0.1261E+02 0.1261E+02 0.1265E+02
0.1283E+02 0.1279E+02 0.1279E+02 0.1277E+02 0.1280E+02 0.1292E+02 0.1278E+02 0.1281E+02 0.1287E+02 0.1294E+02 0.1291E+02 0.1292E+02 0.1307E+02 0.1345E+02 0.1346E+02 0.1360E+02 0.1314E+02 0.1319E+02 0.1283E+02 0.1265E+02 0.1263E+02 0.1271E+02 0.1280E+02 0.1290E+02 0.1286E+02 0.1278E+02 0.1287E+02 0.1287E+02 0.1282E+02 0.1275E+02 0.1270E+02 0.1283E+02 0.1317E+02 0.1328E+02 0.1422E+02 0.1309E+02 0.1295E+02 0.1332E+02 0.1287E+02 0.1288E+02 0.1282E+02 0.1278E+02 0.1276E+02 0.1285E+02 0.1377E+02 0.1288E+02 0.1290E+02 0.1390E+02 0.1283E+02 0.1271E+02 0.1258E+02 0.1256E+02 0.1254E+02 0.1261E+02 0.1257E+02 0.1256E+02
0.1294E+02 0.1286E+02 0.1289E+02 0.1290E+02 0.1295E+02 0.1287E+02 0.1289E+02 0.1284E+02 0.1277E+02 0.1282E+02 0.1287E+02 0.1290E+02 0.1309E+02 0.1358E+02 0.1383E+02 0.1395E+02 0.1314E+02 0.1299E+02 0.1289E+02 0.1268E+02 0.1271E+02 0.1272E+02 0.1276E+02 0.1287E+02 0.1279E+02 0.1278E+02 0.1291E+02 0.1302E+02 0.1287E+02 0.1275E+02 0.1267E+02 0.1288E+02 0.1401E+02 0.1323E+02 0.1352E+02 0.1307E+02 0.1313E+02 0.1338E+02 0.1290E+02 0.1282E+02 0.1286E+02 0.1279E+02 0.1293E+02 0.1282E+02 0.1286E+02 0.1275E+02 0.1272E+02 0.1276E+02 0.1276E+02 0.1270E+02 0.1259E+02 0.1260E+02 0.1262E+02 0.1265E+02 0.1259E+02 0.1277E+02
0.1303E+02 0.1287E+02 0.1280E+02 0.1291E+02 0.1290E+02 0.1278E+02 0.1277E+02 0.1277E+02 0.1277E+02 0.1289E+02 0.1288E+02 0.1328E+02 0.1316E+02 0.1327E+02 0.1345E+02 0.1332E+02 0.1310E+02 0.1281E+02 0.1281E+02 0.1272E+02 0.1269E+02 0.1271E+02 0.1280E+02 0.1350E+02 0.1283E+02 0.1278E+02 0.1295E+02 0.1319E+02 0.1298E+02 0.1281E+02 0.1265E+02 0.1271E+02 0.1303E+02 0.1326E+02 0.1560E+02 0.1349E+02 0.1359E+02 0.1315E+02 0.1293E+02 0.1289E+02 0.1306E+02 0.1287E+02 0.1279E+02 0.1272E+02 0.1271E+02 0.1267E+02 0.1265E+02 0.1271E+02 0.1294E+02 0.1278E+02 0.1267E+02 0.1269E+02 0.1273E+02 0.1290E+02 0.1285E+02 0.1261E+02
0.1284E+02 0.1281E+02 0.1280E+02 0.1283E+02 0.1281E+02 0.1277E+02 0.1277E+02 0.1275E+02 0.1280E+02 0.1283E+02 0.1283E+02 0.1302E+02 0.1300E+02 0.1316E+02 0.1320E+02 0.1315E+02 0.1300E+02 0.1292E+02 0.1278E+02 0.1272E+02 0.1272E+02 0.1273E+02 0.1274E+02 0.1281E+02 0.1273E+02 0.1270E+02 0.1299E+02 0.1403E+02 0.1317E+02 0.1278E+02 0.1268E+02 0.1275E+02 0.1296E+02 0.1319E+02 0.1498E+02 0.1365E+02 0.1298E+02 0.1311E+02 0.1303E+02 0.1297E+02 0.1303E+02 0.1348E+02 0.1313E+02 0.1276E+02 0.1274E+02 0.1266E+02 0.1263E+02 0.1265E+02 0.1262E+02 0.1269E+02 0.1273E+02 0.1288E+02 0.1295E+02 0.1288E+02 0.1261E+02 0.1250E+02
0.1285E+02 0.1285E+02 0.1282E+02 0.1284E+02 0.1281E+02 0.1278E+02 0.1274E+02 0.1275E+02 0.1278E+02 0.1285E+02 0.1281E+02 0.1287E+02 0.1279E+02 0.1280E+02 0.1290E+02 0.1283E+02 0.1284E+02 0.1287E+02 0.1282E+02 0.1280E+02 0.1278E+02 0.1270E+02 0.1274E+02 0.1277E+02 0.1272E+02 0.1277E+02 0.1307E+02 0.1333E+02 0.1321E+02 0.1283E+02 0.1276E+02 0.1286E+02 0.1289E+02 0.1293E+02 0.1311E+02 0.1301E+02 0.1301E+02 0.1389E+02 0.1301E+02 0.1283E+02 0.1279E+02 0.1287E+02 0.1277E+02 0.1267E+02 0.1266E+02 0.1271E+02 0.1261E+02 0.1262E+02 0.1262E+02 0.1288E+02 0.1301E+02 0.1377E+02 0.1288E+02 0.1287E+02 0.1260E+02 0.1247E+02
0.1297E+02 0.1297E+02 0.1284E+02 0.1286E+02 0.1280E+02 0.1276E+02 0.1276E+02 0.1275E+02 0.1285E+02 0.1276E+02 0.1286E+02 0.1289E+02 0.1288E+02 0.1280E+02 0.1285E+02 0.1283E+02 0.1286E+02 0.1274E+02 0.1274E+02 0.1272E+02 0.1277E+02 0.1278E+02 0.1277E+02 0.1276E+02 0.1280E+02 0.1285E+02 0.1323E+02 0.1300E+02 0.1298E+02 0.1287E+02 0.1280E+02 0.1267E+02 0.1265E+02 0.1273E+02 0.1283E+02 0.1282E+02 0.1283E+02 0.1288E+02 0.1284E+02 0.1282E+02 0.1271E+02 0.1269E+02 0.1266E+02 0.1266E+02 0.1265E+02 0.1265E+02 0.1266E+02 0.1285E+02 0.1285E+02 0.1270E+02 0.1271E+02 0.1275E+02 0.1298E+02 0.1302E+02 0.1272E+02 0.1252E+02
0.1348E+02 0.1302E+02 0.1291E+02 0.1293E+02 0.1283E+02 0.1279E+02 0.1276E+02 0.1272E+02 0.1275E+02 0.1275E+02 0.1289E+02 0.1351E+02 0.1285E+02 0.1287E+02 0.1288E+02 0.1278E+02 0.1276E+02 0.1281E+02 0.1273E+02 0.1269E+02 0.1266E+02 0.1271E+02 0.1265E+02 0.1263E+02 0.1268E+02 0.1282E+02 0.1298E+02 0.1283E+02 0.1282E+02 0.1332E+02 0.1283E+02 0.1263E+02 0.1257E+02 0.1266E+02 0.1274E+02 0.1275E+02 0.1275E+02 0.1281E+02 0.1315E+02 0.1293E+02 0.1271E+02 0.1266E+02 0.1266E+02 0.1274E+02 0.1267E+02 0.1292E+02 0.1289E+02 0.1270E+02 0.1272E+02 0.1264E+02 0.1260E+02 0.1261E+02 0.1272E+02 0.1279E+02 0.1257E+02 0.1258E+02
0.1295E+02 0.1339E+02 0.1292E+02 0.1292E+02 0.1285E+02 0.1277E+02 0.1274E+02 0.1272E+02 0.1279E+02 0.1273E+02 0.1288E+02 0.1285E+02 0.1277E+02 0.1280E+02 0.1293E+02 0.1281E+02 0.1287E+02 0.1286E+02 0.1274E+02 0.1266E+02 0.1269E+02 0.1271E+02 0.1258E+02 0.1258E+02 0.1258E+02 0.1273E+02 0.1377E+02 0.1294E+02 0.1283E+02 0.1289E+02 0.1287E+02 0.1281E+02 0.1267E+02 0.1271E+02 0.1288E+02 0.1285E+02 0.1275E+02 0.1276E+02 0.1277E+02 0.1275E+02 0.1266E+02 0.1267E+02 0.1270E+02 0.1294E+02 0.1298E+02 0.1280E+02 0.1274E+02 0.1262E+02 0.1265E+02 0.1260E+02 0.1260E+02 0.1259E+02 0.1268E+02 0.1255E+02 0.1257E+02 0.1260E+02
0.1286E+02 0.1291E+02 0.1286E+02 0.1283E+02 0.1288E+02 0.1279E+02 0.1275E+02 0.1275E+02 0.1272E+02 0.1274E+02 0.1276E+02 0.1274E+02 0.1275E+02 0.1285E+02 0.1287E+02 0.1272E+02 0.1273E+02 0.1272E+02 0.1266E+02 0.1263E+02 0.1260E+02 0.1250E+02 0.1253E+02 0.1255E+02 0.1258E+02 0.1263E+02 0.1274E+02 0.1285E+02 0.1272E+02 0.1276E+02 0.1277E+02 0.1282E+02 0.1289E+02 0.1290E+02 0.1281E+02 0.1277E+02 0.1279E+02 0.1286E+02 0.1282E+02 0.1277E+02 0.1276E+02 0.1288E+02 0.1289E+02 0.1312E+02 0.1275E+02 0.1270E+02 0.1263E+02 0.1257E+02 0.1259E+02 0.1260E+02 0.1260E+02 0.1260E+02 0.1258E+02 0.1257E+02 0.1267E+02 0.1283E+02
0.1281E+02 0.1283E+02 0.1280E+02 0.1280E+02 0.1281E+02 0.1278E+02 0.1272E+02 0.1272E+02 0.1278E+02 0.1285E+02 0.1272E+02 0.1270E+02 0.1274E+02 0.1276E+02 0.1285E+02 0.1272E+02 0.1272E+02 0.1271E+02 0.1267E+02 0.1261E+02 0.1253E+02 0.1247E+02 0.1253E+02 0.1258E+02 0.1264E+02 0.1258E+02 0.1265E+02 0.1272E+02 0.1276E+02 0.1273E+02 0.1275E+02 0.1279E+02 0.1282E+02 0.1295E+02 0.1292E+02 0.1275E+02 0.1276E+02 0.1347E+02 0.1303E+02 0.1300E+02 0.1294E+02 0.1267E+02 0.1269E+02 0.1270E+02 0.1275E+02 0.1266E+02 0.1265E+02 0.1258E+02 0.1261E+02 0.1263E+02 0.1269E+02 0.1266E+02 0.1272E+02 0.1268E+02 0.1258E+02 0.1256E+02
0.1283E+02 0.1278E+02 0.1278E+02 0.1279E+02 0.1276E+02 0.1272E+02 0.1275E+02 0.1274E+02 0.1272E+02 0.1271E+02 0.1272E+02 0.1269E+02 0.1272E+02 0.1284E+02 0.1275E+02 0.1287E+02 0.1268E+02 0.1265E+02 0.1263E+02 0.1259E+02 0.1252E+02 0.1248E+02 0.1250E+02 0.1250E+02 0.1251E+02 0.1253E+02 0.1260E+02 0.1266E+02 0.1270E+02 0.1297E+02 0.1279E+02 0.1295E+02 0.1296E+02 0.1303E+02 0.1301E+02 0.1303E+02 0.1273E+02 0.1282E+02 0.1308E+02 0.1320E+02 0.1273E+02 0.1271E+02 0.1275E+02 0.1274E+02 0.1316E+02 0.1275E+02 0.1268E+02 0.1259E+02 0.1271E+02 0.1280E+02 0.1285E+02 0.1287E+02 0.1336E+02 0.1261E+02 0.1245E+02 0.1242E+02
