Data/rwc_O3_RR2030_2002.asc
NCOLS          280
NROWS          320
XLLCORNER            0
YLLCORNER       300000
CELLSIZE         1000
NODATA_VALUE  -0.9990E+03
[rows 192 to 215 of 320, columns 110 to 164 of 280]
-0.2408E+01 -0.1092E+01 -0.4110E+00 -0.3730E+00 -0.3680E+00 -0.3570E+00 -0.3630E+00 -0.4050E+00 -0.5480E+00 -0.9370E+00 -0.2678E+01 -0.2716E+01 -0.2562E+01 -0.1886E+01 -0.2133E+01 -0.5530E+00 -0.3680E+00 -0.3120E+00 -0.3000E+00 -0.4910E+00 -0.5910E+00 -0.2115E+01 -0.2253E+01 -0.2183E+01 -0.7800E+00 -0.5660E+00 -0.5640E+00 -0.5710E+00 -0.5720E+00 -0.5690E+00 -0.5940E+00 -0.6280E+00 -0.6390E+00 -0.8150E+00 -0.1152E+01 -0.3231E+01 -0.9670E+00 -0.6630E+00 -0.3780E+00 -0.2380E+00 -0.9900E-01 -0.6800E-01 -0.4800E-01 -0.2300E-01 -0.6000E-02 0.0000E+00 0.0000E+00 0.0000E+00 0.0000E+00 0.0000E+00 0.0000E+00 0.0000E+00 0.0000E+00 0.0000E+00 0.0000E+00
-0.4410E+00 -0.1126E+01 -0.1487E+01 -0.1626E+01 -0.1708E+01 -0.1560E+01 -0.1664E+01 -0.1638E+01 -0.2030E+01 -0.2274E+01 -0.4590E+00 -0.6750E+00 -0.7420E+00 -0.8890E+00 -0.2267E+01 -0.6010E+00 -0.2760E+00 -0.2800E+00 -0.1970E+00 -0.2240E+00 -0.3100E+00 -0.2660E+00 -0.4480E+00 -0.4040E+00 -0.3010E+00 -0.2600E+00 -0.2330E+00 -0.1480E+00 -0.2030E+00 -0.2200E+00 -0.1870E+00 -0.2780E+00 -0.3000E+00 -0.4270E+00 -0.6110E+00 -0.1666E+01 -0.2354E+01 -0.7630E+00 -0.2670E+00 -0.1300E+00 0.0000E+00 0.0000E+00 0.0000E+00 0.0000E+00 0.0000E+00 0.0000E+00 0.0000E+00 0.0000E+00 0.0000E+00 0.0000E+00 0.0000E+00 0.0000E+00 0.0000E+00 0.0000E+00 0.0000E+00
-0.2790E+00 -0.2710E+00 -0.2240E+00 -0.2440E+00 -0.2830E+00 -0.5980E+00 -0.3240E+00 -0.3440E+00 -0.4140E+00 -0.3910E+00 -0.3190E+00 -0.4090E+00 -0.6430E+00 -0.1460E+01 -0.1716E+01 -0.3960E+00 -0.3470E+00 -0.1680E+00 -0.9700E-01 -0.1300E+00 -0.1650E+00 -0.1900E+00 -0.2070E+00 -0.2090E+00 -0.8600E-01 -0.1520E+00 -0.1440E+00 -0.1390E+00 -0.1350E+00 -0.1210E+00 -0.1020E+00 -0.1020E+00 -0.9600E-01 -0.2360E+00 -0.3650E+00 -0.6590E+00 -0.2905E+01 -0.7530E+00 -0.3690E+00 -0.1920E+00 0.0000E+00 0.0000E+00 0.0000E+00 0.0000E+00 0.0000E+00 0.0000E+00 0.0000E+00 0.0000E+00 0.0000E+00 0.0000E+00 0.0000E+00 0.0000E+00 0.0000E+00 0.0000E+00 0.0000E+00
-0.1660E+00 -0.1390E+00 -0.1510E+00 -0.1410E+00 -0.1510E+00 -0.1700E+00 -0.1780E+00 -0.1930E+00 -0.2070E+00 -0.1860E+00 -0.1350E+00 -0.1880E+00 -0.6510E+00 -0.2825E+01 -0.7130E+00 -0.3550E+00 -0.2250E+00 -0.4300E-01 -0.1200E-01 -0.4100E-01 -0.7000E-01 -0.8000E-01 -0.8200E-01 -0.7400E-01 -0.5900E-01 -0.3800E-01 -0.1700E-01 -0.2000E-02 0.0000E+00 0.0000E+00 0.0000E+00 0.0000E+00 -0.3100E-01 -0.1930E+00 -0.2130E+00 -0.3760E+00 -0.2508E+01 -0.7950E+00 -0.4260E+00 -0.2180E+00 0.0000E+00 0.0000E+00 0.0000E+00 0.0000E+00 0.0000E+00 0.0000E+00 0.0000E+00 0.0000E+00 0.0000E+00 0.0000E+00 0.0000E+00 0.0000E+00 0.0000E+00 0.0000E+00 0.0000E+00
-0.6700E-01 -0.5800E-01 -0.6300E-01 -0.7200E-01 -0.8400E-01 -0.9500E-01 -0.1050E+00 -0.9400E-01 -0.8200E-01 -0.6600E-01 -0.1100E+00 -0.2750E+00 -0.6030E+00 -0.2497E+01 -0.7410E+00 -0.3610E+00 -0.2160E+00 -0.2800E-01 0.0000E+00 0.0000E+00 0.0000E+00 0.0000E+00 0.0000E+00 0.0000E+00 0.0000E+00 0.0000E+00 0.0000E+00 0.0000E+00 0.0000E+00 0.0000E+00 0.0000E+00 0.0000E+00 -0.9000E-02 -0.2020E+00 -0.2780E+00 -0.4270E+00 -0.2750E+01 -0.8190E+00 -0.4450E+00 -0.2610E+00 0.0000E+00 0.0000E+00 0.0000E+00 0.0000E+00 0.0000E+00 0.0000E+00 0.0000E+00 0.0000E+00 0.0000E+00 0.0000E+00 0.0000E+00 0.0000E+00 0.0000E+00 0.0000E+00 0.0000E+00
-0.2100E-01 -0.5000E-02 -0.4000E-02 -0.5000E-02 -0.5000E-02 -0.6000E-02 -0.6000E-02 -0.4000E-02 -0.4000E-02 0.0000E+00 -0.1630E+00 -0.2950E+00 -0.6400E+00 -0.2667E+01 -0.7190E+00 -0.3450E+00 -0.1900E+00 -0.8000E-02 0.0000E+00 0.0000E+00 0.0000E+00 0.0000E+00 0.0000E+00 0.0000E+00 0.0000E+00 0.0000E+00 0.0000E+00 0.0000E+00 0.0000E+00 0.0000E+00 0.0000E+00 0.0000E+00 -0.1000E-02 -0.2260E+00 -0.3330E+00 -0.6900E+00 -0.3203E+01 -0.1075E+01 -0.5460E+00 -0.3160E+00 -0.3800E-01 0.0000E+00 0.0000E+00 0.0000E+00 0.0000E+00 0.0000E+00 0.0000E+00 0.0000E+00 0.0000E+00 0.0000E+00 0.0000E+00 0.0000E+00 0.0000E+00 0.0000E+00 0.0000E+00
-0.1100E-01 0.0000E+00 0.0000E+00 0.0000E+00 0.0000E+00 0.0000E+00 0.0000E+00 0.0000E+00 0.0000E+00 -0.7000E-02 -0.1870E+00 -0.3150E+00 -0.5230E+00 -0.2688E+01 -0.7250E+00 -0.3410E+00 -0.1930E+00 0.0000E+00 0.0000E+00 0.0000E+00 0.0000E+00 0.0000E+00 0.0000E+00 0.0000E+00 0.0000E+00 0.0000E+00 0.0000E+00 0.0000E+00 0.0000E+00 0.0000E+00 0.0000E+00 0.0000E+00 -0.1000E-02 -0.2110E+00 -0.3540E+00 -0.8950E+00 -0.3600E+01 -0.1219E+01 -0.6520E+00 -0.3470E+00 -0.1160E+00 -0.2700E-01 0.0000E+00 0.0000E+00 0.0000E+00 0.0000E+00 0.0000E+00 0.0000E+00 0.0000E+00 0.0000E+00 0.0000E+00 0.0000E+00 0.0000E+00 0.0000E+00 0.0000E+00
-0.3000E-02 0.0000E+00 0.0000E+00 0.0000E+00 0.0000E+00 0.0000E+00 0.0000E+00 0.0000E+00 0.0000E+00 -0.2500E-01 -0.2000E+00 -0.3340E+00 -0.4560E+00 -0.2481E+01 -0.6230E+00 -0.1770E+00 -0.1580E+00 0.0000E+00 0.0000E+00 0.0000E+00 0.0000E+00 0.0000E+00 0.0000E+00 0.0000E+00 0.0000E+00 0.0000E+00 0.0000E+00 0.0000E+00 0.0000E+00 0.0000E+00 0.0000E+00 0.0000E+00 -0.1000E-02 -0.1620E+00 -0.4010E+00 -0.9430E+00 -0.3877E+01 -0.1449E+01 -0.8730E+00 -0.3740E+00 -0.1330E+00 -0.4600E-01 -0.6000E-02 0.0000E+00 0.0000E+00 0.0000E+00 0.0000E+00 0.0000E+00 0.0000E+00 0.0000E+00 0.0000E+00 0.0000E+00 0.0000E+00 0.0000E+00 0.0000E+00
0.0000E+00 0.0000E+00 0.0000E+00 0.0000E+00 0.0000E+00 0.0000E+00 0.0000E+00 0.0000E+00 -0.6000E-02 -0.5200E-01 -0.2020E+00 -0.3720E+00 -0.7590E+00 -0.2666E+01 -0.6960E+00 -0.3080E+00 -0.1320E+00 0.0000E+00 0.0000E+00 0.0000E+00 0.0000E+00 0.0000E+00 0.0000E+00 0.0000E+00 0.0000E+00 0.0000E+00 0.0000E+00 0.0000E+00 0.0000E+00 0.0000E+00 0.0000E+00 0.0000E+00 0.0000E+00 -0.1610E+00 -0.3370E+00 -0.7260E+00 -0.2300E+01 -0.3582E+01 -0.1106E+01 -0.6560E+00 -0.2980E+00 -0.1220E+00 -0.7200E-01 0.0000E+00 0.0000E+00 0.0000E+00 0.0000E+00 0.0000E+00 0.0000E+00 -0.1900E-01 -0.3600E-01 -0.6000E-01 -0.6300E-01 -0.7100E-01 -0.8000E-01
0.0000E+00 0.0000E+00 0.0000E+00 0.0000E+00 0.0000E+00 0.0000E+00 0.0000E+00 -0.9000E-02 -0.3200E-01 -0.1050E+00 -0.2550E+00 -0.5090E+00 -0.1652E+01 -0.2186E+01 -0.5580E+00 -0.2430E+00 -0.9800E-01 0.0000E+00 0.0000E+00 0.0000E+00 0.0000E+00 0.0000E+00 0.0000E+00 0.0000E+00 0.0000E+00 0.0000E+00 0.0000E+00 0.0000E+00 0.0000E+00 0.0000E+00 0.0000E+00 0.0000E+00 0.0000E+00 -0.6300E-01 -0.2210E+00 -0.4170E+00 -0.4320E+00 -0.2383E+01 -0.2822E+01 -0.1102E+01 -0.5290E+00 -0.2910E+00 -0.1200E+00 -0.2300E-01 0.0000E+00 0.0000E+00 -0.5000E-02 -0.2600E-01 -0.5500E-01 -0.1000E+00 -0.1470E+00 -0.1930E+00 -0.1590E+00 -0.1500E+00 -0.1670E+00
0.0000E+00 0.0000E+00 0.0000E+00 0.0000E+00 0.0000E+00 0.0000E+00 0.0000E+00 -0.2800E-01 -0.6600E-01 -0.1730E+00 -0.3360E+00 -0.7080E+00 -0.2901E+01 -0.8120E+00 -0.3500E+00 -0.1680E+00 -0.6200E-01 0.0000E+00 0.0000E+00 0.0000E+00 0.0000E+00 0.0000E+00 0.0000E+00 0.0000E+00 0.0000E+00 0.0000E+00 0.0000E+00 0.0000E+00 0.0000E+00 0.0000E+00 0.0000E+00 0.0000E+00 0.0000E+00 -0.2600E-01 -0.1380E+00 -0.2410E+00 -0.2590E+00 -0.9890E+00 -0.3902E+01 -0.1755E+01 -0.8770E+00 -0.4820E+00 -0.2530E+00 -0.1110E+00 -0.6300E-01 -0.3100E-01 -0.6300E-01 -0.1000E+00 -0.1650E+00 -0.2410E+00 -0.2860E+00 -0.4190E+00 -0.5060E+00 -0.3870E+00 -0.4050E+00
0.0000E+00 0.0000E+00 0.0000E+00 0.0000E+00 0.0000E+00 0.0000E+00 0.0000E+00 -0.4400E-01 -0.9800E-01 -0.2610E+00 -0.5270E+00 -0.1619E+01 -0.1963E+01 -0.5320E+00 -0.2210E+00 -0.9900E-01 -0.3300E-01 0.0000E+00 0.0000E+00 0.0000E+00 0.0000E+00 0.0000E+00 0.0000E+00 0.0000E+00 0.0000E+00 0.0000E+00 0.0000E+00 0.0000E+00 0.0000E+00 0.0000E+00 0.0000E+00 0.0000E+00 0.0000E+00 -0.2300E-01 -0.9800E-01 -0.2340E+00 -0.3940E+00 -0.5600E+00 -0.1133E+01 -0.3935E+01 -0.8990E+00 -0.6480E+00 -0.4050E+00 -0.2430E+00 -0.1780E+00 -0.1390E+00 -0.1680E+00 -0.2300E+00 -0.3270E+00 -0.4430E+00 -0.3820E+00 -0.9010E+00 -0.2660E+01 -0.2031E+01 -0.1809E+01
0.0000E+00 0.0000E+00 0.0000E+00 0.0000E+00 0.0000E+00 0.0000E+00 0.0000E+00 -0.6300E-01 -0.1500E+00 -0.3990E+00 -0.1859E+01 -0.2000E+01 -0.6070E+00 -0.3130E+00 -0.1320E+00 -0.4700E-01 -0.1300E-01 -0.1000E-02 0.0000E+00 -0.1000E-02 0.0000E+00 0.0000E+00 0.0000E+00 0.0000E+00 0.0000E+00 -0.4000E-02 -0.1800E-01 -0.3100E-01 -0.5000E-01 -0.6500E-01 -0.7000E-01 -0.6300E-01 -0.6000E-01 -0.5100E-01 -0.9400E-01 -0.2020E+00 -0.3640E+00 -0.5600E+00 -0.5510E+00 -0.1459E+01 -0.2734E+01 -0.1058E+01 -0.6290E+00 -0.3220E+00 -0.3150E+00 -0.2540E+00 -0.3140E+00 -0.4720E+00 -0.4370E+00 -0.1385E+01 -0.2482E+01 -0.2762E+01 -0.7370E+00 -0.3600E+00 -0.3160E+00
0.0000E+00 0.0000E+00 0.0000E+00 0.0000E+00 0.0000E+00 0.0000E+00 0.0000E+00 -0.1010E+00 -0.2090E+00 -0.5040E+00 -0.2492E+01 -0.8030E+00 -0.4930E+00 -0.3680E+00 -0.2160E+00 -0.1760E+00 -0.1480E+00 -0.1510E+00 -0.1610E+00 -0.1540E+00 -0.1430E+00 -0.1240E+00 -0.1090E+00 -0.9500E-01 -0.8700E-01 -0.1010E+00 -0.1160E+00 -0.1090E+00 -0.1470E+00 -0.1760E+00 -0.1800E+00 -0.1710E+00 -0.1630E+00 -0.1610E+00 -0.2080E+00 -0.3290E+00 -0.4050E+00 -0.1668E+01 -0.1738E+01 -0.1700E+01 -0.2264E+01 -0.3321E+01 -0.7040E+00 -0.4400E+00 -0.4820E+00 -0.5590E+00 -0.6600E+00 -0.2116E+01 -0.2214E+01 -0.1914E+01 -0.6820E+00 -0.5230E+00 -0.3320E+00 -0.2350E+00 -0.2670E+00
0.0000E+00 0.0000E+00 0.0000E+00 -0.3000E-02 -0.1400E-01 -0.3400E-01 -0.6300E-01 -0.1830E+00 -0.2310E+00 -0.3540E+00 -0.2058E+01 -0.8300E+00 -0.5470E+00 -0.4260E+00 -0.2600E+00 -0.2430E+00 -0.2470E+00 -0.2580E+00 -0.2630E+00 -0.2490E+00 -0.2270E+00 -0.1900E+00 -0.1610E+00 -0.1510E+00 -0.1420E+00 -0.1750E+00 -0.1980E+00 -0.2210E+00 -0.3020E+00 -0.4060E+00 -0.4000E+00 -0.2640E+00 -0.2130E+00 -0.2430E+00 -0.3440E+00 -0.6020E+00 -0.1719E+01 -0.1132E+01 -0.4740E+00 -0.3780E+00 -0.5040E+00 -0.1682E+01 -0.2510E+01 -0.9310E+00 -0.1876E+01 -0.2009E+01 -0.2275E+01 -0.6050E+00 -0.4910E+00 -0.4150E+00 -0.2770E+00 -0.2380E+00 -0.1740E+00 -0.1480E+00 -0.1760E+00
0.0000E+00 -0.6000E-02 -0.2100E-01 -0.4000E-01 -0.6800E-01 -0.1100E+00 -0.1720E+00 -0.2140E+00 -0.2970E+00 -0.4340E+00 -0.2396E+01 -0.1095E+01 -0.7810E+00 -0.6450E+00 -0.3660E+00 -0.4970E+00 -0.5340E+00 -0.5680E+00 -0.5730E+00 -0.5620E+00 -0.3660E+00 -0.2330E+00 -0.2290E+00 -0.2820E+00 -0.3120E+00 -0.4210E+00 -0.4090E+00 -0.3820E+00 -0.1042E+01 -0.1816E+01 -0.1538E+01 -0.4160E+00 -0.3180E+00 -0.3300E+00 -0.7300E+00 -0.2325E+01 -0.5040E+00 -0.2020E+00 -0.2180E+00 -0.2360E+00 -0.3400E+00 -0.6240E+00 -0.3441E+01 -0.2614E+01 -0.8190E+00 -0.5450E+00 -0.3770E+00 -0.2710E+00 -0.2380E+00 -0.1790E+00 -0.1300E+00 -0.1010E+00 -0.6900E-01 -0.3500E-01 -0.7100E-01
-0.2600E-01 -0.5000E-01 -0.8600E-01 -0.1250E+00 -0.1710E+00 -0.2170E+00 -0.3280E+00 -0.5780E+00 -0.7260E+00 -0.6880E+00 -0.3812E+01 -0.2367E+01 -0.2077E+01 -0.2066E+01 -0.1467E+01 -0.2007E+01 -0.1989E+01 -0.1929E+01 -0.2036E+01 -0.2018E+01 -0.1885E+01 -0.9940E+00 -0.9830E+00 -0.1274E+01 -0.1342E+01 -0.1984E+01 -0.1511E+01 -0.1320E+01 -0.7790E+00 -0.3100E+00 -0.6610E+00 -0.1404E+01 -0.1506E+01 -0.1650E+01 -0.2464E+01 -0.7510E+00 -0.2000E+00 -0.1510E+00 -0.1350E+00 -0.2160E+00 -0.3290E+00 -0.6750E+00 -0.3512E+01 -0.1158E+01 -0.5520E+00 -0.3320E+00 -0.1650E+00 -0.1230E+00 -0.9200E-01 -0.7100E-01 -0.4400E-01 -0.2600E-01 -0.1000E-01 0.0000E+00 -0.3100E-01
-0.1380E+00 -0.1980E+00 -0.2230E+00 -0.1760E+00 -0.2560E+00 -0.4630E+00 -0.9430E+00 -0.2168E+01 -0.2463E+01 -0.2737E+01 -0.2656E+01 -0.9080E+00 -0.6570E+00 -0.5040E+00 -0.2550E+00 -0.4250E+00 -0.4270E+00 -0.4290E+00 -0.4660E+00 -0.4240E+00 -0.3670E+00 -0.1560E+00 -0.1570E+00 -0.1720E+00 -0.2290E+00 -0.3070E+00 -0.2140E+00 -0.1760E+00 -0.1730E+00 -0.1990E+00 -0.2190E+00 -0.2720E+00 -0.3220E+00 -0.3780E+00 -0.3940E+00 -0.2670E+00 -0.2170E+00 -0.1700E+00 -0.1770E+00 -0.3350E+00 -0.4920E+00 -0.1114E+01 -0.2902E+01 -0.6680E+00 -0.3450E+00 -0.1510E+00 -0.6300E-01 -0.4000E-01 -0.2600E-01 -0.1200E-01 0.0000E+00 0.0000E+00 0.0000E+00 0.0000E+00 -0.1300E-01
-0.2730E+00 -0.3150E+00 -0.4150E+00 -0.3460E+00 -0.1442E+01 -0.1730E+01 -0.1549E+01 -0.6480E+00 -0.8580E+00 -0.2540E+01 -0.9650E+00 -0.6000E+00 -0.4350E+00 -0.3100E+00 -0.1840E+00 -0.1660E+00 -0.1850E+00 -0.1860E+00 -0.1860E+00 -0.9100E-01 -0.1400E+00 -0.7500E-01 -0.7700E-01 -0.9200E-01 -0.1030E+00 -0.1260E+00 -0.1350E+00 -0.1270E+00 -0.1230E+00 -0.1160E+00 -0.1190E+00 -0.1420E+00 -0.1670E+00 -0.1740E+00 -0.1620E+00 -0.1470E+00 -0.2160E+00 -0.3050E+00 -0.4910E+00 -0.1284E+01 -0.3318E+01 -0.3399E+01 -0.1310E+01 -0.4360E+00 -0.1940E+00 -0.7400E-01 -0.9000E-02 0.0000E+00 0.0000E+00 0.0000E+00 0.0000E+00 0.0000E+00 0.0000E+00 0.0000E+00 -0.4000E-02
-0.3990E+00 -0.6030E+00 -0.2030E+01 -0.2330E+01 -0.6300E+00 -0.4450E+00 -0.3260E+00 -0.2490E+00 -0.3040E+00 -0.1681E+01 -0.8010E+00 -0.5460E+00 -0.3630E+00 -0.2310E+00 -0.1130E+00 -0.1180E+00 -0.1170E+00 -0.1260E+00 -0.1190E+00 -0.6700E-01 -0.4900E-01 -0.5100E-01 -0.6500E-01 -0.7700E-01 -0.7000E-01 -0.6300E-01 -0.5500E-01 -0.4800E-01 -0.5000E-01 -0.4600E-01 -0.4900E-01 -0.6300E-01 -0.7900E-01 -0.9600E-01 -0.1070E+00 -0.1180E+00 -0.2050E+00 -0.3300E+00 -0.1206E+01 -0.4123E+01 -0.1390E+01 -0.8200E+00 -0.5520E+00 -0.1330E+00 -0.8500E-01 -0.5000E-01 0.0000E+00 0.0000E+00 0.0000E+00 0.0000E+00 0.0000E+00 0.0000E+00 -0.5000E-02 -0.1800E-01 -0.4200E-01
-0.2236E+01 -0.2115E+01 -0.1235E+01 -0.5050E+00 -0.3060E+00 -0.2050E+00 -0.1670E+00 -0.1520E+00 -0.1990E+00 -0.4840E+00 -0.2039E+01 -0.5570E+00 -0.2510E+00 -0.8600E-01 0.0000E+00 0.0000E+00 0.0000E+00 0.0000E+00 0.0000E+00 0.0000E+00 0.0000E+00 0.0000E+00 0.0000E+00 0.0000E+00 0.0000E+00 0.0000E+00 0.0000E+00 0.0000E+00 0.0000E+00 0.0000E+00 -0.1000E-02 -0.5000E-02 -0.1600E-01 -0.4500E-01 -0.8000E-01 -0.1460E+00 -0.2990E+00 -0.8450E+00 -0.9320E+00 -0.2954E+01 -0.1018E+01 -0.5550E+00 -0.3380E+00 -0.1070E+00 -0.5900E-01 -0.2800E-01 0.0000E+00 0.0000E+00 0.0000E+00 0.0000E+00 -0.1200E-01 -0.2300E-01 -0.6600E-01 -0.1040E+00 -0.1550E+00
-0.5260E+00 -0.2500E+00 -0.3380E+00 -0.2290E+00 -0.1570E+00 -0.1140E+00 -0.8700E-01 -0.1160E+00 -0.1450E+00 -0.3620E+00 -0.1986E+01 -0.4470E+00 -0.1930E+00 -0.7300E-01 0.0000E+00 0.0000E+00 0.0000E+00 0.0000E+00 0.0000E+00 0.0000E+00 0.0000E+00 0.0000E+00 0.0000E+00 0.0000E+00 0.0000E+00 0.0000E+00 0.0000E+00 0.0000E+00 0.0000E+00 -0.1000E-02 -0.1200E-01 -0.2200E-01 -0.3500E-01 -0.9800E-01 -0.1810E+00 -0.4120E+00 -0.1292E+01 -0.7050E+00 -0.4520E+00 -0.2689E+01 -0.8820E+00 -0.4620E+00 -0.1950E+00 -0.4900E-01 -0.2700E-01 -0.2000E-02 0.0000E+00 0.0000E+00 0.0000E+00 -0.8000E-02 -0.2400E-01 -0.3900E-01 -0.8400E-01 -0.2060E+00 -0.3060E+00
-0.4420E+00 -0.1540E+00 -0.1390E+00 -0.1040E+00 -0.7000E-01 -0.4500E-01 -0.6900E-01 -0.1160E+00 -0.1980E+00 -0.1010E+01 -0.1453E+01 -0.3360E+00 -0.1360E+00 -0.5200E-01 0.0000E+00 0.0000E+00 0.0000E+00 0.0000E+00 0.0000E+00 0.0000E+00 0.0000E+00 0.0000E+00 0.0000E+00 0.0000E+00 0.0000E+00 0.0000E+00 0.0000E+00 0.0000E+00 -0.4000E-02 -0.1500E-01 -0.3300E-01 -0.5100E-01 -0.1160E+00 -0.1870E+00 -0.3210E+00 -0.1480E+01 -0.3880E+00 -0.2690E+00 -0.4720E+00 -0.2926E+01 -0.8680E+00 -0.2360E+00 -0.1660E+00 -0.5000E-01 0.0000E+00 0.0000E+00 0.0000E+00 0.0000E+00 0.0000E+00 -0.1100E-01 -0.4200E-01 -0.1000E+00 -0.2420E+00 -0.5120E+00 -0.6760E+00
-0.2340E+00 -0.1420E+00 -0.5300E-01 -0.4900E-01 -0.4400E-01 -0.6000E-01 -0.1060E+00 -0.1720E+00 -0.3350E+00 -0.1659E+01 -0.3450E+00 -0.1960E+00 -0.6000E-01 -0.2300E-01 0.0000E+00 0.0000E+00 0.0000E+00 0.0000E+00 0.0000E+00 0.0000E+00 0.0000E+00 0.0000E+00 0.0000E+00 0.0000E+00 0.0000E+00 0.0000E+00 0.0000E+00 -0.3000E-02 -0.1200E-01 -0.3000E-01 -0.6300E-01 -0.1200E+00 -0.2140E+00 -0.3120E+00 -0.1067E+01 -0.6760E+00 -0.2960E+00 -0.3430E+00 -0.6100E+00 -0.2975E+01 -0.8920E+00 -0.3950E+00 -0.3110E+00 -0.1220E+00 -0.3800E-01 0.0000E+00 0.0000E+00 0.0000E+00 0.0000E+00 -0.1800E-01 -0.8800E-01 -0.1730E+00 -0.4630E+00 -0.2362E+01 -0.2218E+01
