Data/rwc_NOx_RR2025_2002.asc
NCOLS          280
NROWS          320
XLLCORNER            0
YLLCORNER       300000
CELLSIZE         1000
NODATA_VALUE  -0.9990E+03
[rows 125 to 149 of 320, columns 168 to 223 of 280]
0.0000E+00 0.0000E+00 0.0000E+00 0.0000E+00 0.0000E+00 0.0000E+00 0.0000E+00 0.0000E+00 0.0000E+00 0.0000E+00 0.0000E+00 0.0000E+00 0.0000E+00 0.0000E+00 0.0000E+00 0.0000E+00 0.0000E+00 0.6000E-02 0.2900E-01 0.7100E-01 0.1430E+00 0.2470E+00 0.4330E+00 0.7900E+00 0.1702E+01 0.4594E+01 0.2478E+01 0.7000E+00 0.7150E+00 0.2273E+01 0.2434E+01 0.4530E+00 0.2310E+00 0.8100E-01 0.1300E-01 0.0000E+00 0.0000E+00 0.0000E+00 0.0000E+00 0.5000E-02 0.1800E-01 0.3000E-01 0.7800E-01 0.1220E+00 0.1340E+00 0.9660E+00 0.2260E+00 0.9800E-01 0.5600E-01 0.1000E-01 0.0000E+00 0.0000E+00 0.0000E+00 0.0000E+00 0.0000E+00 0.0000E+00
0.0000E+00 0.0000E+00 0.0000E+00 0.0000E+00 0.0000E+00 0.0000E+00 0.0000E+00 0.0000E+00 0.0000E+00 0.0000E+00 0.0000E+00 0.0000E+00 0.0000E+00 0.0000E+00 0.0000E+00 0.0000E+00 0.9000E-02 0.3600E-01 0.7600E-01 0.1490E+00 0.2580E+00 0.4630E+00 0.9780E+00 0.3928E+01 0.3842E+01 0.7020E+00 0.5372E+00 0.5094E+00 0.8189E+00 0.4389E+01 0.7750E+00 0.3390E+00 0.2060E+00 0.4800E-01 0.0000E+00 0.0000E+00 0.0000E+00 0.0000E+00 0.0000E+00 0.0000E+00 0.8000E-02 0.1400E-01 0.5600E-01 0.9200E-01 0.1520E+00 0.9280E+00 0.2090E+00 0.1176E+00 0.7000E-01 0.2800E-01 0.8000E-02 0.0000E+00 0.0000E+00 0.0000E+00 0.0000E+00 0.0000E+00
0.0000E+00 0.0000E+00 0.0000E+00 0.0000E+00 0.0000E+00 0.0000E+00 0.0000E+00 0.0000E+00 0.0000E+00 0.0000E+00 0.0000E+00 0.0000E+00 0.0000E+00 0.0000E+00 0.0000E+00 0.2900E-01 0.5700E-01 0.1130E+00 0.1900E+00 0.3210E+00 0.5050E+00 0.9240E+00 0.5015E+01 0.2046E+01 0.5873E+00 0.3226E+00 0.3629E+00 0.4362E+00 0.7861E+00 0.4390E+01 0.7080E+00 0.3170E+00 0.2050E+00 0.2500E-01 0.0000E+00 0.0000E+00 0.0000E+00 0.0000E+00 0.0000E+00 0.0000E+00 0.1000E-02 0.4000E-02 0.4100E-01 0.7900E-01 0.1970E+00 0.1150E+01 0.2820E+00 0.1870E+00 0.1080E+00 0.4800E-01 0.1900E-01 0.5000E-02 0.0000E+00 0.0000E+00 0.0000E+00 0.0000E+00
0.0000E+00 0.0000E+00 0.0000E+00 0.0000E+00 0.0000E+00 0.0000E+00 0.0000E+00 0.0000E+00 0.0000E+00 0.0000E+00 0.0000E+00 0.0000E+00 0.0000E+00 0.6000E-02 0.2600E-01 0.7300E-01 0.1330E+00 0.2290E+00 0.3780E+00 0.6350E+00 0.2206E+01 0.4742E+01 0.9670E+00 0.4714E+00 0.2743E+00 0.1737E+00 0.3043E+00 0.3977E+00 0.5950E+00 0.4060E+01 0.7410E+00 0.3760E+00 0.2460E+00 0.1700E-01 0.0000E+00 0.0000E+00 0.0000E+00 0.0000E+00 0.0000E+00 0.0000E+00 0.0000E+00 0.0000E+00 0.2800E-01 0.6100E-01 0.1270E+00 0.2990E+00 0.1095E+01 0.2950E+00 0.1690E+00 0.9300E-01 0.6100E-01 0.4400E-01 0.3400E-01 0.1400E-01 0.1000E-01 0.1000E-02
0.0000E+00 0.0000E+00 0.0000E+00 0.0000E+00 0.0000E+00 0.0000E+00 0.0000E+00 0.0000E+00 0.0000E+00 0.0000E+00 0.0000E+00 0.0000E+00 0.0000E+00 0.2800E-01 0.6100E-01 0.1360E+00 0.2460E+00 0.4580E+00 0.8250E+00 0.2759E+01 0.3728E+01 0.7230E+00 0.3720E+00 0.2237E+00 0.1381E+00 0.8270E-01 0.2000E+00 0.2810E+00 0.5820E+00 0.4278E+01 0.8950E+00 0.4260E+00 0.2910E+00 0.5900E-01 0.0000E+00 0.0000E+00 0.0000E+00 0.0000E+00 0.0000E+00 0.0000E+00 0.0000E+00 0.0000E+00 0.1700E-01 0.4300E-01 0.7800E-01 0.1610E+00 0.6880E+00 0.9230E+00 0.1830E+00 0.1440E+00 0.1110E+00 0.1010E+00 0.9100E-01 0.5230E-01 0.7300E-01 0.6700E-01
0.0000E+00 0.0000E+00 0.0000E+00 0.0000E+00 0.0000E+00 0.0000E+00 0.0000E+00 0.0000E+00 0.0000E+00 0.4000E-02 0.2100E-01 0.4600E-01 0.8200E-01 0.1450E+00 0.2150E+00 0.3370E+00 0.5590E+00 0.9930E+00 0.4933E+01 0.2759E+01 0.6121E+00 0.3181E+00 0.1780E+00 0.1088E+00 0.5900E-01 0.2800E-01 0.1330E+00 0.2740E+00 0.5870E+00 0.4464E+01 0.8570E+00 0.3700E+00 0.3160E+00 0.1230E+00 0.0000E+00 0.0000E+00 0.0000E+00 0.0000E+00 0.0000E+00 0.0000E+00 0.0000E+00 0.0000E+00 0.8000E-02 0.2700E-01 0.4900E-01 0.8500E-01 0.1220E+00 0.5110E+00 0.7350E+00 0.2480E+00 0.2270E+00 0.2130E+00 0.1680E+00 0.1180E+00 0.1210E+00 0.1110E+00
0.0000E+00 0.0000E+00 0.0000E+00 0.0000E+00 0.0000E+00 0.0000E+00 0.0000E+00 0.7000E-02 0.3400E-01 0.6400E-01 0.1080E+00 0.1640E+00 0.2300E+00 0.3190E+00 0.3830E+00 0.5230E+00 0.2097E+01 0.4426E+01 0.9431E+00 0.5157E+00 0.2744E+00 0.1607E+00 0.9000E-01 0.4800E-01 0.1900E-01 0.1000E-02 0.9900E-01 0.2690E+00 0.6650E+00 0.4089E+01 0.2095E+01 0.5560E+00 0.4480E+00 0.2050E+00 0.0000E+00 0.0000E+00 0.0000E+00 0.0000E+00 0.0000E+00 0.0000E+00 0.0000E+00 0.0000E+00 0.0000E+00 0.1200E-01 0.2700E-01 0.4300E-01 0.4900E-01 0.8100E-01 0.3690E+00 0.9360E+00 0.8560E+00 0.8940E+00 0.3520E+00 0.2690E+00 0.2600E+00 0.2400E+00
0.0000E+00 0.0000E+00 0.0000E+00 0.0000E+00 0.0000E+00 0.8000E-02 0.4100E-01 0.8800E-01 0.1530E+00 0.2330E+00 0.3230E+00 0.4200E+00 0.5010E+00 0.6330E+00 0.7610E+00 0.1021E+01 0.4702E+01 0.7560E+00 0.3790E+00 0.2412E+00 0.1382E+00 0.7500E-01 0.3800E-01 0.1400E-01 0.0000E+00 0.0000E+00 0.8100E-01 0.2130E+00 0.3850E+00 0.1134E+01 0.5415E+01 0.1215E+01 0.5510E+00 0.2270E+00 0.0000E+00 0.0000E+00 0.0000E+00 0.0000E+00 0.0000E+00 0.0000E+00 0.0000E+00 0.0000E+00 0.0000E+00 0.4000E-02 0.1200E-01 0.2100E-01 0.3100E-01 0.4400E-01 0.9400E-01 0.1440E+00 0.1640E+00 0.2220E+00 0.9150E+00 0.9930E+00 0.9790E+00 0.9350E+00
0.0000E+00 0.1600E-01 0.5000E-01 0.9500E-01 0.1320E+00 0.2040E+00 0.2720E+00 0.3430E+00 0.4150E+00 0.5250E+00 0.7000E+00 0.9640E+00 0.1658E+01 0.4129E+01 0.4425E+01 0.4585E+01 0.1452E+01 0.3810E+00 0.2000E+00 0.1296E+00 0.6340E-01 0.3100E-01 0.9000E-02 0.0000E+00 0.0000E+00 0.0000E+00 0.7500E-01 0.1920E+00 0.3710E+00 0.1137E+01 0.5613E+01 0.1375E+01 0.5820E+00 0.2150E+00 0.0000E+00 0.0000E+00 0.0000E+00 0.0000E+00 0.0000E+00 0.0000E+00 0.0000E+00 0.0000E+00 0.0000E+00 0.0000E+00 0.2000E-02 0.7000E-02 0.1600E-01 0.2700E-01 0.4100E-01 0.5600E-01 0.6160E-01 0.1000E+00 0.1580E+00 0.1720E+00 0.1150E+00 0.1430E+00
0.1850E+00 0.2410E+00 0.2920E+00 0.2950E+00 0.3130E+00 0.4430E+00 0.5030E+00 0.5690E+00 0.7700E+00 0.1160E+01 0.2253E+01 0.5050E+01 0.3651E+01 0.7440E+00 0.5780E+00 0.4670E+00 0.2990E+00 0.1750E+00 0.1030E+00 0.5600E-01 0.1700E-01 0.0000E+00 0.0000E+00 0.0000E+00 0.0000E+00 0.0000E+00 0.1010E+00 0.2070E+00 0.5270E+00 0.1601E+01 0.5855E+01 0.1231E+01 0.5270E+00 0.1880E+00 0.0000E+00 0.0000E+00 0.0000E+00 0.0000E+00 0.0000E+00 0.0000E+00 0.0000E+00 0.0000E+00 0.0000E+00 0.0000E+00 0.0000E+00 0.1000E-02 0.7000E-02 0.1300E-01 0.1800E-01 0.1800E-01 0.4300E-01 0.5500E-01 0.7100E-01 0.7500E-01 0.6700E-01 0.3990E-01
0.4450E+00 0.5070E+00 0.4130E+00 0.4240E+00 0.6380E+00 0.1081E+01 0.1118E+01 0.9700E+00 0.2351E+01 0.5376E+01 0.4654E+01 0.1015E+01 0.5080E+00 0.3300E+00 0.2400E+00 0.1840E+00 0.1330E+00 0.8800E-01 0.5000E-01 0.2200E-01 0.0000E+00 0.0000E+00 0.0000E+00 0.0000E+00 0.0000E+00 0.0000E+00 0.1180E+00 0.2250E+00 0.5710E+00 0.5154E+01 0.2359E+01 0.7980E+00 0.4280E+00 0.1440E+00 0.0000E+00 0.0000E+00 0.0000E+00 0.0000E+00 0.0000E+00 0.0000E+00 0.0000E+00 0.0000E+00 0.0000E+00 0.0000E+00 0.0000E+00 0.0000E+00 0.0000E+00 0.0000E+00 0.0000E+00 0.4000E-02 0.1100E-01 0.2200E-01 0.2400E-01 0.3500E-01 0.2940E-01 0.2510E-01
0.1242E+01 0.1029E+01 0.7920E+00 0.9010E+00 0.4226E+01 0.5266E+01 0.4988E+01 0.4587E+01 0.3249E+01 0.8960E+00 0.7130E+00 0.3430E+00 0.2450E+00 0.1920E+00 0.1290E+00 0.9200E-01 0.6600E-01 0.4300E-01 0.2100E-01 0.3000E-02 0.0000E+00 0.0000E+00 0.0000E+00 0.0000E+00 0.0000E+00 0.0000E+00 0.2620E+00 0.3240E+00 0.9690E+00 0.5939E+01 0.1561E+01 0.7420E+00 0.4600E+00 0.8600E-01 0.0000E+00 0.0000E+00 0.0000E+00 0.0000E+00 0.0000E+00 0.0000E+00 0.0000E+00 0.0000E+00 0.0000E+00 0.0000E+00 0.0000E+00 0.0000E+00 0.0000E+00 0.0000E+00 0.0000E+00 0.0000E+00 0.0000E+00 0.0000E+00 0.0000E+00 0.0000E+00 0.0000E+00 0.0000E+00
0.6535E+01 0.4274E+01 0.4318E+01 0.4587E+01 0.1942E+01 0.7640E+00 0.8750E+00 0.6280E+00 0.4680E+00 0.3060E+00 0.2200E+00 0.1540E+00 0.1090E+00 0.7600E-01 0.3700E-01 0.1300E-01 0.0000E+00 0.0000E+00 0.0000E+00 0.0000E+00 0.0000E+00 0.0000E+00 0.0000E+00 0.0000E+00 0.0000E+00 0.0000E+00 0.2810E+00 0.5980E+00 0.1151E+01 0.6409E+01 0.1599E+01 0.7470E+00 0.4460E+00 0.4200E-01 0.0000E+00 0.0000E+00 0.0000E+00 0.0000E+00 0.0000E+00 0.0000E+00 0.0000E+00 0.0000E+00 0.0000E+00 0.0000E+00 0.0000E+00 0.0000E+00 0.0000E+00 0.0000E+00 0.0000E+00 0.0000E+00 0.0000E+00 0.0000E+00 0.0000E+00 0.0000E+00 0.0000E+00 0.0000E+00
0.1588E+01 0.7660E+00 0.6410E+00 0.5520E+00 0.4280E+00 0.3340E+00 0.2870E+00 0.2550E+00 0.2010E+00 0.1520E+00 0.9800E-01 0.6300E-01 0.5200E-01 0.2100E-01 0.0000E+00 0.0000E+00 0.0000E+00 0.0000E+00 0.0000E+00 0.0000E+00 0.0000E+00 0.0000E+00 0.0000E+00 0.0000E+00 0.0000E+00 0.0000E+00 0.3290E+00 0.5460E+00 0.1144E+01 0.6399E+01 0.1612E+01 0.7390E+00 0.4340E+00 0.6000E-02 0.0000E+00 0.0000E+00 0.0000E+00 0.0000E+00 0.0000E+00 0.0000E+00 0.0000E+00 0.0000E+00 0.0000E+00 0.0000E+00 0.0000E+00 0.0000E+00 0.0000E+00 0.0000E+00 0.0000E+00 0.0000E+00 0.0000E+00 0.0000E+00 0.0000E+00 0.0000E+00 0.0000E+00 0.0000E+00
0.1161E+01 0.5400E+00 0.2980E+00 0.2370E+00 0.2170E+00 0.1850E+00 0.1620E+00 0.1210E+00 0.8500E-01 0.5700E-01 0.3200E-01 0.1100E-01 0.0000E+00 0.0000E+00 0.0000E+00 0.0000E+00 0.0000E+00 0.0000E+00 0.0000E+00 0.0000E+00 0.0000E+00 0.0000E+00 0.0000E+00 0.0000E+00 0.0000E+00 0.0000E+00 0.3810E+00 0.6300E+00 0.1368E+01 0.6398E+01 0.1615E+01 0.7410E+00 0.4350E+00 0.0000E+00 0.0000E+00 0.0000E+00 0.0000E+00 0.0000E+00 0.0000E+00 0.0000E+00 0.0000E+00 0.0000E+00 0.0000E+00 0.0000E+00 0.0000E+00 0.0000E+00 0.0000E+00 0.0000E+00 0.0000E+00 0.0000E+00 0.0000E+00 0.0000E+00 0.0000E+00 0.0000E+00 0.0000E+00 0.0000E+00
0.8530E+00 0.3210E+00 0.1540E+00 0.9500E-01 0.7000E-01 0.4500E-01 0.2300E-01 0.5000E-02 0.0000E+00 0.0000E+00 0.0000E+00 0.0000E+00 0.0000E+00 0.0000E+00 0.0000E+00 0.0000E+00 0.0000E+00 0.0000E+00 0.0000E+00 0.0000E+00 0.0000E+00 0.0000E+00 0.0000E+00 0.0000E+00 0.0000E+00 0.0000E+00 0.4000E+00 0.4850E+00 0.7980E+00 0.6438E+01 0.1619E+01 0.7580E+00 0.4500E+00 0.0000E+00 0.0000E+00 0.0000E+00 0.0000E+00 0.0000E+00 0.0000E+00 0.0000E+00 0.0000E+00 0.0000E+00 0.0000E+00 0.0000E+00 0.0000E+00 0.0000E+00 0.0000E+00 0.0000E+00 0.0000E+00 0.0000E+00 0.0000E+00 0.0000E+00 0.0000E+00 0.0000E+00 0.0000E+00 0.0000E+00
0.6320E+00 0.1360E+00 0.3200E-01 0.0000E+00 0.0000E+00 0.0000E+00 0.0000E+00 0.0000E+00 0.0000E+00 0.0000E+00 0.0000E+00 0.0000E+00 0.0000E+00 0.0000E+00 0.0000E+00 0.0000E+00 0.0000E+00 0.0000E+00 0.0000E+00 0.0000E+00 0.0000E+00 0.0000E+00 0.0000E+00 0.0000E+00 0.0000E+00 0.2700E-01 0.2290E+00 0.4070E+00 0.1310E+01 0.6438E+01 0.1632E+01 0.7490E+00 0.4000E+00 0.0000E+00 0.0000E+00 0.0000E+00 0.0000E+00 0.0000E+00 0.0000E+00 0.0000E+00 0.0000E+00 0.0000E+00 0.0000E+00 0.0000E+00 0.0000E+00 0.0000E+00 0.0000E+00 0.0000E+00 0.0000E+00 0.0000E+00 0.0000E+00 0.0000E+00 0.0000E+00 0.0000E+00 0.0000E+00 0.0000E+00
0.4870E+00 0.1280E+00 0.1300E-01 0.0000E+00 0.0000E+00 0.0000E+00 0.0000E+00 0.0000E+00 0.0000E+00 0.0000E+00 0.0000E+00 0.0000E+00 0.0000E+00 0.0000E+00 0.0000E+00 0.0000E+00 0.0000E+00 0.0000E+00 0.0000E+00 0.0000E+00 0.0000E+00 0.0000E+00 0.0000E+00 0.0000E+00 0.0000E+00 0.2700E-01 0.1980E+00 0.5300E+00 0.1479E+01 0.6612E+01 0.1616E+01 0.7320E+00 0.3740E+00 0.0000E+00 0.0000E+00 0.0000E+00 0.0000E+00 0.0000E+00 0.0000E+00 0.0000E+00 0.0000E+00 0.0000E+00 0.0000E+00 0.0000E+00 0.0000E+00 0.0000E+00 0.0000E+00 0.0000E+00 0.0000E+00 0.0000E+00 0.0000E+00 0.0000E+00 0.0000E+00 0.3600E-01 0.9200E-01 0.1560E+00
0.3080E+00 0.6100E-01 0.0000E+00 0.0000E+00 0.0000E+00 0.0000E+00 0.0000E+00 0.0000E+00 0.0000E+00 0.0000E+00 0.0000E+00 0.0000E+00 0.0000E+00 0.0000E+00 0.0000E+00 0.0000E+00 0.0000E+00 0.0000E+00 0.0000E+00 0.0000E+00 0.0000E+00 0.0000E+00 0.0000E+00 0.0000E+00 0.0000E+00 0.6900E-01 0.4100E+00 0.7580E+00 0.1786E+01 0.6713E+01 0.1401E+01 0.7030E+00 0.3570E+00 0.0000E+00 0.0000E+00 0.0000E+00 0.0000E+00 0.0000E+00 0.0000E+00 0.0000E+00 0.0000E+00 0.0000E+00 0.0000E+00 0.0000E+00 0.3200E-01 0.6400E-01 0.1290E+00 0.1910E+00 0.2170E+00 0.3310E+00 0.4190E+00 0.5200E+00 0.5650E+00 0.5820E+00 0.6180E+00 0.6660E+00
0.1310E+00 0.2800E-01 0.0000E+00 0.0000E+00 0.0000E+00 0.0000E+00 0.0000E+00 0.0000E+00 0.0000E+00 0.0000E+00 0.0000E+00 0.0000E+00 0.0000E+00 0.0000E+00 0.0000E+00 0.0000E+00 0.0000E+00 0.0000E+00 0.0000E+00 0.0000E+00 0.0000E+00 0.0000E+00 0.0000E+00 0.0000E+00 0.0000E+00 0.8200E-01 0.4870E+00 0.1026E+01 0.5329E+01 0.2850E+01 0.1257E+01 0.6450E+00 0.3530E+00 0.0000E+00 0.0000E+00 0.0000E+00 0.0000E+00 0.8000E-02 0.3200E-01 0.6500E-01 0.1140E+00 0.1820E+00 0.2490E+00 0.2930E+00 0.3220E+00 0.4530E+00 0.5480E+00 0.5110E+00 0.6840E+00 0.6730E+00 0.6930E+00 0.8390E+00 0.8910E+00 0.9550E+00 0.9640E+00 0.1168E+01
0.7300E-01 0.3000E-02 0.0000E+00 0.0000E+00 0.0000E+00 0.0000E+00 0.0000E+00 0.0000E+00 0.0000E+00 0.0000E+00 0.0000E+00 0.0000E+00 0.0000E+00 0.0000E+00 0.0000E+00 0.0000E+00 0.0000E+00 0.0000E+00 0.0000E+00 0.0000E+00 0.0000E+00 0.0000E+00 0.0000E+00 0.0000E+00 0.0000E+00 0.6800E-01 0.4490E+00 0.9100E+00 0.3042E+01 0.4999E+01 0.1397E+01 0.6740E+00 0.3770E+00 0.2700E-01 0.0000E+00 0.2000E-01 0.8800E-01 0.1750E+00 0.2250E+00 0.2200E+00 0.3260E+00 0.4530E+00 0.5440E+00 0.4930E+00 0.5030E+00 0.7810E+00 0.8970E+00 0.1042E+01 0.1166E+01 0.1710E+01 0.1884E+01 0.1941E+01 0.2021E+01 0.1858E+01 0.2030E+01 0.2370E+01
0.7500E-01 0.0000E+00 0.0000E+00 0.0000E+00 0.0000E+00 0.0000E+00 0.0000E+00 0.0000E+00 0.0000E+00 0.0000E+00 0.0000E+00 0.0000E+00 0.0000E+00 0.0000E+00 0.0000E+00 0.0000E+00 0.0000E+00 0.0000E+00 0.0000E+00 0.0000E+00 0.0000E+00 0.0000E+00 0.0000E+00 0.0000E+00 0.0000E+00 0.5800E-01 0.3140E+00 0.5970E+00 0.1211E+01 0.6283E+01 0.1530E+01 0.7270E+00 0.4090E+00 0.9500E-01 0.6400E-01 0.1450E+00 0.2640E+00 0.4460E+00 0.4230E+00 0.8380E+00 0.7340E+00 0.9870E+00 0.1047E+01 0.1021E+01 0.1096E+01 0.1694E+01 0.2110E+01 0.5931E+01 0.5598E+01 0.7346E+01 0.7459E+01 0.7655E+01 0.7833E+01 0.7768E+01 0.7616E+01 0.7740E+01
0.3000E-01 0.0000E+00 0.0000E+00 0.0000E+00 0.0000E+00 0.0000E+00 0.0000E+00 0.0000E+00 0.0000E+00 0.0000E+00 0.0000E+00 0.0000E+00 0.0000E+00 0.0000E+00 0.0000E+00 0.0000E+00 0.0000E+00 0.0000E+00 0.0000E+00 0.0000E+00 0.0000E+00 0.0000E+00 0.0000E+00 0.0000E+00 0.0000E+00 0.3000E-01 0.1420E+00 0.2920E+00 0.6820E+00 0.5794E+01 0.1525E+01 0.8330E+00 0.4700E+00 0.2760E+00 0.1960E+00 0.2400E+00 0.4060E+00 0.9730E+00 0.1547E+01 0.2227E+01 0.2966E+01 0.6276E+01 0.5620E+01 0.6083E+01 0.6840E+01 0.7435E+01 0.7630E+01 0.3018E+01 0.1356E+01 0.1261E+01 0.1301E+01 0.1412E+01 0.1457E+01 0.1396E+01 0.1387E+01 0.1261E+01
0.0000E+00 0.0000E+00 0.0000E+00 0.0000E+00 0.0000E+00 0.0000E+00 0.0000E+00 0.0000E+00 0.0000E+00 0.0000E+00 0.5000E-02 0.2700E-01 0.6200E-01 0.1030E+00 0.1270E+00 0.1600E+00 0.1450E+00 0.1320E+00 0.9100E-01 0.4500E-01 0.1100E-01 0.0000E+00 0.0000E+00 0.0000E+00 0.0000E+00 0.7000E-02 0.9500E-01 0.2370E+00 0.4640E+00 0.3411E+01 0.3553E+01 0.1226E+01 0.8560E+00 0.6670E+00 0.4980E+00 0.5620E+00 0.9210E+00 0.2328E+01 0.5054E+01 0.9568E+01 0.7906E+01 0.1754E+01 0.9560E+00 0.9640E+00 0.1148E+01 0.1232E+01 0.1149E+01 0.8660E+00 0.6090E+00 0.5800E+00 0.6000E+00 0.5910E+00 0.6470E+00 0.6370E+00 0.6020E+00 0.5470E+00
0.0000E+00 0.0000E+00 0.0000E+00 0.0000E+00 0.0000E+00 0.1900E-01 0.4300E-01 0.7700E-01 0.1190E+00 0.1720E+00 0.2270E+00 0.2770E+00 0.2920E+00 0.3220E+00 0.3340E+00 0.3520E+00 0.3310E+00 0.2740E+00 0.1970E+00 0.1250E+00 0.6500E-01 0.1400E-01 0.0000E+00 0.0000E+00 0.0000E+00 0.0000E+00 0.6000E-01 0.2080E+00 0.3690E+00 0.7220E+00 0.5565E+01 0.1640E+01 0.1311E+01 0.1331E+01 0.1268E+01 0.2262E+01 0.4036E+01 0.9158E+01 0.7110E+01 0.1835E+01 0.1353E+01 0.8400E+00 0.5080E+00 0.3750E+00 0.4350E+00 0.4640E+00 0.4540E+00 0.4330E+00 0.3790E+00 0.3590E+00 0.3450E+00 0.3260E+00 0.2940E+00 0.3460E+00 0.2670E+00 0.1720E+00
