Data/rwc_PM25_RR2025_2002.asc
NCOLS          280
NROWS          320
XLLCORNER            0
YLLCORNER       300000
CELLSIZE         1000
NODATA_VALUE  -0.9990E+03
[rows 200 to 224 of 320, columns 112 to 167 of 280]
0.0000E+00 0.0000E+00 0.0000E+00 0.0000E+00 0.0000E+00 0.0000E+00 0.3000E-03 0.2300E-02 0.8900E-02 0.1650E-01 0.3410E-01 0.1319E+00 0.3080E-01 0.1380E-01 0.6000E-02 0.0000E+00 0.0000E+00 0.0000E+00 0.0000E+00 0.0000E+00 0.0000E+00 0.0000E+00 0.0000E+00 0.0000E+00 0.0000E+00 0.0000E+00 0.0000E+00 0.0000E+00 0.0000E+00 0.0000E+00 0.0000E+00 0.8200E-02 0.1680E-01 0.3630E-01 0.1254E+00 0.2136E+00 0.6000E-01 0.3250E-01 0.1460E-01 0.5900E-02 0.3500E-02 0.0000E+00 0.0000E+00 0.0000E+00 0.0000E+00 0.0000E+00 0.0000E+00 0.9000E-03 0.1800E-02 0.2900E-02 0.2900E-02 0.3700E-02 0.4400E-02 0.5300E-02 0.5600E-02 0.6400E-02
0.0000E+00 0.0000E+00 0.0000E+00 0.0000E+00 0.0000E+00 0.4000E-03 0.1400E-02 0.4600E-02 0.1110E-01 0.2220E-01 0.7500E-01 0.1022E+00 0.2410E-01 0.1060E-01 0.4400E-02 0.0000E+00 0.0000E+00 0.0000E+00 0.0000E+00 0.0000E+00 0.0000E+00 0.0000E+00 0.0000E+00 0.0000E+00 0.0000E+00 0.0000E+00 0.0000E+00 0.0000E+00 0.0000E+00 0.0000E+00 0.0000E+00 0.3100E-02 0.1100E-01 0.2140E-01 0.2310E-01 0.1449E+00 0.1614E+00 0.5540E-01 0.2680E-01 0.1450E-01 0.5900E-02 0.1100E-02 0.0000E+00 0.0000E+00 0.3000E-03 0.1100E-02 0.2500E-02 0.4500E-02 0.6900E-02 0.9300E-02 0.7500E-02 0.7800E-02 0.8900E-02 0.9000E-02 0.1030E-01 0.1340E-01
0.0000E+00 0.0000E+00 0.0000E+00 0.0000E+00 0.0000E+00 0.1300E-02 0.2900E-02 0.7600E-02 0.1440E-01 0.3150E-01 0.1439E+00 0.3530E-01 0.1510E-01 0.7300E-02 0.2800E-02 0.0000E+00 0.0000E+00 0.0000E+00 0.0000E+00 0.0000E+00 0.0000E+00 0.0000E+00 0.0000E+00 0.0000E+00 0.0000E+00 0.0000E+00 0.0000E+00 0.0000E+00 0.0000E+00 0.0000E+00 0.0000E+00 0.1400E-02 0.7600E-02 0.1280E-01 0.1400E-01 0.5100E-01 0.2358E+00 0.9230E-01 0.4500E-01 0.2350E-01 0.1210E-01 0.5300E-02 0.2900E-02 0.1400E-02 0.2700E-02 0.4600E-02 0.7300E-02 0.1070E-01 0.1260E-01 0.1890E-01 0.2300E-01 0.2020E-01 0.2010E-01 0.2050E-01 0.2970E-01 0.3030E-01
0.0000E+00 0.0000E+00 0.0000E+00 0.0000E+00 0.0000E+00 0.2000E-02 0.4300E-02 0.1130E-01 0.2250E-01 0.7870E-01 0.9370E-01 0.2290E-01 0.9700E-02 0.4300E-02 0.1500E-02 0.0000E+00 0.0000E+00 0.0000E+00 0.0000E+00 0.0000E+00 0.0000E+00 0.0000E+00 0.0000E+00 0.0000E+00 0.0000E+00 0.0000E+00 0.0000E+00 0.0000E+00 0.0000E+00 0.0000E+00 0.0000E+00 0.1100E-02 0.5100E-02 0.1240E-01 0.2190E-01 0.3080E-01 0.6110E-01 0.2514E+00 0.4520E-01 0.3120E-01 0.1970E-01 0.1120E-01 0.8200E-02 0.6200E-02 0.7500E-02 0.1060E-01 0.1410E-01 0.1890E-01 0.1650E-01 0.4070E-01 0.1321E+00 0.1079E+00 0.8860E-01 0.9380E-01 0.1271E+00 0.1053E+00
0.0000E+00 0.0000E+00 0.0000E+00 0.0000E+00 0.0000E+00 0.2800E-02 0.6600E-02 0.1740E-01 0.8770E-01 0.9600E-01 0.2690E-01 0.1410E-01 0.6100E-02 0.2100E-02 0.6000E-03 0.0000E+00 0.0000E+00 0.0000E+00 0.0000E+00 0.0000E+00 0.0000E+00 0.0000E+00 0.0000E+00 0.2000E-03 0.9000E-03 0.1500E-02 0.2300E-02 0.3000E-02 0.3200E-02 0.2900E-02 0.2800E-02 0.2400E-02 0.4600E-02 0.1000E-01 0.2020E-01 0.3060E-01 0.3020E-01 0.8380E-01 0.1631E+00 0.5520E-01 0.3300E-01 0.1560E-01 0.1490E-01 0.1120E-01 0.1310E-01 0.1940E-01 0.1860E-01 0.6270E-01 0.1202E+00 0.1398E+00 0.3330E-01 0.1680E-01 0.1430E-01 0.1710E-01 0.2860E-01 0.1273E+00
0.0000E+00 0.0000E+00 0.0000E+00 0.0000E+00 0.0000E+00 0.4700E-02 0.9800E-02 0.2350E-01 0.1328E+00 0.3730E-01 0.2210E-01 0.1650E-01 0.9600E-02 0.7900E-02 0.6700E-02 0.6900E-02 0.7100E-02 0.6700E-02 0.6200E-02 0.5500E-02 0.4900E-02 0.4300E-02 0.3900E-02 0.4400E-02 0.4900E-02 0.5000E-02 0.6500E-02 0.7700E-02 0.8000E-02 0.7500E-02 0.7300E-02 0.7400E-02 0.9900E-02 0.1620E-01 0.2080E-01 0.9240E-01 0.1079E+00 0.9950E-01 0.1335E+00 0.2250E+00 0.4020E-01 0.2250E-01 0.2240E-01 0.2470E-01 0.2790E-01 0.9560E-01 0.1039E+00 0.8710E-01 0.2970E-01 0.2250E-01 0.1470E-01 0.1100E-01 0.1250E-01 0.1610E-01 0.2450E-01 0.1021E+00
0.0000E+00 0.1000E-03 0.7000E-03 0.1600E-02 0.3000E-02 0.8300E-02 0.1080E-01 0.1760E-01 0.1066E+00 0.3680E-01 0.2380E-01 0.1840E-01 0.1120E-01 0.1050E-01 0.1050E-01 0.1110E-01 0.1140E-01 0.1100E-01 0.1020E-01 0.8600E-02 0.7200E-02 0.6400E-02 0.6300E-02 0.7300E-02 0.8300E-02 0.9500E-02 0.1340E-01 0.1840E-01 0.1770E-01 0.1160E-01 0.9600E-02 0.1120E-01 0.1660E-01 0.2880E-01 0.1022E+00 0.6470E-01 0.2780E-01 0.2210E-01 0.3000E-01 0.1095E+00 0.1472E+00 0.4890E-01 0.9610E-01 0.9280E-01 0.1040E+00 0.2470E-01 0.2070E-01 0.1830E-01 0.1220E-01 0.1040E-01 0.8000E-02 0.6900E-02 0.8900E-02 0.1260E-01 0.1830E-01 0.8100E-01
0.9000E-03 0.1800E-02 0.3200E-02 0.5100E-02 0.8100E-02 0.1030E-01 0.1450E-01 0.2160E-01 0.1215E+00 0.4860E-01 0.3390E-01 0.2740E-01 0.1520E-01 0.2070E-01 0.2200E-01 0.2390E-01 0.2430E-01 0.2380E-01 0.1610E-01 0.1070E-01 0.1040E-01 0.1220E-01 0.1340E-01 0.1730E-01 0.1740E-01 0.1620E-01 0.4840E-01 0.9460E-01 0.7360E-01 0.1930E-01 0.1500E-01 0.1590E-01 0.3470E-01 0.1249E+00 0.2870E-01 0.1330E-01 0.1420E-01 0.1570E-01 0.2150E-01 0.3450E-01 0.2203E+00 0.1429E+00 0.3790E-01 0.2390E-01 0.1560E-01 0.1110E-01 0.9900E-02 0.7600E-02 0.5500E-02 0.4600E-02 0.3100E-02 0.1800E-02 0.3400E-02 0.6000E-02 0.9800E-02 0.4360E-01
0.3900E-02 0.5800E-02 0.8000E-02 0.1090E-01 0.1600E-01 0.2620E-01 0.3290E-01 0.3440E-01 0.2070E+00 0.1127E+00 0.9670E-01 0.9410E-01 0.6810E-01 0.9080E-01 0.8860E-01 0.8910E-01 0.9540E-01 0.9540E-01 0.9380E-01 0.5760E-01 0.5250E-01 0.6680E-01 0.6590E-01 0.9110E-01 0.7280E-01 0.6590E-01 0.4030E-01 0.1460E-01 0.3170E-01 0.7420E-01 0.7790E-01 0.8560E-01 0.1291E+00 0.4270E-01 0.1250E-01 0.8800E-02 0.9600E-02 0.1420E-01 0.2050E-01 0.3590E-01 0.2130E+00 0.5920E-01 0.2680E-01 0.1540E-01 0.7200E-02 0.5200E-02 0.3700E-02 0.3100E-02 0.1900E-02 0.1200E-02 0.4000E-03 0.0000E+00 0.1400E-02 0.4200E-02 0.9200E-02 0.1990E-01
0.1040E-01 0.8200E-02 0.1220E-01 0.2330E-01 0.4500E-01 0.1073E+00 0.1183E+00 0.1399E+00 0.1336E+00 0.3990E-01 0.2910E-01 0.2160E-01 0.1110E-01 0.1790E-01 0.1780E-01 0.1830E-01 0.1980E-01 0.1860E-01 0.1610E-01 0.8500E-02 0.7900E-02 0.8400E-02 0.1020E-01 0.1280E-01 0.9600E-02 0.8100E-02 0.7800E-02 0.8400E-02 0.9300E-02 0.1150E-01 0.1410E-01 0.1710E-01 0.1810E-01 0.1290E-01 0.1130E-01 0.1090E-01 0.1200E-01 0.1910E-01 0.2950E-01 0.6390E-01 0.2113E+00 0.3900E-01 0.1880E-01 0.7000E-02 0.2800E-02 0.1800E-02 0.1200E-02 0.6000E-03 0.0000E+00 0.0000E+00 0.0000E+00 0.0000E+00 0.6000E-03 0.3300E-02 0.8000E-02 0.1560E-01
0.1890E-01 0.1720E-01 0.7740E-01 0.9830E-01 0.7810E-01 0.3100E-01 0.4040E-01 0.1301E+00 0.4360E-01 0.2660E-01 0.1900E-01 0.1340E-01 0.8000E-02 0.7100E-02 0.7800E-02 0.7900E-02 0.7900E-02 0.4100E-02 0.6200E-02 0.4000E-02 0.3900E-02 0.4100E-02 0.4300E-02 0.5000E-02 0.5600E-02 0.5200E-02 0.5200E-02 0.4900E-02 0.5000E-02 0.6100E-02 0.7400E-02 0.7700E-02 0.7300E-02 0.6700E-02 0.1010E-01 0.1480E-01 0.2710E-01 0.6570E-01 0.2057E+00 0.2050E+00 0.6620E-01 0.2140E-01 0.1110E-01 0.3800E-02 0.4000E-03 0.0000E+00 0.0000E+00 0.0000E+00 0.0000E+00 0.0000E+00 0.0000E+00 0.0000E+00 0.2000E-03 0.2700E-02 0.8500E-02 0.1330E-01
0.1016E+00 0.1160E+00 0.2960E-01 0.2070E-01 0.1630E-01 0.1220E-01 0.1530E-01 0.8700E-01 0.3650E-01 0.2430E-01 0.1600E-01 0.1010E-01 0.4900E-02 0.5100E-02 0.5300E-02 0.5500E-02 0.5200E-02 0.3000E-02 0.2400E-02 0.2500E-02 0.3500E-02 0.3400E-02 0.2800E-02 0.2600E-02 0.2200E-02 0.1900E-02 0.2000E-02 0.1800E-02 0.1900E-02 0.2600E-02 0.3300E-02 0.4100E-02 0.4600E-02 0.4900E-02 0.8700E-02 0.1450E-01 0.5980E-01 0.2413E+00 0.6670E-01 0.4320E-01 0.2680E-01 0.6200E-02 0.3900E-02 0.2900E-02 0.0000E+00 0.0000E+00 0.0000E+00 0.0000E+00 0.0000E+00 0.0000E+00 0.2000E-03 0.9000E-03 0.2000E-02 0.4900E-02 0.1060E-01 0.1580E-01
0.5790E-01 0.2310E-01 0.1400E-01 0.9300E-02 0.8300E-02 0.8200E-02 0.1080E-01 0.2520E-01 0.1029E+00 0.2520E-01 0.1110E-01 0.3800E-02 0.0000E+00 0.0000E+00 0.0000E+00 0.0000E+00 0.0000E+00 0.0000E+00 0.0000E+00 0.0000E+00 0.0000E+00 0.0000E+00 0.0000E+00 0.0000E+00 0.0000E+00 0.0000E+00 0.0000E+00 0.0000E+00 0.0000E+00 0.2000E-03 0.6000E-03 0.1700E-02 0.3100E-02 0.5600E-02 0.1250E-01 0.3780E-01 0.4510E-01 0.1526E+00 0.4710E-01 0.2660E-01 0.1760E-01 0.5200E-02 0.2800E-02 0.1400E-02 0.0000E+00 0.0000E+00 0.0000E+00 0.0000E+00 0.5000E-03 0.1000E-02 0.3100E-02 0.5000E-02 0.7300E-02 0.1070E-01 0.1120E-01 0.2230E-01
0.1600E-01 0.1090E-01 0.7300E-02 0.5300E-02 0.4300E-02 0.6200E-02 0.7700E-02 0.2040E-01 0.1187E+00 0.2100E-01 0.8800E-02 0.3300E-02 0.0000E+00 0.0000E+00 0.0000E+00 0.0000E+00 0.0000E+00 0.0000E+00 0.0000E+00 0.0000E+00 0.0000E+00 0.0000E+00 0.0000E+00 0.0000E+00 0.0000E+00 0.0000E+00 0.0000E+00 0.1000E-03 0.4000E-03 0.8000E-03 0.1300E-02 0.3800E-02 0.6900E-02 0.1550E-01 0.5360E-01 0.3170E-01 0.2190E-01 0.1405E+00 0.4180E-01 0.2220E-01 0.9200E-02 0.2400E-02 0.1300E-02 0.1000E-03 0.0000E+00 0.0000E+00 0.0000E+00 0.4000E-03 0.1200E-02 0.1800E-02 0.3700E-02 0.9600E-02 0.1380E-01 0.1990E-01 0.2960E-01 0.3700E-01
0.7000E-02 0.4800E-02 0.3200E-02 0.2000E-02 0.3200E-02 0.6000E-02 0.1010E-01 0.5380E-01 0.7610E-01 0.1660E-01 0.6200E-02 0.2300E-02 0.0000E+00 0.0000E+00 0.0000E+00 0.0000E+00 0.0000E+00 0.0000E+00 0.0000E+00 0.0000E+00 0.0000E+00 0.0000E+00 0.0000E+00 0.0000E+00 0.0000E+00 0.0000E+00 0.1000E-03 0.5000E-03 0.1300E-02 0.1900E-02 0.4500E-02 0.7200E-02 0.1230E-01 0.6200E-01 0.1530E-01 0.1190E-01 0.2100E-01 0.1481E+00 0.3980E-01 0.1070E-01 0.7900E-02 0.2700E-02 0.0000E+00 0.0000E+00 0.0000E+00 0.0000E+00 0.0000E+00 0.5000E-03 0.2000E-02 0.5400E-02 0.1110E-01 0.2320E-01 0.3120E-01 0.5830E-01 0.1122E+00 0.1149E+00
0.2700E-02 0.2300E-02 0.2000E-02 0.2700E-02 0.4800E-02 0.8100E-02 0.1680E-01 0.9510E-01 0.1620E-01 0.8800E-02 0.3000E-02 0.1100E-02 0.0000E+00 0.0000E+00 0.0000E+00 0.0000E+00 0.0000E+00 0.0000E+00 0.0000E+00 0.0000E+00 0.0000E+00 0.0000E+00 0.0000E+00 0.0000E+00 0.0000E+00 0.1000E-03 0.4000E-03 0.1100E-02 0.2400E-02 0.4700E-02 0.8000E-02 0.1200E-01 0.4410E-01 0.2580E-01 0.1160E-01 0.1480E-01 0.2610E-01 0.1518E+00 0.3970E-01 0.1760E-01 0.1460E-01 0.5900E-02 0.1800E-02 0.0000E+00 0.0000E+00 0.0000E+00 0.0000E+00 0.8000E-03 0.3900E-02 0.7600E-02 0.2400E-01 0.1183E+00 0.1122E+00 0.8130E-01 0.1620E-01 0.1520E-01
0.1000E-02 0.6000E-03 0.1700E-02 0.4100E-02 0.8000E-02 0.1640E-01 0.9560E-01 0.2150E-01 0.8400E-02 0.4200E-02 0.1900E-02 0.7000E-03 0.0000E+00 0.0000E+00 0.0000E+00 0.0000E+00 0.0000E+00 0.0000E+00 0.0000E+00 0.0000E+00 0.0000E+00 0.0000E+00 0.0000E+00 0.0000E+00 0.2000E-03 0.5000E-03 0.1500E-02 0.3100E-02 0.4900E-02 0.1060E-01 0.2880E-01 0.5770E-01 0.1300E-01 0.6600E-02 0.7900E-02 0.1180E-01 0.2020E-01 0.5160E-01 0.1303E+00 0.3200E-01 0.1600E-01 0.8500E-02 0.3800E-02 0.1100E-02 0.0000E+00 0.0000E+00 0.0000E+00 0.7000E-03 0.4600E-02 0.1220E-01 0.7310E-01 0.4300E-01 0.2080E-01 0.1300E-01 0.8300E-02 0.7200E-02
0.1800E-02 0.1000E-02 0.2800E-02 0.5200E-02 0.1340E-01 0.6300E-01 0.7630E-01 0.1360E-01 0.5700E-02 0.3100E-02 0.1200E-02 0.4000E-03 0.0000E+00 0.0000E+00 0.0000E+00 0.0000E+00 0.0000E+00 0.0000E+00 0.0000E+00 0.0000E+00 0.0000E+00 0.0000E+00 0.0000E+00 0.1000E-03 0.7000E-03 0.9000E-03 0.1600E-02 0.4400E-02 0.1080E-01 0.3530E-01 0.5070E-01 0.1180E-01 0.6100E-02 0.3400E-02 0.4900E-02 0.8300E-02 0.8400E-02 0.2500E-01 0.1533E+00 0.4360E-01 0.2500E-01 0.1280E-01 0.5900E-02 0.2100E-02 0.0000E+00 0.0000E+00 0.0000E+00 0.9000E-03 0.3800E-02 0.1270E-01 0.3850E-01 0.7580E-01 0.1590E-01 0.9000E-02 0.5800E-02 0.4700E-02
0.3000E-02 0.1600E-02 0.3900E-02 0.1070E-01 0.6210E-01 0.7810E-01 0.1480E-01 0.6800E-02 0.3100E-02 0.1600E-02 0.4000E-03 0.0000E+00 0.0000E+00 0.0000E+00 0.0000E+00 0.0000E+00 0.0000E+00 0.0000E+00 0.0000E+00 0.0000E+00 0.0000E+00 0.0000E+00 0.0000E+00 0.6000E-03 0.1600E-02 0.2700E-02 0.5600E-02 0.1170E-01 0.3910E-01 0.4810E-01 0.1330E-01 0.3000E-02 0.2900E-02 0.1800E-02 0.2200E-02 0.5200E-02 0.9400E-02 0.1310E-01 0.3340E-01 0.1533E+00 0.3800E-01 0.1850E-01 0.7500E-02 0.3700E-02 0.0000E+00 0.0000E+00 0.6000E-03 0.2800E-02 0.7700E-02 0.1370E-01 0.1700E-01 0.1071E+00 0.1790E-01 0.9700E-02 0.5500E-02 0.1200E-02
0.4600E-02 0.2300E-02 0.5000E-02 0.1310E-01 0.8740E-01 0.1920E-01 0.8100E-02 0.4100E-02 0.1900E-02 0.7000E-03 0.0000E+00 0.0000E+00 0.0000E+00 0.0000E+00 0.0000E+00 0.0000E+00 0.0000E+00 0.0000E+00 0.0000E+00 0.0000E+00 0.0000E+00 0.0000E+00 0.3000E-03 0.1500E-02 0.3100E-02 0.5400E-02 0.7800E-02 0.4670E-01 0.4930E-01 0.1410E-01 0.6800E-02 0.3000E-02 0.1700E-02 0.1000E-02 0.5000E-03 0.2700E-02 0.5900E-02 0.8300E-02 0.1290E-01 0.5780E-01 0.1138E+00 0.2610E-01 0.8400E-02 0.4900E-02 0.0000E+00 0.0000E+00 0.1600E-02 0.4500E-02 0.1020E-01 0.1720E-01 0.3140E-01 0.1152E+00 0.2270E-01 0.6300E-02 0.3100E-02 0.0000E+00
0.5700E-02 0.3500E-02 0.9100E-02 0.6070E-01 0.4650E-01 0.1830E-01 0.1520E-01 0.1190E-01 0.7400E-02 0.6300E-02 0.4700E-02 0.4100E-02 0.5400E-02 0.3300E-02 0.1100E-02 0.2000E-03 0.0000E+00 0.0000E+00 0.0000E+00 0.0000E+00 0.0000E+00 0.1000E-03 0.7000E-03 0.1700E-02 0.5400E-02 0.7000E-02 0.3400E-01 0.5520E-01 0.8300E-02 0.3500E-02 0.1700E-02 0.1600E-02 0.7000E-03 0.2000E-03 0.0000E+00 0.1200E-02 0.3500E-02 0.6000E-02 0.9200E-02 0.1810E-01 0.1186E+00 0.3190E-01 0.1370E-01 0.8100E-02 0.1000E-02 0.0000E+00 0.2400E-02 0.5900E-02 0.1370E-01 0.3050E-01 0.1222E+00 0.3390E-01 0.1480E-01 0.6000E-02 0.2300E-02 0.0000E+00
0.7400E-02 0.5400E-02 0.1070E-01 0.7620E-01 0.2220E-01 0.2050E-01 0.2040E-01 0.1640E-01 0.1570E-01 0.1120E-01 0.1000E-01 0.9500E-02 0.1050E-01 0.9400E-02 0.4300E-02 0.3200E-02 0.1900E-02 0.9000E-03 0.0000E+00 0.0000E+00 0.0000E+00 0.7000E-03 0.2200E-02 0.4600E-02 0.8700E-02 0.1800E-01 0.8560E-01 0.2220E-01 0.6100E-02 0.2700E-02 0.1000E-02 0.5000E-03 0.1000E-03 0.0000E+00 0.0000E+00 0.1000E-03 0.1600E-02 0.6300E-02 0.1030E-01 0.2870E-01 0.1485E+00 0.2640E-01 0.1800E-01 0.1050E-01 0.2800E-02 0.0000E+00 0.3500E-02 0.4000E-02 0.1310E-01 0.1064E+00 0.6040E-01 0.2000E-01 0.1100E-01 0.3900E-02 0.1500E-02 0.0000E+00
0.1040E-01 0.8900E-02 0.1370E-01 0.7630E-01 0.2300E-01 0.3530E-01 0.3680E-01 0.3620E-01 0.3650E-01 0.3340E-01 0.2270E-01 0.2920E-01 0.2080E-01 0.1500E-01 0.1420E-01 0.1070E-01 0.7600E-02 0.7500E-02 0.6300E-02 0.5700E-02 0.5800E-02 0.6000E-02 0.7200E-02 0.1020E-01 0.2720E-01 0.1074E+00 0.4000E-01 0.2060E-01 0.9800E-02 0.4500E-02 0.2200E-02 0.6000E-03 0.0000E+00 0.0000E+00 0.0000E+00 0.0000E+00 0.2000E-03 0.5700E-02 0.1190E-01 0.2740E-01 0.1470E+00 0.2960E-01 0.1600E-01 0.1280E-01 0.4700E-02 0.1100E-02 0.4800E-02 0.5500E-02 0.1200E-01 0.1161E+00 0.2790E-01 0.1500E-01 0.9000E-02 0.2300E-02 0.7000E-03 0.0000E+00
0.1680E-01 0.2170E-01 0.1980E-01 0.1000E+00 0.1052E+00 0.1402E+00 0.1406E+00 0.1406E+00 0.1460E+00 0.1534E+00 0.1430E+00 0.1325E+00 0.4710E-01 0.3250E-01 0.3200E-01 0.2200E-01 0.1160E-01 0.1050E-01 0.1040E-01 0.8900E-02 0.8900E-02 0.9200E-02 0.1080E-01 0.1640E-01 0.7060E-01 0.1239E+00 0.4070E-01 0.1690E-01 0.1380E-01 0.9500E-02 0.5200E-02 0.4200E-02 0.3000E-02 0.1300E-02 0.0000E+00 0.0000E+00 0.0000E+00 0.4500E-02 0.9900E-02 0.1900E-01 0.7360E-01 0.1182E+00 0.3070E-01 0.1620E-01 0.7800E-02 0.3900E-02 0.6600E-02 0.6500E-02 0.1770E-01 0.9330E-01 0.2580E-01 0.1010E-01 0.7100E-02 0.1000E-02 0.0000E+00 0.0000E+00
0.2240E-01 0.2920E-01 0.2870E-01 0.1513E+00 0.9360E-01 0.2930E-01 0.3200E-01 0.3100E-01 0.3210E-01 0.3120E-01 0.2950E-01 0.1880E-01 0.7780E-01 0.1418E+00 0.1531E+00 0.3750E-01 0.2250E-01 0.2160E-01 0.2130E-01 0.1950E-01 0.1870E-01 0.1870E-01 0.2060E-01 0.3660E-01 0.2075E+00 0.1415E+00 0.1101E+00 0.3090E-01 0.1760E-01 0.1710E-01 0.1500E-01 0.1320E-01 0.9100E-02 0.6300E-02 0.3100E-02 0.1900E-02 0.3000E-03 0.2800E-02 0.7700E-02 0.9800E-02 0.1920E-01 0.1448E+00 0.3840E-01 0.2250E-01 0.1240E-01 0.6400E-02 0.8900E-02 0.1090E-01 0.2200E-01 0.9680E-01 0.2510E-01 0.7700E-02 0.5300E-02 0.2000E-03 0.0000E+00 0.0000E+00
