Data/rwc_O3_RR2030_2002.asc
NCOLS          280
NROWS          320
XLLCORNER            0
YLLCORNER       300000
CELLSIZE         1000
NODATA_VALUE  -0.9990E+03
[rows 168 to 191 of 320, columns 165 to 219 of 280]
-0.6370E+00 -0.5910E+00 -0.5730E+00 -0.5990E+00 -0.7160E+00 -0.2024E+01 -0.5750E+00 -0.1780E+00 -0.9600E-01 -0.1500E-01 -0.1900E-01 -0.5400E-01 -0.7800E-01 -0.1220E+00 -0.1270E+00 -0.1590E+00 -0.1800E+00 -0.1940E+00 -0.2320E+00 -0.2730E+00 -0.3020E+00 -0.3030E+00 -0.3230E+00 -0.2860E+00 -0.3710E+00 -0.5230E+00 -0.9510E+00 -0.3740E+01 -0.9910E+00 -0.4500E+00 -0.2410E+00 -0.6800E-01 0.0000E+00 0.0000E+00 0.0000E+00 0.0000E+00 0.0000E+00 0.0000E+00 0.0000E+00 0.0000E+00 0.0000E+00 0.0000E+00 0.0000E+00 0.0000E+00 0.0000E+00 0.0000E+00 0.0000E+00 0.0000E+00 0.0000E+00 0.0000E+00 0.0000E+00 0.0000E+00 0.0000E+00 0.0000E+00 0.0000E+00
-0.2295E+01 -0.1963E+01 -0.1963E+01 -0.1147E+01 -0.9560E+00 -0.1887E+01 -0.4730E+00 -0.2530E+00 -0.1810E+00 -0.1250E+00 -0.1340E+00 -0.1900E+00 -0.2310E+00 -0.2820E+00 -0.2500E+00 -0.2460E+00 -0.3130E+00 -0.3590E+00 -0.3970E+00 -0.4650E+00 -0.5510E+00 -0.6180E+00 -0.6720E+00 -0.5020E+00 -0.4960E+00 -0.6690E+00 -0.1056E+01 -0.3738E+01 -0.8070E+00 -0.4970E+00 -0.2550E+00 -0.3600E-01 0.0000E+00 0.0000E+00 0.0000E+00 0.0000E+00 0.0000E+00 0.0000E+00 0.0000E+00 0.0000E+00 0.0000E+00 0.0000E+00 0.0000E+00 0.0000E+00 0.0000E+00 0.0000E+00 0.0000E+00 0.0000E+00 0.0000E+00 0.0000E+00 0.0000E+00 0.0000E+00 0.0000E+00 0.0000E+00 0.0000E+00
-0.2560E+00 -0.2730E+00 -0.3550E+00 -0.2011E+01 -0.2747E+01 -0.1965E+01 -0.5610E+00 -0.3380E+00 -0.2440E+00 -0.1970E+00 -0.2260E+00 -0.2650E+00 -0.4670E+00 -0.6410E+00 -0.6460E+00 -0.5040E+00 -0.5600E+00 -0.6300E+00 -0.8660E+00 -0.1077E+01 -0.1079E+01 -0.2958E+01 -0.1972E+01 -0.8570E+00 -0.8660E+00 -0.8560E+00 -0.1138E+01 -0.3633E+01 -0.8750E+00 -0.3570E+00 -0.2300E+00 -0.3600E-01 0.0000E+00 0.0000E+00 0.0000E+00 0.0000E+00 0.0000E+00 0.0000E+00 0.0000E+00 0.0000E+00 0.0000E+00 0.0000E+00 0.0000E+00 0.0000E+00 0.0000E+00 0.0000E+00 0.0000E+00 0.0000E+00 0.0000E+00 0.0000E+00 0.0000E+00 0.0000E+00 0.0000E+00 0.0000E+00 0.0000E+00
-0.1240E+00 -0.1320E+00 -0.2230E+00 -0.4880E+00 -0.1262E+01 -0.3706E+01 -0.1665E+01 -0.5010E+00 -0.4310E+00 -0.4200E+00 -0.4900E+00 -0.5320E+00 -0.1726E+01 -0.2900E+01 -0.2605E+01 -0.2393E+01 -0.2667E+01 -0.2599E+01 -0.2829E+01 -0.4482E+01 -0.4230E+01 -0.1851E+01 -0.2679E+01 -0.3634E+01 -0.3546E+01 -0.1938E+01 -0.2913E+01 -0.1169E+01 -0.6040E+00 -0.3270E+00 -0.1800E+00 -0.5200E-01 -0.1000E-02 0.0000E+00 0.0000E+00 0.0000E+00 0.0000E+00 0.0000E+00 0.0000E+00 0.0000E+00 0.0000E+00 0.0000E+00 0.0000E+00 0.0000E+00 0.0000E+00 0.0000E+00 0.0000E+00 0.0000E+00 0.0000E+00 0.0000E+00 0.0000E+00 0.0000E+00 0.0000E+00 0.0000E+00 0.0000E+00
-0.7900E-01 -0.9100E-01 -0.1800E+00 -0.3450E+00 -0.5280E+00 -0.7990E+00 -0.2264E+01 -0.2587E+01 -0.1891E+01 -0.2207E+01 -0.2153E+01 -0.2409E+01 -0.1749E+01 -0.6290E+00 -0.4460E+00 -0.4740E+00 -0.7360E+00 -0.9080E+00 -0.1095E+01 -0.3100E+01 -0.1077E+01 -0.6320E+00 -0.5550E+00 -0.5740E+00 -0.6660E+00 -0.2698E+01 -0.3532E+01 -0.3160E+01 -0.1051E+01 -0.4130E+00 -0.2060E+00 -0.1030E+00 -0.4100E-01 -0.1200E-01 0.0000E+00 0.0000E+00 0.0000E+00 0.0000E+00 0.0000E+00 0.0000E+00 0.0000E+00 0.0000E+00 0.0000E+00 0.0000E+00 0.0000E+00 0.0000E+00 0.0000E+00 0.0000E+00 0.0000E+00 0.0000E+00 0.0000E+00 0.0000E+00 0.0000E+00 0.0000E+00 0.0000E+00
-0.1200E-01 -0.2500E-01 -0.5800E-01 -0.1740E+00 -0.2720E+00 -0.3840E+00 -0.5180E+00 -0.5190E+00 -0.4100E+00 -0.2970E+00 -0.3110E+00 -0.3380E+00 -0.2970E+00 -0.2670E+00 -0.2830E+00 -0.4560E+00 -0.6790E+00 -0.9160E+00 -0.2640E+01 -0.2434E+01 -0.6890E+00 -0.3440E+00 -0.2920E+00 -0.2700E+00 -0.3520E+00 -0.4230E+00 -0.5730E+00 -0.5490E+00 -0.2325E+01 -0.4750E+00 -0.2630E+00 -0.1930E+00 -0.1340E+00 -0.6100E-01 -0.1500E-01 0.0000E+00 0.0000E+00 0.0000E+00 0.0000E+00 0.0000E+00 0.0000E+00 0.0000E+00 0.0000E+00 0.0000E+00 0.0000E+00 0.0000E+00 0.0000E+00 0.0000E+00 0.0000E+00 0.0000E+00 0.0000E+00 0.0000E+00 0.0000E+00 0.0000E+00 0.0000E+00
0.0000E+00 -0.2000E-02 -0.3400E-01 -0.7600E-01 -0.1240E+00 -0.1690E+00 -0.2120E+00 -0.2230E+00 -0.2000E+00 -0.1410E+00 -0.1380E+00 -0.1460E+00 -0.1540E+00 -0.2080E+00 -0.3460E+00 -0.5530E+00 -0.1133E+01 -0.3280E+01 -0.2228E+01 -0.5840E+00 -0.2870E+00 -0.2150E+00 -0.1750E+00 -0.1450E+00 -0.1580E+00 -0.2040E+00 -0.2210E+00 -0.3140E+00 -0.1850E+01 -0.6500E+00 -0.3800E+00 -0.3770E+00 -0.2440E+00 -0.1680E+00 -0.9100E-01 -0.2500E-01 0.0000E+00 0.0000E+00 0.0000E+00 0.0000E+00 0.0000E+00 0.0000E+00 0.0000E+00 0.0000E+00 0.0000E+00 0.0000E+00 0.0000E+00 0.0000E+00 0.0000E+00 0.0000E+00 0.0000E+00 0.0000E+00 0.0000E+00 0.0000E+00 0.0000E+00
0.0000E+00 0.0000E+00 0.0000E+00 -0.1800E-01 -0.4400E-01 -0.6400E-01 -0.8900E-01 -0.9800E-01 -0.1050E+00 -0.1010E+00 -0.8100E-01 -0.5800E-01 -0.7600E-01 -0.1490E+00 -0.2440E+00 -0.8130E+00 -0.3755E+01 -0.9900E+00 -0.4200E+00 -0.2240E+00 -0.9400E-01 -0.4500E-01 -0.3400E-01 -0.3200E-01 -0.4400E-01 -0.6400E-01 -0.9300E-01 -0.1700E+00 -0.3260E+00 -0.2130E+01 -0.1393E+01 -0.5390E+00 -0.5360E+00 -0.3390E+00 -0.2530E+00 -0.1450E+00 -0.8400E-01 -0.5000E-01 -0.2000E-02 0.0000E+00 0.0000E+00 0.0000E+00 0.0000E+00 0.0000E+00 0.0000E+00 0.0000E+00 0.0000E+00 0.0000E+00 0.0000E+00 0.0000E+00 0.0000E+00 0.0000E+00 0.0000E+00 0.0000E+00 0.0000E+00
0.0000E+00 0.0000E+00 0.0000E+00 0.0000E+00 0.0000E+00 0.0000E+00 0.0000E+00 0.0000E+00 0.0000E+00 0.0000E+00 0.0000E+00 0.0000E+00 -0.4500E-01 -0.1170E+00 -0.2660E+00 -0.2252E+01 -0.7980E+00 -0.4340E+00 -0.2390E+00 -0.1440E+00 -0.6600E-01 -0.2700E-01 -0.8000E-02 0.0000E+00 0.0000E+00 -0.1700E-01 -0.3600E-01 -0.8400E-01 -0.1630E+00 -0.2780E+00 -0.1903E+01 -0.2389E+01 -0.8810E+00 -0.6350E+00 -0.4720E+00 -0.3660E+00 -0.2830E+00 -0.2080E+00 -0.1190E+00 -0.5700E-01 -0.3000E-02 0.0000E+00 0.0000E+00 0.0000E+00 0.0000E+00 -0.1000E-02 -0.1000E-02 -0.1000E-02 -0.1000E-02 -0.1000E-02 -0.4000E-02 -0.1000E-01 -0.1600E-01 -0.2700E-01 -0.5400E-01
0.0000E+00 0.0000E+00 0.0000E+00 0.0000E+00 0.0000E+00 0.0000E+00 0.0000E+00 0.0000E+00 0.0000E+00 0.0000E+00 0.0000E+00 0.0000E+00 -0.6000E-01 -0.1260E+00 -0.4080E+00 -0.1436E+01 -0.2426E+01 -0.5760E+00 -0.2660E+00 -0.1450E+00 -0.2600E-01 -0.7000E-02 0.0000E+00 0.0000E+00 0.0000E+00 -0.8000E-02 -0.2300E-01 -0.5500E-01 -0.9300E-01 -0.2640E+00 -0.6480E+00 -0.2424E+01 -0.2469E+01 -0.9180E+00 -0.9130E+00 -0.6920E+00 -0.4900E+00 -0.3680E+00 -0.2320E+00 -0.1350E+00 -0.5900E-01 -0.3500E-01 -0.2400E-01 -0.4300E-01 -0.6800E-01 -0.1070E+00 -0.1220E+00 -0.1470E+00 -0.1480E+00 -0.7500E-01 -0.7200E-01 -0.6900E-01 -0.6600E-01 -0.8100E-01 -0.1510E+00
0.0000E+00 0.0000E+00 0.0000E+00 0.0000E+00 0.0000E+00 0.0000E+00 0.0000E+00 0.0000E+00 0.0000E+00 0.0000E+00 0.0000E+00 0.0000E+00 -0.6300E-01 -0.2420E+00 -0.4080E+00 -0.1283E+01 -0.2190E+01 -0.6150E+00 -0.3110E+00 -0.9100E-01 -0.2000E-02 0.0000E+00 0.0000E+00 0.0000E+00 0.0000E+00 0.0000E+00 -0.9000E-02 -0.3200E-01 -0.8500E-01 -0.1290E+00 -0.2160E+00 -0.5390E+00 -0.1450E+01 -0.2490E+01 -0.3083E+01 -0.1244E+01 -0.1015E+01 -0.6210E+00 -0.3870E+00 -0.2470E+00 -0.1540E+00 -0.1140E+00 -0.9700E-01 -0.1050E+00 -0.1470E+00 -0.1970E+00 -0.1230E+00 -0.2210E+00 -0.2340E+00 -0.1310E+00 -0.1180E+00 -0.1180E+00 -0.1060E+00 -0.1890E+00 -0.3180E+00
0.0000E+00 -0.1100E-01 -0.2500E-01 -0.4000E-01 -0.5700E-01 -0.9600E-01 -0.1060E+00 -0.9500E-01 -0.6100E-01 -0.2900E-01 -0.6000E-02 0.0000E+00 -0.5900E-01 -0.2340E+00 -0.3940E+00 -0.2035E+01 -0.9080E+00 -0.5850E+00 -0.3260E+00 -0.1410E+00 0.0000E+00 0.0000E+00 0.0000E+00 0.0000E+00 0.0000E+00 0.0000E+00 0.0000E+00 -0.1700E-01 -0.6700E-01 -0.1240E+00 -0.1030E+00 -0.2520E+00 -0.2680E+00 -0.3280E+00 -0.4910E+00 -0.3176E+01 -0.3329E+01 -0.1058E+01 -0.7130E+00 -0.4320E+00 -0.2930E+00 -0.1670E+00 -0.2410E+00 -0.2990E+00 -0.3830E+00 -0.4330E+00 -0.5140E+00 -0.5560E+00 -0.4740E+00 -0.4920E+00 -0.3190E+00 -0.3290E+00 -0.2650E+00 -0.9150E+00 -0.1208E+01
-0.2080E+00 -0.1900E+00 -0.1700E+00 -0.2080E+00 -0.2430E+00 -0.2610E+00 -0.2740E+00 -0.2460E+00 -0.2100E+00 -0.1900E+00 -0.1900E+00 -0.1800E+00 -0.2190E+00 -0.4130E+00 -0.5700E+00 -0.1099E+01 -0.2597E+01 -0.8760E+00 -0.4200E+00 -0.1990E+00 0.0000E+00 0.0000E+00 0.0000E+00 0.0000E+00 0.0000E+00 0.0000E+00 0.0000E+00 0.0000E+00 -0.1900E-01 -0.4900E-01 -0.6900E-01 -0.1370E+00 -0.1100E+00 -0.1460E+00 -0.2830E+00 -0.5820E+00 -0.4280E+00 -0.2326E+01 -0.1972E+01 -0.7930E+00 -0.3350E+00 -0.2130E+00 -0.3680E+00 -0.6370E+00 -0.1737E+01 -0.2031E+01 -0.1902E+01 -0.1790E+01 -0.1667E+01 -0.1805E+01 -0.1833E+01 -0.1812E+01 -0.1760E+01 -0.6250E+00 -0.2650E+00
-0.3030E+00 -0.2890E+00 -0.1530E+00 -0.2020E+00 -0.4200E+00 -0.5680E+00 -0.3790E+00 -0.4010E+00 -0.3200E+00 -0.2940E+00 -0.3040E+00 -0.2720E+00 -0.2870E+00 -0.5540E+00 -0.6610E+00 -0.1036E+01 -0.3314E+01 -0.1061E+01 -0.5400E+00 -0.2610E+00 -0.4000E-02 -0.4000E-02 -0.5000E-02 -0.5000E-02 -0.8000E-02 -0.6000E-02 -0.4000E-02 0.0000E+00 0.0000E+00 -0.7000E-02 -0.3000E-01 -0.6000E-01 -0.9800E-01 -0.1190E+00 -0.1920E+00 -0.1920E+00 -0.1980E+00 -0.2810E+00 -0.1305E+01 -0.2561E+01 -0.5720E+00 -0.3980E+00 -0.6430E+00 -0.2005E+01 -0.1174E+01 -0.5410E+00 -0.4270E+00 -0.3850E+00 -0.3630E+00 -0.3950E+00 -0.3610E+00 -0.3570E+00 -0.3130E+00 -0.1980E+00 -0.1430E+00
-0.6920E+00 -0.5930E+00 -0.4560E+00 -0.6090E+00 -0.1755E+01 -0.2141E+01 -0.1981E+01 -0.9430E+00 -0.5520E+00 -0.5880E+00 -0.6370E+00 -0.5930E+00 -0.3720E+00 -0.8590E+00 -0.1034E+01 -0.1386E+01 -0.3521E+01 -0.1254E+01 -0.6230E+00 -0.3410E+00 -0.9100E-01 -0.4500E-01 -0.4600E-01 -0.7700E-01 -0.8300E-01 -0.5300E-01 -0.2700E-01 -0.5000E-02 -0.3000E-02 0.0000E+00 0.0000E+00 0.0000E+00 -0.2600E-01 -0.6300E-01 -0.9100E-01 -0.1280E+00 -0.1090E+00 -0.1700E+00 -0.3680E+00 -0.1172E+01 -0.3201E+01 -0.1496E+01 -0.2254E+01 -0.1079E+01 -0.4740E+00 -0.2740E+00 -0.2030E+00 -0.1010E+00 -0.9800E-01 -0.1620E+00 -0.1440E+00 -0.1470E+00 -0.1320E+00 -0.1110E+00 -0.7300E-01
-0.2313E+01 -0.2219E+01 -0.1613E+01 -0.2037E+01 -0.1122E+01 -0.5360E+00 -0.5480E+00 -0.1633E+01 -0.1547E+01 -0.2109E+01 -0.2147E+01 -0.2168E+01 -0.2052E+01 -0.2199E+01 -0.2523E+01 -0.2527E+01 -0.3716E+01 -0.1132E+01 -0.6130E+00 -0.4020E+00 -0.1000E+00 -0.8900E-01 -0.1020E+00 -0.1460E+00 -0.1430E+00 -0.7800E-01 -0.2900E-01 -0.8000E-02 -0.4000E-02 0.0000E+00 0.0000E+00 0.0000E+00 0.0000E+00 0.0000E+00 -0.1500E-01 -0.4100E-01 -0.8400E-01 -0.1470E+00 -0.2480E+00 -0.4500E+00 -0.7820E+00 -0.3075E+01 -0.1736E+01 -0.5480E+00 -0.3260E+00 -0.1900E+00 -0.1030E+00 -0.5900E-01 -0.5800E-01 -0.6600E-01 -0.9200E-01 -0.8200E-01 -0.6500E-01 -0.4400E-01 -0.2500E-01
-0.4110E+00 -0.3770E+00 -0.2460E+00 -0.3870E+00 -0.3050E+00 -0.2530E+00 -0.2810E+00 -0.3330E+00 -0.2720E+00 -0.4100E+00 -0.4250E+00 -0.4900E+00 -0.5950E+00 -0.4970E+00 -0.1055E+01 -0.3372E+01 -0.4301E+01 -0.1237E+01 -0.7760E+00 -0.4940E+00 -0.3200E+00 -0.3710E+00 -0.3120E+00 -0.5890E+00 -0.2270E+00 -0.1070E+00 -0.4000E-01 -0.1100E-01 -0.4000E-02 0.0000E+00 0.0000E+00 0.0000E+00 0.0000E+00 0.0000E+00 0.0000E+00 -0.6000E-02 -0.3500E-01 -0.8600E-01 -0.1620E+00 -0.2090E+00 -0.3460E+00 -0.5680E+00 -0.1320E+01 -0.9510E+00 -0.2210E+00 -0.7000E-01 -0.2100E-01 -0.2000E-02 0.0000E+00 0.0000E+00 0.0000E+00 0.0000E+00 0.0000E+00 0.0000E+00 0.0000E+00
-0.2050E+00 -0.1920E+00 -0.1730E+00 -0.1540E+00 -0.1390E+00 -0.1310E+00 -0.1420E+00 -0.1520E+00 -0.1670E+00 -0.1720E+00 -0.2120E+00 -0.3060E+00 -0.4910E+00 -0.8420E+00 -0.2397E+01 -0.3374E+01 -0.1404E+01 -0.2225E+01 -0.1694E+01 -0.6740E+00 -0.1115E+01 -0.1548E+01 -0.1428E+01 -0.1150E+01 -0.4230E+00 -0.2930E+00 -0.5700E-01 -0.1100E-01 -0.4000E-02 0.0000E+00 0.0000E+00 0.0000E+00 0.0000E+00 0.0000E+00 0.0000E+00 0.0000E+00 -0.5000E-02 -0.3500E-01 -0.8300E-01 -0.1410E+00 -0.1990E+00 -0.2430E+00 -0.9990E+03 -0.1910E+00 -0.1180E+00 -0.4800E-01 -0.7000E-02 0.0000E+00 0.0000E+00 0.0000E+00 0.0000E+00 0.0000E+00 0.0000E+00 0.0000E+00 0.0000E+00
-0.1310E+00 -0.1040E+00 -0.9300E-01 -0.5200E-01 -0.3500E-01 -0.3100E-01 -0.6300E-01 -0.7500E-01 -0.8900E-01 -0.8500E-01 -0.2300E+00 -0.3680E+00 -0.5540E+00 -0.1051E+01 -0.2942E+01 -0.1159E+01 -0.6950E+00 -0.5540E+00 -0.9150E+00 -0.1757E+01 -0.1177E+01 -0.3230E+00 -0.3840E+00 -0.2050E+00 -0.9400E-01 -0.4500E-01 -0.2300E-01 -0.7000E-02 -0.2000E-02 0.0000E+00 0.0000E+00 0.0000E+00 0.0000E+00 0.0000E+00 0.0000E+00 0.0000E+00 0.0000E+00 0.0000E+00 -0.2400E-01 -0.4500E-01 -0.7000E-01 -0.8200E-01 -0.9990E+03 -0.9990E+03 -0.5400E-01 -0.1700E-01 -0.5000E-02 0.0000E+00 0.0000E+00 0.0000E+00 0.0000E+00 0.0000E+00 0.0000E+00 0.0000E+00 0.0000E+00
0.0000E+00 0.0000E+00 0.0000E+00 0.0000E+00 0.0000E+00 0.0000E+00 0.0000E+00 0.0000E+00 -0.1400E-01 -0.7900E-01 -0.2140E+00 -0.3530E+00 -0.7640E+00 -0.2863E+01 -0.2010E+01 -0.7580E+00 -0.4450E+00 -0.3070E+00 -0.2910E+00 -0.2720E+00 -0.1510E+00 -0.9400E-01 -0.1230E+00 -0.9600E-01 -0.6500E-01 -0.3900E-01 -0.1800E-01 -0.4000E-02 -0.2000E-02 0.0000E+00 0.0000E+00 0.0000E+00 0.0000E+00 0.0000E+00 0.0000E+00 0.0000E+00 0.0000E+00 0.0000E+00 0.0000E+00 -0.7000E-02 -0.1500E-01 -0.1700E-01 -0.1600E-01 -0.9990E+03 -0.1100E-01 -0.8000E-02 -0.4000E-02 0.0000E+00 0.0000E+00 0.0000E+00 0.0000E+00 0.0000E+00 0.0000E+00 0.0000E+00 0.0000E+00
0.0000E+00 0.0000E+00 0.0000E+00 0.0000E+00 0.0000E+00 0.0000E+00 0.0000E+00 0.0000E+00 -0.3300E-01 -0.1220E+00 -0.3190E+00 -0.7070E+00 -0.1420E+01 -0.3745E+01 -0.7500E+00 -0.5960E+00 -0.4170E+00 -0.3000E+00 -0.1940E+00 -0.1500E+00 -0.1250E+00 -0.7800E-01 -0.6100E-01 -0.3300E-01 -0.3200E-01 -0.2000E-01 -0.9000E-02 -0.3000E-02 -0.1000E-02 0.0000E+00 0.0000E+00 0.0000E+00 0.0000E+00 0.0000E+00 0.0000E+00 0.0000E+00 0.0000E+00 0.0000E+00 0.0000E+00 0.0000E+00 0.0000E+00 0.0000E+00 0.0000E+00 0.0000E+00 -0.9990E+03 0.0000E+00 0.0000E+00 0.0000E+00 0.0000E+00 0.0000E+00 0.0000E+00 0.0000E+00 0.0000E+00 0.0000E+00 0.0000E+00
0.0000E+00 0.0000E+00 0.0000E+00 0.0000E+00 0.0000E+00 0.0000E+00 0.0000E+00 -0.1500E-01 -0.6500E-01 -0.1950E+00 -0.4820E+00 -0.1397E+01 -0.4204E+01 -0.2018E+01 -0.1153E+01 -0.4010E+00 -0.2610E+00 -0.2600E+00 -0.1940E+00 -0.1140E+00 -0.3700E-01 -0.2000E-01 -0.1200E-01 -0.4000E-02 -0.1000E-02 -0.1000E-02 0.0000E+00 0.0000E+00 0.0000E+00 0.0000E+00 0.0000E+00 0.0000E+00 0.0000E+00 0.0000E+00 0.0000E+00 0.0000E+00 0.0000E+00 0.0000E+00 0.0000E+00 0.0000E+00 0.0000E+00 0.0000E+00 0.0000E+00 0.0000E+00 -0.9990E+03 -0.9990E+03 -0.9990E+03 -0.9990E+03 -0.9990E+03 -0.9990E+03 -0.9990E+03 -0.9990E+03 0.0000E+00 0.0000E+00 0.0000E+00
0.0000E+00 0.0000E+00 0.0000E+00 0.0000E+00 0.0000E+00 0.0000E+00 0.0000E+00 -0.3500E-01 -0.9700E-01 -0.1780E+00 -0.7100E+00 -0.2289E+01 -0.3509E+01 -0.3160E+01 -0.2404E+01 -0.1196E+01 -0.5020E+00 -0.5320E+00 -0.2440E+00 -0.6100E-01 -0.8000E-02 0.0000E+00 0.0000E+00 0.0000E+00 0.0000E+00 0.0000E+00 0.0000E+00 0.0000E+00 0.0000E+00 0.0000E+00 0.0000E+00 0.0000E+00 0.0000E+00 0.0000E+00 0.0000E+00 0.0000E+00 0.0000E+00 0.0000E+00 0.0000E+00 0.0000E+00 0.0000E+00 0.0000E+00 0.0000E+00 0.0000E+00 -0.9990E+03 -0.9990E+03 -0.9990E+03 -0.9990E+03 -0.9990E+03 -0.9990E+03 -0.9990E+03 -0.9990E+03 -0.9990E+03 0.0000E+00 0.0000E+00
0.0000E+00 0.0000E+00 0.0000E+00 0.0000E+00 0.0000E+00 0.0000E+00 0.0000E+00 -0.5800E-01 -0.1450E+00 -0.3950E+00 -0.9730E+00 -0.2944E+01 -0.1129E+01 -0.9660E+00 -0.8170E+00 -0.2098E+01 -0.2944E+01 -0.1509E+01 -0.2020E+00 -0.8100E-01 -0.1100E-01 0.0000E+00 0.0000E+00 0.0000E+00 0.0000E+00 0.0000E+00 0.0000E+00 0.0000E+00 0.0000E+00 0.0000E+00 0.0000E+00 0.0000E+00 0.0000E+00 0.0000E+00 0.0000E+00 0.0000E+00 -0.9990E+03 -0.9990E+03 -0.9990E+03 -0.9990E+03 -0.9990E+03 0.0000E+00 0.0000E+00 0.0000E+00 -0.9990E+03 -0.9990E+03 -0.9990E+03 -0.9990E+03 -0.9990E+03 -0.9990E+03 -0.9990E+03 -0.9990E+03 -0.9990E+03 -0.9990E+03 -0.9990E+03
