Data/rwc_PM10_RR2020_2002.asc
NCOLS          280
NROWS          320
XLLCORNER            0
YLLCORNER       300000
CELLSIZE         1000
NODATA_VALUE  -0.9990E+03
[rows 25 to 49 of 320, columns 224 to 279 of 280]
0.0000E+00 0.0000E+00 0.0000E+00 0.0000E+00 0.0000E+00 0.0000E+00 0.0000E+00 0.0000E+00 0.0000E+00 0.0000E+00 0.0000E+00 0.0000E+00 0.0000E+00 0.0000E+00 0.0000E+00 0.0000E+00 0.0000E+00 0.0000E+00 0.0000E+00 0.0000E+00 0.0000E+00 0.0000E+00 0.0000E+00 0.0000E+00 0.0000E+00 0.1000E-03 0.1100E-02 0.2700E-02 0.4700E-02 0.1780E-01 0.3520E-01 0.5700E-02 0.2200E-02 0.1000E-02 0.0000E+00 0.0000E+00 0.0000E+00 0.0000E+00 0.0000E+00 0.0000E+00 0.0000E+00 0.0000E+00 0.0000E+00 0.0000E+00 0.0000E+00 0.0000E+00 0.0000E+00 0.0000E+00 0.0000E+00 0.0000E+00 0.0000E+00 0.0000E+00 -0.9990E+03 -0.9990E+03 -0.9990E+03 -0.9990E+03
0.0000E+00 0.0000E+00 0.0000E+00 0.0000E+00 0.0000E+00 0.0000E+00 0.0000E+00 0.0000E+00 0.0000E+00 0.0000E+00 0.0000E+00 0.0000E+00 0.0000E+00 0.0000E+00 0.0000E+00 0.0000E+00 0.0000E+00 0.0000E+00 0.0000E+00 0.0000E+00 0.0000E+00 0.0000E+00 0.0000E+00 0.0000E+00 0.0000E+00 0.4000E-03 0.1300E-02 0.2600E-02 0.3000E-02 0.5800E-02 0.4660E-01 0.6800E-02 0.2600E-02 0.1000E-02 0.0000E+00 0.0000E+00 0.0000E+00 0.0000E+00 0.0000E+00 0.0000E+00 0.0000E+00 0.0000E+00 0.0000E+00 0.0000E+00 0.0000E+00 0.0000E+00 0.0000E+00 0.0000E+00 0.0000E+00 0.0000E+00 0.0000E+00 0.0000E+00 -0.9990E+03 -0.9990E+03 -0.9990E+03 -0.9990E+03
0.0000E+00 0.0000E+00 0.0000E+00 0.0000E+00 0.0000E+00 0.0000E+00 0.0000E+00 0.0000E+00 0.0000E+00 0.0000E+00 0.0000E+00 0.0000E+00 0.0000E+00 0.0000E+00 0.0000E+00 0.0000E+00 0.0000E+00 0.0000E+00 0.0000E+00 0.0000E+00 0.0000E+00 0.0000E+00 0.0000E+00 0.0000E+00 0.0000E+00 0.6000E-03 0.1800E-02 0.4400E-02 0.6600E-02 0.1110E-01 0.4850E-01 0.9500E-02 0.3300E-02 0.1200E-02 0.0000E+00 0.0000E+00 0.0000E+00 0.0000E+00 0.0000E+00 0.0000E+00 0.0000E+00 0.0000E+00 0.0000E+00 0.0000E+00 0.0000E+00 0.0000E+00 0.0000E+00 0.0000E+00 0.0000E+00 0.0000E+00 0.0000E+00 0.0000E+00 -0.9990E+03 -0.9990E+03 -0.9990E+03 -0.9990E+03
0.0000E+00 0.0000E+00 0.0000E+00 0.0000E+00 0.0000E+00 0.0000E+00 0.0000E+00 0.0000E+00 0.0000E+00 0.0000E+00 0.0000E+00 0.0000E+00 0.0000E+00 0.0000E+00 0.0000E+00 0.0000E+00 0.0000E+00 0.0000E+00 0.0000E+00 0.0000E+00 0.0000E+00 0.0000E+00 0.0000E+00 0.0000E+00 0.0000E+00 0.8000E-03 0.2300E-02 0.6800E-02 0.3460E-01 0.4820E-01 0.3960E-01 0.8100E-02 0.3100E-02 0.1200E-02 0.0000E+00 0.0000E+00 0.0000E+00 0.0000E+00 0.0000E+00 0.0000E+00 0.0000E+00 0.0000E+00 0.0000E+00 0.0000E+00 0.0000E+00 0.0000E+00 0.0000E+00 0.0000E+00 0.0000E+00 0.0000E+00 0.0000E+00 0.0000E+00 -0.9990E+03 -0.9990E+03 -0.9990E+03 -0.9990E+03
0.0000E+00 0.0000E+00 0.0000E+00 0.0000E+00 0.0000E+00 0.0000E+00 0.0000E+00 0.0000E+00 0.0000E+00 0.0000E+00 0.0000E+00 0.0000E+00 0.0000E+00 0.0000E+00 0.0000E+00 0.0000E+00 0.0000E+00 0.0000E+00 0.0000E+00 0.0000E+00 0.0000E+00 0.0000E+00 0.0000E+00 0.0000E+00 0.0000E+00 0.9000E-03 0.2500E-02 0.8100E-02 0.5090E-01 0.1590E-01 0.1040E-01 0.6000E-02 0.2900E-02 0.1300E-02 0.0000E+00 0.0000E+00 0.0000E+00 0.0000E+00 0.0000E+00 0.0000E+00 0.0000E+00 0.0000E+00 0.0000E+00 0.0000E+00 0.0000E+00 0.0000E+00 0.0000E+00 0.0000E+00 0.0000E+00 0.0000E+00 0.0000E+00 0.0000E+00 -0.9990E+03 -0.9990E+03 -0.9990E+03 -0.9990E+03
0.0000E+00 0.0000E+00 0.0000E+00 0.0000E+00 0.0000E+00 0.0000E+00 0.0000E+00 0.0000E+00 0.0000E+00 0.0000E+00 0.0000E+00 0.0000E+00 0.0000E+00 0.0000E+00 0.0000E+00 0.0000E+00 0.0000E+00 0.0000E+00 0.0000E+00 0.0000E+00 0.0000E+00 0.0000E+00 0.0000E+00 0.0000E+00 0.0000E+00 0.8000E-03 0.2400E-02 0.6400E-02 0.2640E-01 0.4410E-01 0.1160E-01 0.6600E-02 0.3000E-02 0.1500E-02 0.0000E+00 0.0000E+00 0.0000E+00 0.0000E+00 0.0000E+00 0.0000E+00 0.0000E+00 0.0000E+00 0.0000E+00 0.0000E+00 0.0000E+00 0.0000E+00 0.0000E+00 0.0000E+00 0.0000E+00 0.0000E+00 0.0000E+00 0.0000E+00 0.0000E+00 -0.9990E+03 -0.9990E+03 -0.9990E+03
0.0000E+00 0.0000E+00 0.0000E+00 0.0000E+00 0.0000E+00 0.0000E+00 0.0000E+00 0.0000E+00 0.0000E+00 0.0000E+00 0.0000E+00 0.0000E+00 0.0000E+00 0.0000E+00 0.0000E+00 0.0000E+00 0.0000E+00 0.0000E+00 0.0000E+00 0.0000E+00 0.0000E+00 0.0000E+00 0.0000E+00 0.0000E+00 0.0000E+00 0.6000E-03 0.1800E-02 0.4300E-02 0.6900E-02 0.3430E-01 0.3440E-01 0.8600E-02 0.3800E-02 0.1600E-02 0.0000E+00 0.0000E+00 0.0000E+00 0.0000E+00 0.0000E+00 0.0000E+00 0.0000E+00 0.0000E+00 0.0000E+00 0.0000E+00 0.0000E+00 0.0000E+00 0.0000E+00 0.0000E+00 0.0000E+00 0.0000E+00 0.0000E+00 0.0000E+00 0.0000E+00 -0.9990E+03 -0.9990E+03 -0.9990E+03
0.0000E+00 0.0000E+00 0.0000E+00 0.0000E+00 0.0000E+00 0.0000E+00 0.0000E+00 0.0000E+00 0.0000E+00 0.0000E+00 0.0000E+00 0.0000E+00 0.0000E+00 0.0000E+00 0.0000E+00 0.0000E+00 0.0000E+00 0.0000E+00 0.0000E+00 0.0000E+00 0.0000E+00 0.0000E+00 0.0000E+00 0.0000E+00 0.0000E+00 0.4000E-03 0.1000E-02 0.2900E-02 0.4900E-02 0.9900E-02 0.5300E-01 0.1000E-01 0.3900E-02 0.1800E-02 0.0000E+00 0.0000E+00 0.0000E+00 0.0000E+00 0.0000E+00 0.0000E+00 0.0000E+00 0.0000E+00 0.0000E+00 0.0000E+00 0.0000E+00 0.0000E+00 0.0000E+00 0.0000E+00 0.0000E+00 0.0000E+00 0.0000E+00 0.0000E+00 0.0000E+00 -0.9990E+03 -0.9990E+03 -0.9990E+03
0.0000E+00 0.0000E+00 0.0000E+00 0.0000E+00 0.0000E+00 0.0000E+00 0.0000E+00 0.0000E+00 0.0000E+00 0.0000E+00 0.0000E+00 0.0000E+00 0.0000E+00 0.0000E+00 0.0000E+00 0.0000E+00 0.0000E+00 0.0000E+00 0.0000E+00 0.0000E+00 0.0000E+00 0.0000E+00 0.0000E+00 0.0000E+00 0.0000E+00 0.1000E-03 0.5000E-03 0.2400E-02 0.3900E-02 0.7600E-02 0.5210E-01 0.1010E-01 0.4100E-02 0.2000E-02 0.0000E+00 0.0000E+00 0.0000E+00 0.0000E+00 0.0000E+00 0.0000E+00 0.0000E+00 0.0000E+00 0.0000E+00 0.0000E+00 0.0000E+00 0.0000E+00 0.0000E+00 0.0000E+00 0.0000E+00 0.0000E+00 0.0000E+00 0.0000E+00 0.0000E+00 -0.9990E+03 -0.9990E+03 -0.9990E+03
0.0000E+00 0.0000E+00 0.0000E+00 0.0000E+00 0.0000E+00 0.0000E+00 0.0000E+00 0.0000E+00 0.0000E+00 0.1000E-03 0.3000E-03 0.4000E-03 0.6000E-03 0.9000E-03 0.1000E-02 0.7000E-03 0.4000E-03 0.0000E+00 0.0000E+00 0.0000E+00 0.0000E+00 0.0000E+00 0.0000E+00 0.0000E+00 0.0000E+00 0.0000E+00 0.1000E-03 0.2100E-02 0.3200E-02 0.5300E-02 0.4480E-01 0.9400E-02 0.4000E-02 0.2200E-02 0.0000E+00 0.0000E+00 0.0000E+00 0.0000E+00 0.0000E+00 0.0000E+00 0.0000E+00 0.0000E+00 0.0000E+00 0.0000E+00 0.0000E+00 0.0000E+00 0.0000E+00 0.0000E+00 0.0000E+00 0.0000E+00 0.0000E+00 0.0000E+00 0.0000E+00 -0.9990E+03 -0.9990E+03 -0.9990E+03
0.0000E+00 0.0000E+00 0.0000E+00 0.0000E+00 0.0000E+00 0.0000E+00 0.0000E+00 0.0000E+00 0.7000E-03 0.1500E-02 0.2900E-02 0.4300E-02 0.5600E-02 0.5800E-02 0.5600E-02 0.3300E-02 0.1600E-02 0.0000E+00 0.0000E+00 0.0000E+00 0.0000E+00 0.0000E+00 0.0000E+00 0.0000E+00 0.0000E+00 0.0000E+00 0.0000E+00 0.1900E-02 0.3000E-02 0.7000E-02 0.4500E-01 0.9400E-02 0.4100E-02 0.2300E-02 0.1000E-03 0.0000E+00 0.0000E+00 0.0000E+00 0.0000E+00 0.0000E+00 0.0000E+00 0.0000E+00 0.0000E+00 0.0000E+00 0.0000E+00 0.0000E+00 0.0000E+00 0.0000E+00 0.0000E+00 0.0000E+00 0.0000E+00 0.0000E+00 0.0000E+00 -0.9990E+03 -0.9990E+03 -0.9990E+03
0.9000E-03 0.2500E-02 0.4100E-02 0.5800E-02 0.7200E-02 0.5100E-02 0.4900E-02 0.4100E-02 0.4600E-02 0.6400E-02 0.1020E-01 0.1420E-01 0.1750E-01 0.1860E-01 0.1720E-01 0.1150E-01 0.8100E-02 0.4900E-02 0.3000E-02 0.2300E-02 0.1100E-02 0.0000E+00 0.0000E+00 0.0000E+00 0.0000E+00 0.0000E+00 0.0000E+00 0.1700E-02 0.3300E-02 0.7300E-02 0.4300E-01 0.9600E-02 0.4100E-02 0.2700E-02 0.5000E-03 0.0000E+00 0.0000E+00 0.0000E+00 0.0000E+00 0.0000E+00 0.0000E+00 0.0000E+00 0.0000E+00 0.0000E+00 0.0000E+00 0.0000E+00 0.0000E+00 0.0000E+00 0.0000E+00 0.0000E+00 0.0000E+00 0.0000E+00 0.0000E+00 0.0000E+00 -0.9990E+03 -0.9990E+03
0.1440E-01 0.1700E-01 0.2140E-01 0.2360E-01 0.2400E-01 0.1860E-01 0.1290E-01 0.1140E-01 0.1250E-01 0.1580E-01 0.2130E-01 0.3450E-01 0.5990E-01 0.9060E-01 0.3180E-01 0.2230E-01 0.1830E-01 0.1500E-01 0.1160E-01 0.8500E-02 0.5500E-02 0.3100E-02 0.7000E-03 0.0000E+00 0.0000E+00 0.0000E+00 0.0000E+00 0.1500E-02 0.3300E-02 0.7800E-02 0.4780E-01 0.1080E-01 0.5700E-02 0.4100E-02 0.2400E-02 0.2200E-02 0.2700E-02 0.2400E-02 0.1900E-02 0.9000E-03 0.0000E+00 0.0000E+00 0.0000E+00 0.0000E+00 0.0000E+00 0.0000E+00 0.0000E+00 0.0000E+00 0.0000E+00 0.0000E+00 0.0000E+00 0.0000E+00 0.0000E+00 0.0000E+00 -0.9990E+03 -0.9990E+03
0.3120E-01 0.3390E-01 0.3740E-01 0.5040E-01 0.4320E-01 0.2980E-01 0.2830E-01 0.1960E-01 0.2150E-01 0.3480E-01 0.6050E-01 0.2201E+00 0.1791E+00 0.2125E+00 0.5710E-01 0.3690E-01 0.3570E-01 0.3500E-01 0.1740E-01 0.1740E-01 0.1280E-01 0.8200E-02 0.3900E-02 0.1200E-02 0.0000E+00 0.0000E+00 0.0000E+00 0.1200E-02 0.2800E-02 0.6800E-02 0.3820E-01 0.2350E-01 0.9700E-02 0.7500E-02 0.7700E-02 0.8000E-02 0.1020E-01 0.8700E-02 0.5800E-02 0.3200E-02 0.1400E-02 0.1000E-03 0.0000E+00 0.0000E+00 0.0000E+00 0.0000E+00 0.0000E+00 0.1000E-03 0.4000E-03 0.7000E-03 0.1200E-02 0.1700E-02 0.1900E-02 0.2000E-02 -0.9990E+03 -0.9990E+03
0.7180E-01 0.6530E-01 0.8160E-01 0.2106E+00 0.2787E+00 0.1689E+00 0.5360E-01 0.3960E-01 0.5000E-01 0.2410E+00 0.2887E+00 0.1463E+00 0.1761E+00 0.1593E+00 0.2455E+00 0.6430E-01 0.1592E+00 0.1802E+00 0.5320E-01 0.3810E-01 0.2500E-01 0.1600E-01 0.9100E-02 0.4400E-02 0.1400E-02 0.0000E+00 0.0000E+00 0.8000E-03 0.2800E-02 0.5600E-02 0.1120E-01 0.5430E-01 0.1680E-01 0.1470E-01 0.1760E-01 0.2360E-01 0.2580E-01 0.1830E-01 0.1060E-01 0.6100E-02 0.3100E-02 0.1000E-02 0.0000E+00 0.0000E+00 0.0000E+00 0.0000E+00 0.2000E-03 0.7000E-03 0.1400E-02 0.2400E-02 0.3600E-02 0.4500E-02 0.4700E-02 0.4100E-02 -0.9990E+03 -0.9990E+03
0.2984E+00 0.2822E+00 0.3117E+00 0.1578E+00 0.5800E-01 0.1102E+00 0.2576E+00 0.1987E+00 0.1858E+00 0.1992E+00 0.5310E-01 0.3770E-01 0.3590E-01 0.3840E-01 0.5120E-01 0.2133E+00 0.8910E-01 0.5620E-01 0.2567E+00 0.1389E+00 0.4940E-01 0.2710E-01 0.1630E-01 0.1060E-01 0.8000E-02 0.7600E-02 0.8000E-02 0.9000E-02 0.1180E-01 0.1240E-01 0.1360E-01 0.5770E-01 0.2480E-01 0.2570E-01 0.4050E-01 0.1110E+00 0.1288E+00 0.4020E-01 0.2080E-01 0.8900E-02 0.7400E-02 0.5200E-02 0.2900E-02 0.1500E-02 0.4000E-03 0.3000E-03 0.9000E-03 0.1800E-02 0.3300E-02 0.5100E-02 0.8500E-02 0.1210E-01 0.1130E-01 0.1040E-01 -0.9990E+03 -0.9990E+03
0.4800E-01 0.4860E-01 0.4370E-01 0.3400E-01 0.2640E-01 0.2750E-01 0.3150E-01 0.3040E-01 0.3290E-01 0.1489E+00 0.1466E+00 0.4640E-01 0.3510E-01 0.2640E-01 0.2400E-01 0.2500E-01 0.2300E-01 0.2180E-01 0.4240E-01 0.1888E+00 0.1781E+00 0.4140E-01 0.2560E-01 0.1540E-01 0.1250E-01 0.1270E-01 0.1410E-01 0.1520E-01 0.1860E-01 0.2040E-01 0.2630E-01 0.7100E-01 0.4440E-01 0.6410E-01 0.1825E+00 0.8190E-01 0.6250E-01 0.1683E+00 0.4100E-01 0.1980E-01 0.1240E-01 0.9400E-02 0.6800E-02 0.4200E-02 0.2300E-02 0.2200E-02 0.2600E-02 0.4200E-02 0.7000E-02 0.1310E-01 0.2780E-01 0.6850E-01 0.5350E-01 0.6120E-01 0.7900E-02 -0.9990E+03
0.2370E-01 0.2080E-01 0.1780E-01 0.1590E-01 0.1380E-01 0.1300E-01 0.1320E-01 0.1440E-01 0.1960E-01 0.4210E-01 0.2304E+00 0.1489E+00 0.3230E-01 0.1780E-01 0.1500E-01 0.1260E-01 0.1210E-01 0.1290E-01 0.2040E-01 0.3500E-01 0.1468E+00 0.2094E+00 0.3990E-01 0.2760E-01 0.2630E-01 0.3000E-01 0.3400E-01 0.3620E-01 0.3890E-01 0.3510E-01 0.4170E-01 0.1556E+00 0.1643E+00 0.1582E+00 0.3670E-01 0.2190E-01 0.1310E-01 0.1890E-01 0.1438E+00 0.3390E-01 0.2710E-01 0.1920E-01 0.1260E-01 0.8400E-02 0.5900E-02 0.4300E-02 0.6600E-02 0.9500E-02 0.1720E-01 0.6030E-01 0.7030E-01 0.1390E-01 0.8800E-02 -0.9990E+03 -0.9990E+03 -0.9990E+03
0.1290E-01 0.1010E-01 0.7900E-02 0.6400E-02 0.6100E-02 0.5400E-02 0.5300E-02 0.7700E-02 0.1380E-01 0.2500E-01 0.4930E-01 0.2375E+00 0.3380E-01 0.1580E-01 0.1160E-01 0.8600E-02 0.5100E-02 0.7900E-02 0.1150E-01 0.1440E-01 0.1650E-01 0.2990E-01 0.1546E+00 0.1378E+00 0.1406E+00 0.1530E+00 0.1668E+00 0.1836E+00 0.1807E+00 0.1438E+00 0.1642E+00 0.1876E+00 0.4560E-01 0.2790E-01 0.1870E-01 0.1220E-01 0.1060E-01 0.1190E-01 0.2050E-01 0.1173E+00 0.1132E+00 0.8090E-01 0.2360E-01 0.1550E-01 0.1000E-01 0.9800E-02 0.1160E-01 0.1890E-01 0.7630E-01 0.3070E-01 0.1150E-01 0.6000E-02 -0.9990E+03 -0.9990E+03 -0.9990E+03 -0.9990E+03
0.3100E-02 0.1400E-02 0.0000E+00 0.0000E+00 0.0000E+00 0.0000E+00 0.4000E-03 0.2300E-02 0.8200E-02 0.1460E-01 0.3750E-01 0.2541E+00 0.7120E-01 0.3090E-01 0.1610E-01 0.8200E-02 0.8000E-03 0.2600E-02 0.4600E-02 0.6800E-02 0.7900E-02 0.9700E-02 0.1350E-01 0.1540E-01 0.1630E-01 0.2020E-01 0.2320E-01 0.2580E-01 0.2590E-01 0.2340E-01 0.3350E-01 0.1067E+00 0.3230E-01 0.1930E-01 0.1210E-01 0.7800E-02 0.5800E-02 0.7000E-02 0.9900E-02 0.1040E-01 0.1110E-01 0.3970E-01 0.9190E-01 0.4930E-01 0.1870E-01 0.1890E-01 0.3520E-01 0.8030E-01 0.2990E-01 0.9400E-02 0.5400E-02 0.3500E-02 -0.9990E+03 -0.9990E+03 -0.9990E+03 -0.9990E+03
0.2000E-03 0.0000E+00 0.0000E+00 0.0000E+00 0.0000E+00 0.0000E+00 0.0000E+00 0.1000E-02 0.5400E-02 0.1180E-01 0.2460E-01 0.5980E-01 0.2973E+00 0.5250E-01 0.2140E-01 0.1060E-01 0.0000E+00 0.6000E-03 0.1400E-02 0.2300E-02 0.3600E-02 0.4100E-02 0.5300E-02 0.7100E-02 0.8000E-02 0.8700E-02 0.7900E-02 0.9600E-02 0.1150E-01 0.1440E-01 0.1880E-01 0.4810E-01 0.7590E-01 0.1920E-01 0.9300E-02 0.4700E-02 0.2000E-02 0.2500E-02 0.3100E-02 0.5100E-02 0.4500E-02 0.6100E-02 0.9300E-02 0.4740E-01 0.7570E-01 0.7460E-01 0.6340E-01 0.1420E-01 0.7700E-02 0.3800E-02 0.2500E-02 0.1500E-02 -0.9990E+03 -0.9990E+03 -0.9990E+03 -0.9990E+03
0.0000E+00 0.0000E+00 0.0000E+00 0.0000E+00 0.0000E+00 0.0000E+00 0.0000E+00 0.0000E+00 0.2200E-02 0.7400E-02 0.1340E-01 0.4570E-01 0.2777E+00 0.5260E-01 0.1730E-01 0.1200E-01 0.0000E+00 0.0000E+00 0.0000E+00 0.5000E-03 0.1000E-02 0.1600E-02 0.2300E-02 0.3100E-02 0.4100E-02 0.5000E-02 0.5000E-02 0.5200E-02 0.6300E-02 0.7200E-02 0.9400E-02 0.1970E-01 0.9480E-01 0.1660E-01 0.6400E-02 0.3500E-02 0.5000E-03 0.1100E-02 0.1800E-02 0.2200E-02 0.2300E-02 0.2900E-02 0.4600E-02 0.9100E-02 0.1080E-01 0.1100E-01 0.9100E-02 0.5500E-02 0.3300E-02 0.2000E-02 0.1100E-02 0.5000E-03 -0.9990E+03 -0.9990E+03 -0.9990E+03 -0.9990E+03
0.0000E+00 0.0000E+00 0.0000E+00 0.0000E+00 0.0000E+00 0.0000E+00 0.0000E+00 0.0000E+00 0.1200E-02 0.7100E-02 0.1680E-01 0.4100E-01 0.2705E+00 0.5440E-01 0.2030E-01 0.1260E-01 0.1500E-02 0.0000E+00 0.0000E+00 0.0000E+00 0.0000E+00 0.0000E+00 0.0000E+00 0.0000E+00 0.0000E+00 0.0000E+00 0.0000E+00 0.0000E+00 0.6000E-03 0.3600E-02 0.4400E-02 0.1610E-01 0.9010E-01 0.1830E-01 0.7700E-02 0.3600E-02 0.0000E+00 0.0000E+00 0.1000E-03 0.5000E-03 0.1000E-02 0.1800E-02 0.2500E-02 0.3600E-02 0.4000E-02 0.4200E-02 0.3500E-02 0.2500E-02 0.1600E-02 0.9000E-03 0.3000E-03 0.1000E-03 -0.9990E+03 -0.9990E+03 -0.9990E+03 -0.9990E+03
0.0000E+00 0.0000E+00 0.0000E+00 0.0000E+00 0.0000E+00 0.0000E+00 0.0000E+00 0.0000E+00 0.0000E+00 0.1040E-01 0.1900E-01 0.4290E-01 0.2541E+00 0.5490E-01 0.2340E-01 0.1370E-01 0.2200E-02 0.0000E+00 0.0000E+00 0.0000E+00 0.0000E+00 0.0000E+00 0.0000E+00 0.0000E+00 0.0000E+00 0.0000E+00 0.0000E+00 0.0000E+00 0.4000E-03 0.4000E-02 0.4500E-02 0.1280E-01 0.8940E-01 0.1850E-01 0.7600E-02 0.3800E-02 0.0000E+00 0.0000E+00 0.0000E+00 0.0000E+00 0.2000E-03 0.6000E-03 0.1000E-02 0.1300E-02 0.1500E-02 0.1600E-02 0.1400E-02 0.1000E-02 0.5000E-03 0.2000E-03 0.0000E+00 0.0000E+00 0.0000E+00 -0.9990E+03 -0.9990E+03 -0.9990E+03
0.0000E+00 0.0000E+00 0.0000E+00 0.0000E+00 0.0000E+00 0.0000E+00 0.0000E+00 0.0000E+00 0.0000E+00 0.9000E-02 0.1690E-01 0.2850E-01 0.2353E+00 0.5930E-01 0.2890E-01 0.9800E-02 0.2600E-02 0.0000E+00 0.0000E+00 0.0000E+00 0.0000E+00 0.0000E+00 0.0000E+00 0.0000E+00 0.0000E+00 0.0000E+00 0.0000E+00 0.0000E+00 0.7000E-03 0.3100E-02 0.4100E-02 0.9500E-02 0.8780E-01 0.1750E-01 0.7000E-02 0.3300E-02 0.0000E+00 0.0000E+00 0.0000E+00 0.0000E+00 0.0000E+00 0.0000E+00 0.0000E+00 0.0000E+00 0.0000E+00 0.0000E+00 0.0000E+00 0.0000E+00 0.0000E+00 0.0000E+00 0.0000E+00 0.0000E+00 0.0000E+00 -0.9990E+03 -0.9990E+03 -0.9990E+03
