Data/rwc_NO2_RR2020_2002.asc
NCOLS          280
NROWS          320
XLLCORNER            0
YLLCORNER       300000
CELLSIZE         1000
NODATA_VALUE  -0.9990E+03
[rows 150 to 174 of 320, columns 112 to 167 of 280]
0.0000E+00 0.0000E+00 0.0000E+00 0.0000E+00 0.0000E+00 0.0000E+00 0.0000E+00 0.0000E+00 0.0000E+00 0.0000E+00 0.0000E+00 0.4700E-01 0.6180E+00 0.1217E+01 0.2551E+01 0.1084E+02 0.2904E+01 0.1027E+01 0.4220E+00 0.0000E+00 0.0000E+00 0.0000E+00 0.0000E+00 0.0000E+00 0.0000E+00 0.0000E+00 0.6200E-01 0.1240E+00 0.3080E+00 0.8380E+00 0.2759E+01 0.4110E+01 0.1139E+01 0.1155E+01 0.8940E+00 0.7960E+00 0.7690E+00 0.2213E+01 0.7297E+01 0.7589E+01 0.7341E+01 0.2604E+01 0.1443E+01 0.1270E+01 0.1069E+01 0.1281E+01 0.4202E+01 0.4148E+01 0.6960E+00 0.3730E+00 0.1350E+00 0.6500E-01 0.1800E-01 0.0000E+00 0.0000E+00 0.0000E+00
0.0000E+00 0.0000E+00 0.0000E+00 0.0000E+00 0.0000E+00 0.0000E+00 0.0000E+00 0.0000E+00 0.0000E+00 0.0000E+00 0.0000E+00 0.7000E-02 0.7250E+00 0.1188E+01 0.2471E+01 0.1080E+02 0.2747E+01 0.1074E+01 0.6170E+00 0.0000E+00 0.0000E+00 0.0000E+00 0.0000E+00 0.0000E+00 0.0000E+00 0.1900E-01 0.1040E+00 0.2480E+00 0.5690E+00 0.4663E+01 0.4323E+01 0.9280E+00 0.5630E+00 0.4260E+00 0.3960E+00 0.3910E+00 0.3910E+00 0.7780E+00 0.1459E+01 0.1595E+01 0.1730E+01 0.5882E+01 0.5421E+01 0.4895E+01 0.1563E+01 0.1581E+01 0.6551E+01 0.1734E+01 0.8040E+00 0.4210E+00 0.1160E+00 0.6000E-02 0.0000E+00 0.0000E+00 0.0000E+00 0.0000E+00
0.0000E+00 0.0000E+00 0.0000E+00 0.0000E+00 0.0000E+00 0.0000E+00 0.0000E+00 0.0000E+00 0.0000E+00 0.0000E+00 0.0000E+00 0.0000E+00 0.7050E+00 0.1152E+01 0.2431E+01 0.1058E+02 0.2626E+01 0.1210E+01 0.7610E+00 0.0000E+00 0.0000E+00 0.0000E+00 0.0000E+00 0.0000E+00 0.0000E+00 0.5500E-01 0.1590E+00 0.3110E+00 0.7340E+00 0.4633E+01 0.9800E+00 0.5100E+00 0.3070E+00 0.2120E+00 0.1980E+00 0.2160E+00 0.3400E+00 0.5770E+00 0.6870E+00 0.7330E+00 0.8910E+00 0.9720E+00 0.8790E+00 0.4103E+01 0.3642E+01 0.1669E+01 0.5961E+01 0.1730E+01 0.7740E+00 0.6440E+00 0.3230E+00 0.2560E+00 0.2420E+00 0.2670E+00 0.3070E+00 0.3470E+00
0.0000E+00 0.0000E+00 0.0000E+00 0.0000E+00 0.0000E+00 0.0000E+00 0.0000E+00 0.0000E+00 0.0000E+00 0.0000E+00 0.0000E+00 0.0000E+00 0.6680E+00 0.1102E+01 0.2348E+01 0.1056E+02 0.1754E+01 0.1217E+01 0.7620E+00 0.3500E-01 0.0000E+00 0.0000E+00 0.0000E+00 0.0000E+00 0.1300E-01 0.1100E+00 0.2790E+00 0.4290E+00 0.9510E+00 0.4279E+01 0.6870E+00 0.3290E+00 0.1480E+00 0.4900E-01 0.2200E-01 0.3400E-01 0.6300E-01 0.1780E+00 0.3230E+00 0.3780E+00 0.4550E+00 0.4480E+00 0.5400E+00 0.9680E+00 0.5167E+01 0.3412E+01 0.5469E+01 0.1955E+01 0.1270E+01 0.9210E+00 0.7040E+00 0.6330E+00 0.7190E+00 0.7260E+00 0.7740E+00 0.8260E+00
0.0000E+00 0.0000E+00 0.0000E+00 0.0000E+00 0.0000E+00 0.0000E+00 0.0000E+00 0.0000E+00 0.0000E+00 0.0000E+00 0.0000E+00 0.0000E+00 0.5810E+00 0.1078E+01 0.2242E+01 0.9764E+01 0.1537E+01 0.1281E+01 0.8370E+00 0.1780E+00 0.0000E+00 0.0000E+00 0.0000E+00 0.0000E+00 0.5000E-01 0.1920E+00 0.4160E+00 0.8700E+00 0.4644E+01 0.1216E+01 0.4650E+00 0.2460E+00 0.9300E-01 0.1600E-01 0.0000E+00 0.0000E+00 0.0000E+00 0.0000E+00 0.4400E-01 0.8000E-01 0.1460E+00 0.2330E+00 0.4190E+00 0.7580E+00 0.1465E+01 0.1010E+02 0.6244E+01 0.1837E+01 0.1327E+01 0.1719E+01 0.1275E+01 0.9960E+00 0.1176E+01 0.1393E+01 0.1799E+01 0.1917E+01
0.0000E+00 0.0000E+00 0.0000E+00 0.0000E+00 0.0000E+00 0.0000E+00 0.0000E+00 0.0000E+00 0.0000E+00 0.0000E+00 0.0000E+00 0.0000E+00 0.4850E+00 0.1021E+01 0.2171E+01 0.1026E+02 0.1566E+01 0.1436E+01 0.9700E+00 0.3290E+00 0.2000E-02 0.0000E+00 0.0000E+00 0.0000E+00 0.1070E+00 0.2950E+00 0.5810E+00 0.1282E+01 0.5687E+01 0.1140E+01 0.3690E+00 0.1650E+00 0.4100E-01 0.0000E+00 0.0000E+00 0.0000E+00 0.0000E+00 0.0000E+00 0.0000E+00 0.0000E+00 0.1800E-01 0.1170E+00 0.3320E+00 0.6360E+00 0.1287E+01 0.7266E+01 0.8154E+01 0.6151E+01 0.5758E+01 0.7209E+01 0.4038E+01 0.1847E+01 0.2070E+01 0.5663E+01 0.7838E+01 0.7976E+01
0.0000E+00 0.0000E+00 0.0000E+00 0.0000E+00 0.0000E+00 0.0000E+00 0.0000E+00 0.0000E+00 0.0000E+00 0.0000E+00 0.0000E+00 0.0000E+00 0.3820E+00 0.8480E+00 0.1834E+01 0.7632E+01 0.5785E+01 0.2048E+01 0.1068E+01 0.4280E+00 0.5700E-01 0.0000E+00 0.0000E+00 0.3100E-01 0.1700E+00 0.4360E+00 0.8810E+00 0.3111E+01 0.3437E+01 0.8610E+00 0.3190E+00 0.1140E+00 0.1700E-01 0.0000E+00 0.0000E+00 0.0000E+00 0.0000E+00 0.0000E+00 0.1500E-01 0.4500E-01 0.8900E-01 0.1920E+00 0.4200E+00 0.6860E+00 0.1472E+01 0.8507E+01 0.2536E+01 0.1674E+01 0.1407E+01 0.1609E+01 0.5181E+01 0.7314E+01 0.7542E+01 0.4016E+01 0.2204E+01 0.4503E+01
0.0000E+00 0.0000E+00 0.0000E+00 0.0000E+00 0.0000E+00 0.0000E+00 0.0000E+00 0.0000E+00 0.0000E+00 0.0000E+00 0.0000E+00 0.0000E+00 0.2420E+00 0.4780E+00 0.1312E+01 0.2572E+01 0.1116E+02 0.2628E+01 0.1146E+01 0.4620E+00 0.2030E+00 0.4200E-01 0.1000E-02 0.6800E-01 0.2440E+00 0.5590E+00 0.1271E+01 0.6075E+01 0.1148E+01 0.6620E+00 0.2050E+00 0.6400E-01 0.0000E+00 0.0000E+00 0.0000E+00 0.0000E+00 0.2800E-01 0.6300E-01 0.1220E+00 0.1870E+00 0.2940E+00 0.4160E+00 0.6190E+00 0.9450E+00 0.4834E+01 0.3722E+01 0.1406E+01 0.9400E+00 0.8180E+00 0.8450E+00 0.1142E+01 0.1304E+01 0.1344E+01 0.1201E+01 0.1516E+01 0.4099E+01
0.0000E+00 0.0000E+00 0.0000E+00 0.0000E+00 0.0000E+00 0.0000E+00 0.0000E+00 0.0000E+00 0.0000E+00 0.0000E+00 0.0000E+00 0.0000E+00 0.1580E+00 0.5420E+00 0.9720E+00 0.2085E+01 0.1044E+02 0.1872E+01 0.1168E+01 0.5480E+00 0.3500E+00 0.1640E+00 0.6300E-01 0.1290E+00 0.3890E+00 0.7930E+00 0.1768E+01 0.6358E+01 0.1366E+01 0.3780E+00 0.1370E+00 0.3300E-01 0.1500E-01 0.4400E-01 0.9000E-01 0.1440E+00 0.2220E+00 0.3130E+00 0.4390E+00 0.5420E+00 0.6000E+00 0.8320E+00 0.1065E+01 0.1490E+01 0.7623E+01 0.1005E+01 0.5590E+00 0.5780E+00 0.4830E+00 0.4660E+00 0.4750E+00 0.6440E+00 0.8160E+00 0.9400E+00 0.3157E+01 0.1670E+01
0.1000E-01 0.0000E+00 0.0000E+00 0.0000E+00 0.0000E+00 0.0000E+00 0.0000E+00 0.0000E+00 0.0000E+00 0.0000E+00 0.0000E+00 0.0000E+00 0.5800E-01 0.3750E+00 0.6890E+00 0.1228E+01 0.2192E+01 0.8261E+01 0.1509E+01 0.8490E+00 0.6020E+00 0.4000E+00 0.1900E+00 0.2850E+00 0.4300E+00 0.1114E+01 0.5402E+01 0.3093E+01 0.7600E+00 0.3480E+00 0.1900E+00 0.1670E+00 0.2260E+00 0.2940E+00 0.3830E+00 0.4440E+00 0.4930E+00 0.5860E+00 0.7120E+00 0.1110E+01 0.1390E+01 0.4140E+01 0.5894E+01 0.6601E+01 0.1465E+01 0.4170E+00 0.2160E+00 0.2120E+00 0.1580E+00 0.1620E+00 0.1470E+00 0.2570E+00 0.4410E+00 0.7260E+00 0.2816E+01 0.1541E+01
0.4900E-01 0.3000E-02 0.0000E+00 0.0000E+00 0.0000E+00 0.0000E+00 0.0000E+00 0.0000E+00 0.0000E+00 0.0000E+00 0.0000E+00 0.0000E+00 0.0000E+00 0.2200E+00 0.4470E+00 0.6010E+00 0.1234E+01 0.6552E+01 0.6349E+01 0.1446E+01 0.9880E+00 0.6140E+00 0.2870E+00 0.2770E+00 0.4380E+00 0.1475E+01 0.6701E+01 0.1778E+01 0.8860E+00 0.5580E+00 0.4600E+00 0.4530E+00 0.5140E+00 0.5390E+00 0.6240E+00 0.8290E+00 0.1156E+01 0.1278E+01 0.1419E+01 0.6501E+01 0.7560E+01 0.3147E+01 0.1135E+01 0.8670E+00 0.4770E+00 0.2460E+00 0.1420E+00 0.9100E-01 0.1200E-01 0.0000E+00 0.0000E+00 0.5700E-01 0.2070E+00 0.4140E+00 0.8110E+00 0.3243E+01
0.8100E-01 0.2100E-01 0.0000E+00 0.0000E+00 0.0000E+00 0.0000E+00 0.0000E+00 0.0000E+00 0.0000E+00 0.0000E+00 0.0000E+00 0.0000E+00 0.0000E+00 0.9100E-01 0.2510E+00 0.3790E+00 0.7870E+00 0.1272E+01 0.4740E+01 0.7564E+01 0.2435E+01 0.9440E+00 0.3950E+00 0.3760E+00 0.4520E+00 0.1290E+01 0.6419E+01 0.2053E+01 0.9620E+00 0.8910E+00 0.9040E+00 0.9610E+00 0.1062E+01 0.1119E+01 0.1319E+01 0.4171E+01 0.6172E+01 0.7524E+01 0.7338E+01 0.2385E+01 0.1289E+01 0.7760E+00 0.4460E+00 0.3780E+00 0.2120E+00 0.1750E+00 0.1050E+00 0.4400E-01 0.0000E+00 0.0000E+00 0.0000E+00 0.4500E-01 0.1590E+00 0.3040E+00 0.7060E+00 0.4207E+01
0.1220E+00 0.4100E-01 0.0000E+00 0.0000E+00 0.0000E+00 0.0000E+00 0.0000E+00 0.4000E-01 0.1410E+00 0.2580E+00 0.4540E+00 0.6370E+00 0.7610E+00 0.8930E+00 0.1025E+01 0.1118E+01 0.9610E+00 0.8320E+00 0.1409E+01 0.1655E+01 0.1078E+02 0.1615E+01 0.6480E+00 0.4390E+00 0.4940E+00 0.7030E+00 0.4203E+01 0.3791E+01 0.1680E+01 0.1836E+01 0.2009E+01 0.5379E+01 0.6103E+01 0.6149E+01 0.6819E+01 0.3395E+01 0.1024E+01 0.9400E+00 0.1036E+01 0.8230E+00 0.5990E+00 0.3420E+00 0.2210E+00 0.1850E+00 0.1140E+00 0.7000E-01 0.3600E-01 0.0000E+00 0.0000E+00 0.0000E+00 0.0000E+00 0.1800E-01 0.1050E+00 0.2440E+00 0.5560E+00 0.1488E+01
0.8900E+00 0.9650E+00 0.1000E+01 0.1075E+01 0.1090E+01 0.1070E+01 0.1046E+01 0.8620E+00 0.9000E+00 0.7950E+00 0.1081E+01 0.1460E+01 0.1240E+01 0.9170E+00 0.1506E+01 0.1544E+01 0.8940E+00 0.1085E+01 0.1683E+01 0.1506E+01 0.2972E+01 0.6812E+01 0.1154E+01 0.6420E+00 0.5570E+00 0.6040E+00 0.1633E+01 0.1014E+02 0.9304E+01 0.8330E+01 0.8835E+01 0.1826E+01 0.8700E+00 0.8170E+00 0.7850E+00 0.6720E+00 0.5710E+00 0.5290E+00 0.4870E+00 0.4970E+00 0.4450E+00 0.3110E+00 0.1740E+00 0.1010E+00 0.1900E-01 0.0000E+00 0.0000E+00 0.0000E+00 0.0000E+00 0.0000E+00 0.0000E+00 0.0000E+00 0.6800E-01 0.1450E+00 0.3750E+00 0.7000E+00
0.1477E+01 0.1559E+01 0.1501E+01 0.1713E+01 0.1728E+01 0.1687E+01 0.9780E+00 0.7220E+00 0.7840E+00 0.9870E+00 0.1583E+01 0.3242E+01 0.3446E+01 0.1814E+01 0.2444E+01 0.3253E+01 0.2733E+01 0.2092E+01 0.1561E+01 0.1459E+01 0.1756E+01 0.7528E+01 0.1687E+01 0.1064E+01 0.9470E+00 0.9320E+00 0.2118E+01 0.1138E+02 0.3107E+01 0.2646E+01 0.1741E+01 0.8170E+00 0.6520E+00 0.5950E+00 0.5900E+00 0.5840E+00 0.5280E+00 0.5010E+00 0.4760E+00 0.4600E+00 0.4160E+00 0.3270E+00 0.2440E+00 0.1940E+00 0.1170E+00 0.8500E-01 0.3900E-01 0.0000E+00 0.0000E+00 0.0000E+00 0.0000E+00 0.0000E+00 0.3400E-01 0.1100E+00 0.2810E+00 0.5020E+00
0.2871E+01 0.3246E+01 0.3389E+01 0.2779E+01 0.2801E+01 0.3351E+01 0.1908E+01 0.1667E+01 0.1742E+01 0.1992E+01 0.8488E+01 0.1295E+02 0.1228E+02 0.1200E+02 0.1221E+02 0.1215E+02 0.1191E+02 0.9189E+01 0.2897E+01 0.2187E+01 0.3167E+01 0.1219E+02 0.2374E+01 0.1534E+01 0.1281E+01 0.1393E+01 0.3336E+01 0.1300E+02 0.3405E+01 0.2237E+01 0.1457E+01 0.7430E+00 0.7120E+00 0.5770E+00 0.5190E+00 0.5130E+00 0.5150E+00 0.6250E+00 0.7560E+00 0.8190E+00 0.8090E+00 0.6210E+00 0.4780E+00 0.4580E+00 0.3230E+00 0.2640E+00 0.3910E+00 0.3640E+00 0.3540E+00 0.1890E+00 0.1580E+00 0.2160E+00 0.9700E-01 0.5800E-01 0.2010E+00 0.4080E+00
0.1187E+02 0.1242E+02 0.1250E+02 0.1265E+02 0.1270E+02 0.1237E+02 0.1213E+02 0.1199E+02 0.1207E+02 0.1205E+02 0.6165E+01 0.3138E+01 0.2905E+01 0.2815E+01 0.2767E+01 0.2673E+01 0.2488E+01 0.2799E+01 0.1091E+02 0.1141E+02 0.1314E+02 0.1653E+02 0.4112E+01 0.2252E+01 0.1978E+01 0.2223E+01 0.1242E+02 0.5159E+01 0.3505E+01 0.1712E+01 0.1335E+01 0.1432E+01 0.1389E+01 0.1250E+01 0.8780E+00 0.8240E+00 0.1236E+01 0.3043E+01 0.4692E+01 0.4841E+01 0.4678E+01 0.2058E+01 0.9110E+00 0.9990E+00 0.7600E+00 0.6640E+00 0.6760E+00 0.7030E+00 0.7390E+00 0.7070E+00 0.7090E+00 0.6020E+00 0.4620E+00 0.2900E+00 0.4380E+00 0.5900E+00
0.2754E+01 0.2878E+01 0.2894E+01 0.2899E+01 0.2340E+01 0.2909E+01 0.2851E+01 0.2773E+01 0.2701E+01 0.2156E+01 0.1165E+01 0.1458E+01 0.1366E+01 0.1284E+01 0.1222E+01 0.1194E+01 0.1231E+01 0.1744E+01 0.2853E+01 0.3784E+01 0.6559E+01 0.1548E+02 0.1218E+02 0.8729E+01 0.8354E+01 0.3111E+01 0.1456E+02 0.9871E+01 0.8028E+01 0.6818E+01 0.4986E+01 0.5018E+01 0.5268E+01 0.5361E+01 0.4837E+01 0.3857E+01 0.3841E+01 0.2515E+01 0.7450E+00 0.7020E+00 0.7740E+00 0.2973E+01 0.4619E+01 0.4512E+01 0.1364E+01 0.1371E+01 0.1365E+01 0.1508E+01 0.1632E+01 0.1394E+01 0.1466E+01 0.1018E+01 0.7780E+00 0.6880E+00 0.7090E+00 0.7940E+00
0.1352E+01 0.1344E+01 0.1330E+01 0.1332E+01 0.1393E+01 0.1373E+01 0.1315E+01 0.1282E+01 0.1215E+01 0.1061E+01 0.9880E+00 0.8630E+00 0.7140E+00 0.4110E+00 0.6360E+00 0.7010E+00 0.7540E+00 0.1187E+01 0.1860E+01 0.3041E+01 0.1094E+02 0.2638E+01 0.2078E+01 0.2357E+01 0.2130E+01 0.1154E+02 0.1428E+02 0.3932E+01 0.2462E+01 0.1692E+01 0.1129E+01 0.1023E+01 0.6060E+00 0.9160E+00 0.6460E+00 0.5340E+00 0.4860E+00 0.4290E+00 0.3350E+00 0.3150E+00 0.3620E+00 0.4920E+00 0.6650E+00 0.2311E+01 0.4994E+01 0.5593E+01 0.5101E+01 0.6049E+01 0.6204E+01 0.6191E+01 0.5135E+01 0.1731E+01 0.1562E+01 0.1434E+01 0.1349E+01 0.1395E+01
0.8210E+00 0.7990E+00 0.6090E+00 0.8300E+00 0.8320E+00 0.8130E+00 0.7870E+00 0.7140E+00 0.5920E+00 0.4640E+00 0.3320E+00 0.1840E+00 0.6000E-01 0.1600E-01 0.0000E+00 0.9100E-01 0.1880E+00 0.6830E+00 0.1327E+01 0.2607E+01 0.1042E+02 0.1838E+01 0.1250E+01 0.1837E+01 0.2225E+01 0.4066E+01 0.7696E+01 0.2261E+01 0.8690E+00 0.8630E+00 0.5100E+00 0.4810E+00 0.4390E+00 0.4070E+00 0.3690E+00 0.3120E+00 0.2710E+00 0.2250E+00 0.2020E+00 0.1950E+00 0.2170E+00 0.2530E+00 0.3260E+00 0.4700E+00 0.7120E+00 0.9160E+00 0.1008E+01 0.1183E+01 0.1216E+01 0.1273E+01 0.2422E+01 0.5920E+01 0.5844E+01 0.5713E+01 0.5370E+01 0.4819E+01
0.1230E+00 0.3000E-01 0.0000E+00 0.0000E+00 0.0000E+00 0.0000E+00 0.0000E+00 0.0000E+00 0.0000E+00 0.0000E+00 0.0000E+00 0.0000E+00 0.0000E+00 0.0000E+00 0.0000E+00 0.0000E+00 0.0000E+00 0.3980E+00 0.8000E+00 0.1517E+01 0.9666E+01 0.1486E+01 0.1020E+01 0.1135E+01 0.2468E+01 0.8902E+01 0.1729E+01 0.8210E+00 0.5040E+00 0.5140E+00 0.3090E+00 0.2870E+00 0.2560E+00 0.2250E+00 0.2070E+00 0.1680E+00 0.1210E+00 0.7700E-01 0.5800E-01 0.6300E-01 0.7700E-01 0.1140E+00 0.1640E+00 0.2100E+00 0.2650E+00 0.4360E+00 0.4610E+00 0.3430E+00 0.3610E+00 0.3470E+00 0.7560E+00 0.9570E+00 0.8000E+00 0.6650E+00 0.6770E+00 0.8900E+00
0.2200E-01 0.0000E+00 0.0000E+00 0.0000E+00 0.0000E+00 0.0000E+00 0.0000E+00 0.0000E+00 0.0000E+00 0.0000E+00 0.0000E+00 0.0000E+00 0.0000E+00 0.0000E+00 0.0000E+00 0.0000E+00 0.0000E+00 0.3400E+00 0.4020E+00 0.8490E+00 0.7079E+01 0.1500E+01 0.1101E+01 0.1045E+01 0.2838E+01 0.8663E+01 0.1150E+01 0.5070E+00 0.2350E+00 0.8300E-01 0.0000E+00 0.0000E+00 0.0000E+00 0.0000E+00 0.0000E+00 0.0000E+00 0.0000E+00 0.0000E+00 0.0000E+00 0.0000E+00 0.7000E-02 0.4200E-01 0.7200E-01 0.9400E-01 0.1200E+00 0.1480E+00 0.1730E+00 0.1830E+00 0.1890E+00 0.2050E+00 0.3210E+00 0.4250E+00 0.3000E+00 0.3110E+00 0.3310E+00 0.5610E+00
0.0000E+00 0.0000E+00 0.0000E+00 0.0000E+00 0.0000E+00 0.0000E+00 0.0000E+00 0.0000E+00 0.0000E+00 0.0000E+00 0.0000E+00 0.0000E+00 0.0000E+00 0.0000E+00 0.0000E+00 0.0000E+00 0.0000E+00 0.2050E+00 0.3830E+00 0.6340E+00 0.1999E+01 0.6851E+01 0.1590E+01 0.1242E+01 0.7931E+01 0.3282E+01 0.1289E+01 0.3750E+00 0.1190E+00 0.2400E-01 0.0000E+00 0.0000E+00 0.0000E+00 0.0000E+00 0.0000E+00 0.0000E+00 0.0000E+00 0.0000E+00 0.0000E+00 0.0000E+00 0.0000E+00 0.0000E+00 0.0000E+00 0.0000E+00 0.0000E+00 0.0000E+00 0.0000E+00 0.5000E-02 0.2800E-01 0.5800E-01 0.9500E-01 0.1520E+00 0.2150E+00 0.1850E+00 0.2160E+00 0.4970E+00
0.0000E+00 0.0000E+00 0.0000E+00 0.0000E+00 0.0000E+00 0.0000E+00 0.0000E+00 0.0000E+00 0.0000E+00 0.0000E+00 0.0000E+00 0.0000E+00 0.0000E+00 0.0000E+00 0.0000E+00 0.0000E+00 0.0000E+00 0.1350E+00 0.3960E+00 0.5470E+00 0.1626E+01 0.8442E+01 0.1682E+01 0.2180E+01 0.8026E+01 0.2210E+01 0.9860E+00 0.5130E+00 0.1160E+00 0.0000E+00 0.0000E+00 0.0000E+00 0.0000E+00 0.0000E+00 0.0000E+00 0.0000E+00 0.0000E+00 0.0000E+00 0.0000E+00 0.0000E+00 0.0000E+00 0.0000E+00 0.0000E+00 0.0000E+00 0.0000E+00 0.0000E+00 0.0000E+00 0.0000E+00 0.0000E+00 0.0000E+00 0.0000E+00 0.0000E+00 0.0000E+00 0.2600E-01 0.5800E-01 0.1350E+00
0.0000E+00 0.0000E+00 0.0000E+00 0.0000E+00 0.0000E+00 0.0000E+00 0.0000E+00 0.0000E+00 0.0000E+00 0.0000E+00 0.0000E+00 0.0000E+00 0.0000E+00 0.0000E+00 0.0000E+00 0.0000E+00 0.0000E+00 0.4300E-01 0.3260E+00 0.6290E+00 0.1694E+01 0.9317E+01 0.2690E+01 0.2568E+01 0.7962E+01 0.1999E+01 0.8210E+00 0.3850E+00 0.5500E-01 0.0000E+00 0.0000E+00 0.0000E+00 0.0000E+00 0.0000E+00 0.0000E+00 0.0000E+00 0.0000E+00 0.0000E+00 0.0000E+00 0.0000E+00 0.0000E+00 0.0000E+00 0.0000E+00 0.0000E+00 0.0000E+00 0.0000E+00 0.0000E+00 0.0000E+00 0.0000E+00 0.0000E+00 0.0000E+00 0.0000E+00 0.0000E+00 0.0000E+00 0.7000E-02 0.7100E-01
