Data/rwc_PM25_RR2020_2002.asc
NCOLS          280
NROWS          320
XLLCORNER            0
YLLCORNER       300000
CELLSIZE         1000
NODATA_VALUE  -0.9990E+03
[rows 75 to 99 of 320, columns 224 to 279 of 280]
0.0000E+00 0.0000E+00 0.1100E-02 0.3000E-02 0.8000E-02 0.1480E-01 0.4850E-01 0.8110E-01 0.1650E-01 0.6900E-02 0.3100E-02 0.1000E-03 0.0000E+00 0.0000E+00 0.0000E+00 0.0000E+00 0.0000E+00 0.0000E+00 0.0000E+00 0.0000E+00 0.0000E+00 0.0000E+00 0.0000E+00 0.0000E+00 0.0000E+00 0.0000E+00 0.0000E+00 0.0000E+00 0.0000E+00 0.0000E+00 0.0000E+00 0.0000E+00 0.0000E+00 0.0000E+00 0.0000E+00 0.0000E+00 0.0000E+00 0.0000E+00 0.0000E+00 0.0000E+00 0.0000E+00 0.0000E+00 0.0000E+00 0.0000E+00 0.0000E+00 0.0000E+00 0.0000E+00 0.0000E+00 -0.9990E+03 -0.9990E+03 -0.9990E+03 -0.9990E+03 -0.9990E+03 -0.9990E+03 -0.9990E+03 -0.9990E+03
0.0000E+00 0.1000E-03 0.2100E-02 0.4800E-02 0.1060E-01 0.2200E-01 0.8750E-01 0.1450E-01 0.1060E-01 0.4700E-02 0.2000E-02 0.1000E-03 0.0000E+00 0.0000E+00 0.0000E+00 0.0000E+00 0.0000E+00 0.0000E+00 0.0000E+00 0.0000E+00 0.0000E+00 0.0000E+00 0.0000E+00 0.0000E+00 0.0000E+00 0.0000E+00 0.0000E+00 0.0000E+00 0.0000E+00 0.0000E+00 0.0000E+00 0.0000E+00 0.0000E+00 0.0000E+00 0.0000E+00 0.0000E+00 0.0000E+00 0.0000E+00 0.0000E+00 0.0000E+00 0.0000E+00 0.0000E+00 0.0000E+00 0.0000E+00 0.0000E+00 0.0000E+00 0.0000E+00 0.0000E+00 -0.9990E+03 -0.9990E+03 -0.9990E+03 -0.9990E+03 -0.9990E+03 -0.9990E+03 -0.9990E+03 -0.9990E+03
0.0000E+00 0.6000E-03 0.3200E-02 0.6900E-02 0.1540E-01 0.6420E-01 0.3530E-01 0.8800E-02 0.7000E-02 0.2900E-02 0.1100E-02 0.0000E+00 0.0000E+00 0.0000E+00 0.0000E+00 0.0000E+00 0.0000E+00 0.0000E+00 0.0000E+00 0.0000E+00 0.0000E+00 0.0000E+00 0.0000E+00 0.0000E+00 0.0000E+00 0.0000E+00 0.0000E+00 0.0000E+00 0.0000E+00 0.0000E+00 0.0000E+00 0.0000E+00 0.0000E+00 0.0000E+00 0.0000E+00 0.0000E+00 0.0000E+00 0.0000E+00 0.0000E+00 0.0000E+00 0.0000E+00 0.0000E+00 0.0000E+00 0.0000E+00 0.0000E+00 0.0000E+00 0.0000E+00 -0.9990E+03 -0.9990E+03 -0.9990E+03 -0.9990E+03 -0.9990E+03 -0.9990E+03 -0.9990E+03 -0.9990E+03 -0.9990E+03
0.0000E+00 0.1300E-02 0.4600E-02 0.9000E-02 0.2010E-01 0.9390E-01 0.1340E-01 0.6700E-02 0.5000E-02 0.1600E-02 0.5000E-03 0.0000E+00 0.0000E+00 0.0000E+00 0.0000E+00 0.0000E+00 0.0000E+00 0.0000E+00 0.0000E+00 0.0000E+00 0.0000E+00 0.0000E+00 0.0000E+00 0.0000E+00 0.0000E+00 0.0000E+00 0.0000E+00 0.0000E+00 0.0000E+00 0.0000E+00 0.0000E+00 0.0000E+00 0.0000E+00 0.0000E+00 0.0000E+00 0.0000E+00 0.0000E+00 0.0000E+00 0.0000E+00 0.0000E+00 0.0000E+00 0.0000E+00 0.0000E+00 0.0000E+00 0.0000E+00 0.0000E+00 -0.9990E+03 -0.9990E+03 -0.9990E+03 -0.9990E+03 -0.9990E+03 -0.9990E+03 -0.9990E+03 -0.9990E+03 -0.9990E+03 -0.9990E+03
0.3000E-03 0.2000E-02 0.6000E-02 0.1190E-01 0.3360E-01 0.8380E-01 0.1340E-01 0.7300E-02 0.3300E-02 0.6000E-03 0.0000E+00 0.0000E+00 0.0000E+00 0.0000E+00 0.0000E+00 0.0000E+00 0.0000E+00 0.0000E+00 0.0000E+00 0.0000E+00 0.0000E+00 0.0000E+00 0.0000E+00 0.0000E+00 0.0000E+00 0.0000E+00 0.0000E+00 0.0000E+00 0.0000E+00 0.0000E+00 0.0000E+00 0.0000E+00 0.0000E+00 0.0000E+00 0.0000E+00 0.0000E+00 0.0000E+00 0.0000E+00 0.0000E+00 0.0000E+00 0.0000E+00 0.0000E+00 0.0000E+00 0.0000E+00 0.0000E+00 0.0000E+00 -0.9990E+03 -0.9990E+03 -0.9990E+03 -0.9990E+03 -0.9990E+03 -0.9990E+03 -0.9990E+03 -0.9990E+03 -0.9990E+03 -0.9990E+03
0.1000E-02 0.2800E-02 0.6100E-02 0.1610E-01 0.8600E-01 0.2070E-01 0.1020E-01 0.5100E-02 0.2000E-02 0.1000E-03 0.0000E+00 0.0000E+00 0.0000E+00 0.0000E+00 0.0000E+00 0.0000E+00 0.0000E+00 0.0000E+00 0.0000E+00 0.0000E+00 0.0000E+00 0.0000E+00 0.0000E+00 0.0000E+00 0.0000E+00 0.0000E+00 0.0000E+00 0.0000E+00 0.0000E+00 0.0000E+00 0.0000E+00 0.0000E+00 0.0000E+00 0.0000E+00 0.0000E+00 0.0000E+00 0.0000E+00 0.0000E+00 0.0000E+00 0.0000E+00 0.0000E+00 0.0000E+00 0.0000E+00 0.0000E+00 0.0000E+00 0.0000E+00 -0.9990E+03 -0.9990E+03 -0.9990E+03 -0.9990E+03 -0.9990E+03 -0.9990E+03 -0.9990E+03 -0.9990E+03 -0.9990E+03 -0.9990E+03
0.1500E-02 0.3300E-02 0.8300E-02 0.1660E-01 0.7870E-01 0.1670E-01 0.8100E-02 0.3500E-02 0.1100E-02 0.0000E+00 0.0000E+00 0.0000E+00 0.0000E+00 0.0000E+00 0.0000E+00 0.0000E+00 0.0000E+00 0.0000E+00 0.0000E+00 0.0000E+00 0.0000E+00 0.0000E+00 0.0000E+00 0.0000E+00 0.0000E+00 0.0000E+00 0.0000E+00 0.0000E+00 0.0000E+00 0.0000E+00 0.0000E+00 0.0000E+00 0.0000E+00 0.0000E+00 0.0000E+00 0.0000E+00 0.0000E+00 0.0000E+00 0.0000E+00 0.0000E+00 0.0000E+00 0.0000E+00 0.0000E+00 0.0000E+00 0.0000E+00 0.0000E+00 -0.9990E+03 -0.9990E+03 -0.9990E+03 -0.9990E+03 -0.9990E+03 -0.9990E+03 -0.9990E+03 -0.9990E+03 -0.9990E+03 -0.9990E+03
0.2200E-02 0.4900E-02 0.1180E-01 0.7360E-01 0.2280E-01 0.9400E-02 0.5700E-02 0.2000E-02 0.4000E-03 0.0000E+00 0.0000E+00 0.0000E+00 0.0000E+00 0.0000E+00 0.0000E+00 0.0000E+00 0.0000E+00 0.0000E+00 0.0000E+00 0.0000E+00 0.0000E+00 0.0000E+00 0.0000E+00 0.0000E+00 0.0000E+00 0.0000E+00 0.0000E+00 0.0000E+00 0.0000E+00 0.0000E+00 0.0000E+00 0.0000E+00 0.0000E+00 0.0000E+00 0.0000E+00 0.0000E+00 0.0000E+00 0.0000E+00 0.0000E+00 0.0000E+00 0.0000E+00 0.0000E+00 0.0000E+00 0.0000E+00 0.0000E+00 -0.9990E+03 -0.9990E+03 -0.9990E+03 -0.9990E+03 -0.9990E+03 -0.9990E+03 -0.9990E+03 -0.9990E+03 -0.9990E+03 -0.9990E+03 -0.9990E+03
0.4700E-02 0.8900E-02 0.1530E-01 0.9370E-01 0.2120E-01 0.9400E-02 0.4300E-02 0.1000E-02 0.0000E+00 0.0000E+00 0.0000E+00 0.0000E+00 0.0000E+00 0.0000E+00 0.0000E+00 0.0000E+00 0.0000E+00 0.0000E+00 0.0000E+00 0.0000E+00 0.0000E+00 0.0000E+00 0.0000E+00 0.0000E+00 0.0000E+00 0.0000E+00 0.0000E+00 0.0000E+00 0.0000E+00 0.0000E+00 0.0000E+00 0.0000E+00 0.0000E+00 0.0000E+00 0.0000E+00 0.0000E+00 0.0000E+00 0.0000E+00 0.0000E+00 0.0000E+00 0.0000E+00 0.0000E+00 0.0000E+00 0.0000E+00 0.0000E+00 -0.9990E+03 -0.9990E+03 -0.9990E+03 -0.9990E+03 -0.9990E+03 -0.9990E+03 -0.9990E+03 -0.9990E+03 -0.9990E+03 -0.9990E+03 -0.9990E+03
0.6500E-02 0.1250E-01 0.3360E-01 0.8920E-01 0.1810E-01 0.8100E-02 0.2900E-02 0.4000E-03 0.0000E+00 0.0000E+00 0.0000E+00 0.0000E+00 0.0000E+00 0.0000E+00 0.0000E+00 0.0000E+00 0.0000E+00 0.0000E+00 0.0000E+00 0.0000E+00 0.0000E+00 0.0000E+00 0.0000E+00 0.0000E+00 0.0000E+00 0.0000E+00 0.0000E+00 0.0000E+00 0.0000E+00 0.0000E+00 0.0000E+00 0.0000E+00 0.0000E+00 0.0000E+00 0.0000E+00 0.0000E+00 0.0000E+00 0.0000E+00 0.0000E+00 0.0000E+00 0.0000E+00 0.0000E+00 0.0000E+00 0.0000E+00 0.0000E+00 -0.9990E+03 -0.9990E+03 -0.9990E+03 -0.9990E+03 -0.9990E+03 -0.9990E+03 -0.9990E+03 -0.9990E+03 -0.9990E+03 -0.9990E+03 -0.9990E+03
0.8000E-02 0.1720E-01 0.8870E-01 0.2520E-01 0.1190E-01 0.6900E-02 0.1800E-02 0.0000E+00 0.0000E+00 0.0000E+00 0.0000E+00 0.0000E+00 0.0000E+00 0.0000E+00 0.0000E+00 0.0000E+00 0.0000E+00 0.0000E+00 0.0000E+00 0.0000E+00 0.0000E+00 0.0000E+00 0.0000E+00 0.0000E+00 0.0000E+00 0.0000E+00 0.0000E+00 0.0000E+00 0.0000E+00 0.0000E+00 0.0000E+00 0.0000E+00 0.0000E+00 0.0000E+00 0.0000E+00 0.0000E+00 0.0000E+00 0.0000E+00 0.0000E+00 0.0000E+00 0.0000E+00 0.0000E+00 0.0000E+00 0.0000E+00 0.0000E+00 -0.9990E+03 -0.9990E+03 -0.9990E+03 -0.9990E+03 -0.9990E+03 -0.9990E+03 -0.9990E+03 -0.9990E+03 -0.9990E+03 -0.9990E+03 -0.9990E+03
0.8700E-02 0.1820E-01 0.9590E-01 0.2260E-01 0.1030E-01 0.6600E-02 0.1600E-02 0.0000E+00 0.0000E+00 0.0000E+00 0.0000E+00 0.0000E+00 0.0000E+00 0.0000E+00 0.0000E+00 0.0000E+00 0.0000E+00 0.0000E+00 0.0000E+00 0.0000E+00 0.0000E+00 0.0000E+00 0.0000E+00 0.0000E+00 0.0000E+00 0.0000E+00 0.0000E+00 0.0000E+00 0.0000E+00 0.0000E+00 0.0000E+00 0.0000E+00 0.0000E+00 0.0000E+00 0.0000E+00 0.0000E+00 0.0000E+00 0.0000E+00 0.0000E+00 0.0000E+00 0.0000E+00 0.0000E+00 0.0000E+00 0.0000E+00 0.0000E+00 -0.9990E+03 -0.9990E+03 -0.9990E+03 -0.9990E+03 -0.9990E+03 -0.9990E+03 -0.9990E+03 -0.9990E+03 -0.9990E+03 -0.9990E+03 -0.9990E+03
0.6700E-02 0.1700E-01 0.7920E-01 0.1930E-01 0.1070E-01 0.6500E-02 0.1800E-02 0.0000E+00 0.0000E+00 0.0000E+00 0.0000E+00 0.0000E+00 0.0000E+00 0.0000E+00 0.0000E+00 0.0000E+00 0.0000E+00 0.0000E+00 0.0000E+00 0.0000E+00 0.0000E+00 0.0000E+00 0.0000E+00 0.0000E+00 0.0000E+00 0.0000E+00 0.0000E+00 0.0000E+00 0.0000E+00 0.0000E+00 0.0000E+00 0.0000E+00 0.0000E+00 0.0000E+00 0.0000E+00 0.0000E+00 0.0000E+00 0.0000E+00 0.0000E+00 0.0000E+00 0.0000E+00 0.0000E+00 0.0000E+00 0.0000E+00 0.0000E+00 -0.9990E+03 -0.9990E+03 -0.9990E+03 -0.9990E+03 -0.9990E+03 -0.9990E+03 -0.9990E+03 -0.9990E+03 -0.9990E+03 -0.9990E+03 -0.9990E+03
0.5000E-02 0.1570E-01 0.8340E-01 0.2260E-01 0.1260E-01 0.7100E-02 0.2300E-02 0.0000E+00 0.0000E+00 0.0000E+00 0.0000E+00 0.0000E+00 0.0000E+00 0.0000E+00 0.0000E+00 0.0000E+00 0.0000E+00 0.0000E+00 0.0000E+00 0.0000E+00 0.0000E+00 0.0000E+00 0.0000E+00 0.0000E+00 0.0000E+00 0.0000E+00 0.0000E+00 0.0000E+00 0.0000E+00 0.0000E+00 0.0000E+00 0.0000E+00 0.0000E+00 0.2000E-03 0.4000E-03 0.1100E-02 0.1600E-02 0.2100E-02 0.2300E-02 0.2100E-02 0.2400E-02 0.2100E-02 0.1500E-02 0.1400E-02 0.1000E-02 -0.9990E+03 -0.9990E+03 -0.9990E+03 -0.9990E+03 -0.9990E+03 -0.9990E+03 -0.9990E+03 -0.9990E+03 -0.9990E+03 -0.9990E+03 -0.9990E+03
0.5700E-02 0.1250E-01 0.4300E-01 0.6020E-01 0.1650E-01 0.8000E-02 0.3200E-02 0.0000E+00 0.0000E+00 0.0000E+00 0.0000E+00 0.0000E+00 0.0000E+00 0.0000E+00 0.0000E+00 0.0000E+00 0.3000E-03 0.9000E-03 0.1800E-02 0.3000E-02 0.3000E-02 0.2900E-02 0.5400E-02 0.6200E-02 0.6000E-02 0.5600E-02 0.5200E-02 0.4400E-02 0.4700E-02 0.4400E-02 0.4100E-02 0.2600E-02 0.2200E-02 0.3600E-02 0.2800E-02 0.2600E-02 0.3900E-02 0.3500E-02 0.4100E-02 0.3400E-02 0.4200E-02 0.4100E-02 0.3300E-02 0.2900E-02 0.1900E-02 -0.9990E+03 -0.9990E+03 -0.9990E+03 -0.9990E+03 -0.9990E+03 -0.9990E+03 -0.9990E+03 -0.9990E+03 -0.9990E+03 -0.9990E+03 -0.9990E+03
0.3700E-02 0.9100E-02 0.1760E-01 0.7900E-01 0.1770E-01 0.8500E-02 0.4200E-02 0.6000E-03 0.6000E-03 0.4000E-03 0.4000E-03 0.0000E+00 0.2000E-03 0.8000E-03 0.1400E-02 0.2300E-02 0.4000E-02 0.5300E-02 0.6400E-02 0.8200E-02 0.9200E-02 0.9600E-02 0.9900E-02 0.9700E-02 0.9800E-02 0.9500E-02 0.7300E-02 0.8000E-02 0.7700E-02 0.7200E-02 0.7000E-02 0.4000E-02 0.4400E-02 0.3900E-02 0.6600E-02 0.7500E-02 0.7300E-02 0.1050E-01 0.8800E-02 0.6400E-02 0.8600E-02 0.9300E-02 0.8800E-02 0.5500E-02 0.2600E-02 -0.9990E+03 -0.9990E+03 -0.9990E+03 -0.9990E+03 -0.9990E+03 -0.9990E+03 -0.9990E+03 -0.9990E+03 -0.9990E+03 -0.9990E+03 -0.9990E+03
0.3900E-02 0.8400E-02 0.1760E-01 0.8400E-01 0.1950E-01 0.9600E-02 0.7300E-02 0.4800E-02 0.5400E-02 0.5300E-02 0.5200E-02 0.5100E-02 0.5400E-02 0.6000E-02 0.6900E-02 0.8100E-02 0.9600E-02 0.1090E-01 0.1240E-01 0.1600E-01 0.2000E-01 0.2070E-01 0.1870E-01 0.1980E-01 0.2040E-01 0.1980E-01 0.1720E-01 0.1620E-01 0.1520E-01 0.1490E-01 0.1450E-01 0.1310E-01 0.1350E-01 0.8900E-02 0.1050E-01 0.1520E-01 0.4680E-01 0.4530E-01 0.2990E-01 0.2950E-01 0.3610E-01 0.3740E-01 0.3850E-01 0.1010E-01 0.4400E-02 -0.9990E+03 -0.9990E+03 -0.9990E+03 -0.9990E+03 -0.9990E+03 -0.9990E+03 -0.9990E+03 -0.9990E+03 -0.9990E+03 -0.9990E+03 -0.9990E+03
0.6700E-02 0.1300E-01 0.2160E-01 0.8010E-01 0.1610E-01 0.1020E-01 0.9100E-02 0.8100E-02 0.7900E-02 0.8600E-02 0.8200E-02 0.8300E-02 0.8800E-02 0.9500E-02 0.1110E-01 0.1280E-01 0.2030E-01 0.2180E-01 0.2540E-01 0.7000E-01 0.7650E-01 0.7730E-01 0.7560E-01 0.7010E-01 0.7370E-01 0.8020E-01 0.5580E-01 0.5200E-01 0.5130E-01 0.5790E-01 0.5650E-01 0.5000E-01 0.4770E-01 0.4480E-01 0.4810E-01 0.4830E-01 0.1340E-01 0.7800E-02 0.3900E-02 0.3600E-02 0.4800E-02 0.5900E-02 0.4800E-02 0.2730E-01 0.1140E-01 -0.9990E+03 -0.9990E+03 -0.9990E+03 -0.9990E+03 -0.9990E+03 -0.9990E+03 -0.9990E+03 -0.9990E+03 -0.9990E+03 -0.9990E+03 -0.9990E+03
0.1370E-01 0.1600E-01 0.1610E-01 0.7140E-01 0.2070E-01 0.1590E-01 0.1610E-01 0.4300E-01 0.2000E-01 0.1760E-01 0.1720E-01 0.1760E-01 0.1790E-01 0.1840E-01 0.2060E-01 0.4200E-01 0.8290E-01 0.8090E-01 0.7050E-01 0.2260E-01 0.1560E-01 0.1490E-01 0.1460E-01 0.1430E-01 0.1360E-01 0.1370E-01 0.1160E-01 0.1060E-01 0.9700E-02 0.6200E-02 0.5500E-02 0.9700E-02 0.9500E-02 0.9000E-02 0.4900E-02 0.4800E-02 0.5200E-02 0.3600E-02 0.3100E-02 0.2400E-02 0.2800E-02 0.3000E-02 0.2900E-02 0.3400E-02 0.2500E-02 -0.9990E+03 -0.9990E+03 -0.9990E+03 -0.9990E+03 -0.9990E+03 -0.9990E+03 -0.9990E+03 -0.9990E+03 -0.9990E+03 -0.9990E+03 -0.9990E+03
0.3060E-01 0.3740E-01 0.2800E-01 0.1315E+00 0.7340E-01 0.6900E-01 0.7650E-01 0.4410E-01 0.5850E-01 0.7090E-01 0.6420E-01 0.6840E-01 0.7160E-01 0.7520E-01 0.7610E-01 0.6080E-01 0.1930E-01 0.1380E-01 0.1250E-01 0.9500E-02 0.7600E-02 0.6900E-02 0.6700E-02 0.4600E-02 0.6400E-02 0.6100E-02 0.5600E-02 0.4500E-02 0.4300E-02 0.2900E-02 0.2300E-02 0.4400E-02 0.4400E-02 0.4100E-02 0.3400E-02 0.2800E-02 0.2500E-02 0.2300E-02 0.1700E-02 0.1700E-02 0.1700E-02 0.1700E-02 0.1700E-02 0.1400E-02 0.1100E-02 -0.9990E+03 -0.9990E+03 -0.9990E+03 -0.9990E+03 -0.9990E+03 -0.9990E+03 -0.9990E+03 -0.9990E+03 -0.9990E+03 -0.9990E+03 -0.9990E+03
0.1142E+00 0.1329E+00 0.1305E+00 0.6740E-01 0.2170E-01 0.1520E-01 0.1280E-01 0.1070E-01 0.8600E-02 0.1100E-01 0.9200E-02 0.9500E-02 0.1320E-01 0.1300E-01 0.1300E-01 0.1160E-01 0.7700E-02 0.6700E-02 0.6000E-02 0.5200E-02 0.4500E-02 0.4100E-02 0.3600E-02 0.1700E-02 0.3500E-02 0.3500E-02 0.3300E-02 0.2800E-02 0.2000E-02 0.2500E-02 0.2400E-02 0.2500E-02 0.2600E-02 0.2200E-02 0.1800E-02 0.1400E-02 0.1000E-02 0.7000E-03 0.3000E-03 0.0000E+00 0.2000E-03 0.3000E-03 0.3000E-03 0.3000E-03 0.3000E-03 -0.9990E+03 -0.9990E+03 -0.9990E+03 -0.9990E+03 -0.9990E+03 -0.9990E+03 -0.9990E+03 -0.9990E+03 -0.9990E+03 -0.9990E+03 -0.9990E+03
0.8400E-01 0.3200E-01 0.4590E-01 0.1950E-01 0.1190E-01 0.8300E-02 0.5900E-02 0.5000E-02 0.5200E-02 0.5500E-02 0.4000E-02 0.4400E-02 0.5900E-02 0.5700E-02 0.5400E-02 0.4900E-02 0.4400E-02 0.3500E-02 0.2500E-02 0.1700E-02 0.1000E-02 0.5000E-03 0.0000E+00 0.0000E+00 0.0000E+00 0.0000E+00 0.0000E+00 0.0000E+00 0.0000E+00 0.0000E+00 0.0000E+00 0.0000E+00 0.0000E+00 0.0000E+00 0.0000E+00 0.0000E+00 0.0000E+00 0.0000E+00 0.0000E+00 0.0000E+00 0.0000E+00 0.0000E+00 0.0000E+00 0.0000E+00 0.0000E+00 -0.9990E+03 -0.9990E+03 -0.9990E+03 -0.9990E+03 -0.9990E+03 -0.9990E+03 -0.9990E+03 -0.9990E+03 -0.9990E+03 -0.9990E+03 -0.9990E+03
0.2420E-01 0.1820E-01 0.3020E-01 0.1080E-01 0.7900E-02 0.5500E-02 0.3400E-02 0.2800E-02 0.2900E-02 0.3000E-02 0.2600E-02 0.2100E-02 0.3400E-02 0.3000E-02 0.2600E-02 0.1800E-02 0.1300E-02 0.7000E-03 0.3000E-03 0.0000E+00 0.0000E+00 0.0000E+00 0.0000E+00 0.0000E+00 0.0000E+00 0.0000E+00 0.0000E+00 0.0000E+00 0.0000E+00 0.0000E+00 0.0000E+00 0.0000E+00 0.0000E+00 0.0000E+00 0.0000E+00 0.0000E+00 0.0000E+00 0.0000E+00 0.0000E+00 0.0000E+00 0.0000E+00 0.0000E+00 0.0000E+00 0.0000E+00 0.0000E+00 -0.9990E+03 -0.9990E+03 -0.9990E+03 -0.9990E+03 -0.9990E+03 -0.9990E+03 -0.9990E+03 -0.9990E+03 -0.9990E+03 -0.9990E+03 -0.9990E+03
0.9600E-02 0.6500E-02 0.2660E-01 0.9100E-02 0.4800E-02 0.2300E-02 0.3000E-03 0.0000E+00 0.0000E+00 0.0000E+00 0.0000E+00 0.0000E+00 0.0000E+00 0.0000E+00 0.0000E+00 0.0000E+00 0.0000E+00 0.0000E+00 0.0000E+00 0.0000E+00 0.0000E+00 0.0000E+00 0.0000E+00 0.0000E+00 0.0000E+00 0.0000E+00 0.0000E+00 0.0000E+00 0.0000E+00 0.0000E+00 0.0000E+00 0.0000E+00 0.0000E+00 0.0000E+00 0.0000E+00 0.0000E+00 0.0000E+00 0.0000E+00 0.0000E+00 0.0000E+00 0.0000E+00 0.0000E+00 0.0000E+00 0.0000E+00 0.0000E+00 -0.9990E+03 -0.9990E+03 -0.9990E+03 -0.9990E+03 -0.9990E+03 -0.9990E+03 -0.9990E+03 -0.9990E+03 -0.9990E+03 -0.9990E+03 -0.9990E+03
0.6900E-02 0.4600E-02 0.2970E-01 0.6900E-02 0.3000E-02 0.1500E-02 0.0000E+00 0.0000E+00 0.0000E+00 0.0000E+00 0.0000E+00 0.0000E+00 0.0000E+00 0.0000E+00 0.0000E+00 0.0000E+00 0.0000E+00 0.0000E+00 0.0000E+00 0.0000E+00 0.0000E+00 0.0000E+00 0.0000E+00 0.0000E+00 0.0000E+00 0.0000E+00 0.0000E+00 0.0000E+00 0.0000E+00 0.0000E+00 0.0000E+00 0.0000E+00 0.0000E+00 0.0000E+00 0.0000E+00 0.0000E+00 0.0000E+00 0.0000E+00 0.0000E+00 0.0000E+00 0.0000E+00 0.0000E+00 0.0000E+00 0.0000E+00 -0.9990E+03 -0.9990E+03 -0.9990E+03 -0.9990E+03 -0.9990E+03 -0.9990E+03 -0.9990E+03 -0.9990E+03 -0.9990E+03 -0.9990E+03 -0.9990E+03 -0.9990E+03
