Data/rwc_PM10_RR2020_2002.asc
NCOLS          280
NROWS          320
XLLCORNER            0
YLLCORNER       300000
CELLSIZE         1000
NODATA_VALUE  -0.9990E+03
[rows 225 to 249 of 320, columns 168 to 223 of 280]
0.0000E+00 0.0000E+00 0.0000E+00 0.0000E+00 0.0000E+00 0.0000E+00 0.0000E+00 0.0000E+00 0.0000E+00 0.0000E+00 0.0000E+00 0.0000E+00 0.0000E+00 0.0000E+00 0.0000E+00 0.0000E+00 0.0000E+00 0.0000E+00 0.0000E+00 0.0000E+00 0.0000E+00 0.0000E+00 0.0000E+00 0.0000E+00 0.0000E+00 0.1800E-02 0.1010E-01 0.1500E-01 0.2940E-01 0.2582E+00 0.4870E-01 0.2310E-01 0.1390E-01 0.3300E-02 0.0000E+00 0.0000E+00 0.0000E+00 0.0000E+00 0.0000E+00 0.0000E+00 0.0000E+00 0.0000E+00 0.0000E+00 -0.9990E+03 -0.9990E+03 -0.9990E+03 -0.9990E+03 -0.9990E+03 -0.9990E+03 -0.9990E+03 -0.9990E+03 -0.9990E+03 -0.9990E+03 -0.9990E+03 -0.9990E+03 -0.9990E+03
0.0000E+00 0.0000E+00 0.0000E+00 0.0000E+00 0.0000E+00 0.0000E+00 0.0000E+00 0.0000E+00 0.0000E+00 0.0000E+00 0.0000E+00 0.0000E+00 0.0000E+00 0.0000E+00 0.0000E+00 0.0000E+00 0.0000E+00 0.0000E+00 0.0000E+00 0.0000E+00 0.0000E+00 0.0000E+00 0.0000E+00 0.0000E+00 0.0000E+00 0.1200E-02 0.7000E-02 0.1220E-01 0.2850E-01 0.2504E+00 0.4720E-01 0.3110E-01 0.2050E-01 0.9600E-02 0.3300E-02 0.0000E+00 0.0000E+00 0.0000E+00 0.0000E+00 0.0000E+00 0.0000E+00 0.0000E+00 0.0000E+00 0.0000E+00 -0.9990E+03 -0.9990E+03 -0.9990E+03 -0.9990E+03 -0.9990E+03 -0.9990E+03 -0.9990E+03 -0.9990E+03 -0.9990E+03 -0.9990E+03 -0.9990E+03 -0.9990E+03
0.0000E+00 0.0000E+00 0.0000E+00 0.0000E+00 0.0000E+00 0.0000E+00 0.0000E+00 0.0000E+00 0.0000E+00 0.0000E+00 0.0000E+00 0.0000E+00 0.0000E+00 0.0000E+00 0.0000E+00 0.0000E+00 0.0000E+00 0.0000E+00 0.0000E+00 0.0000E+00 0.0000E+00 0.0000E+00 0.0000E+00 0.0000E+00 0.0000E+00 0.2000E-03 0.5400E-02 0.1080E-01 0.2860E-01 0.3065E+00 0.8180E-01 0.5130E-01 0.3100E-01 0.1820E-01 0.7900E-02 0.2300E-02 0.0000E+00 0.0000E+00 0.0000E+00 0.0000E+00 0.0000E+00 0.0000E+00 0.0000E+00 0.0000E+00 0.0000E+00 -0.9990E+03 -0.9990E+03 -0.9990E+03 -0.9990E+03 -0.9990E+03 -0.9990E+03 -0.9990E+03 -0.9990E+03 -0.9990E+03 -0.9990E+03 -0.9990E+03
0.0000E+00 0.0000E+00 0.0000E+00 0.0000E+00 0.0000E+00 0.0000E+00 0.0000E+00 0.0000E+00 0.0000E+00 0.0000E+00 0.0000E+00 0.0000E+00 0.0000E+00 0.0000E+00 0.0000E+00 0.0000E+00 0.0000E+00 0.0000E+00 0.0000E+00 0.0000E+00 0.0000E+00 0.0000E+00 0.0000E+00 0.0000E+00 0.0000E+00 0.0000E+00 0.4400E-02 0.1090E-01 0.2480E-01 0.6210E-01 0.4182E+00 0.9530E-01 0.5370E-01 0.2900E-01 0.1530E-01 0.4200E-02 0.0000E+00 0.0000E+00 0.0000E+00 0.0000E+00 0.0000E+00 0.0000E+00 0.0000E+00 0.0000E+00 0.0000E+00 -0.9990E+03 -0.9990E+03 -0.9990E+03 -0.9990E+03 -0.9990E+03 -0.9990E+03 -0.9990E+03 -0.9990E+03 -0.9990E+03 -0.9990E+03 -0.9990E+03
0.0000E+00 0.0000E+00 0.0000E+00 0.0000E+00 0.0000E+00 0.0000E+00 0.0000E+00 0.0000E+00 0.0000E+00 0.0000E+00 0.0000E+00 0.0000E+00 0.0000E+00 0.0000E+00 0.0000E+00 0.0000E+00 0.0000E+00 0.0000E+00 0.0000E+00 0.0000E+00 0.0000E+00 0.0000E+00 0.0000E+00 0.0000E+00 0.0000E+00 0.0000E+00 0.2700E-02 0.7800E-02 0.1730E-01 0.3730E-01 0.8000E-01 0.4153E+00 0.9500E-01 0.4820E-01 0.2320E-01 0.1050E-01 0.2100E-02 0.0000E+00 0.0000E+00 0.0000E+00 0.0000E+00 0.0000E+00 0.0000E+00 0.0000E+00 0.0000E+00 -0.9990E+03 -0.9990E+03 -0.9990E+03 -0.9990E+03 -0.9990E+03 -0.9990E+03 -0.9990E+03 -0.9990E+03 -0.9990E+03 -0.9990E+03 -0.9990E+03
0.0000E+00 0.0000E+00 0.0000E+00 0.0000E+00 0.0000E+00 0.0000E+00 0.0000E+00 0.0000E+00 0.0000E+00 0.0000E+00 0.0000E+00 0.0000E+00 0.0000E+00 0.0000E+00 0.0000E+00 0.0000E+00 0.0000E+00 0.0000E+00 0.0000E+00 0.0000E+00 0.0000E+00 0.0000E+00 0.0000E+00 0.0000E+00 0.0000E+00 0.0000E+00 0.1400E-02 0.4800E-02 0.1200E-01 0.2330E-01 0.4640E-01 0.1763E+00 0.3101E+00 0.7070E-01 0.3170E-01 0.1510E-01 0.3900E-02 0.0000E+00 0.0000E+00 0.0000E+00 0.0000E+00 0.0000E+00 0.0000E+00 0.0000E+00 0.0000E+00 -0.9990E+03 -0.9990E+03 -0.9990E+03 -0.9990E+03 -0.9990E+03 -0.9990E+03 -0.9990E+03 -0.9990E+03 -0.9990E+03 -0.9990E+03 -0.9990E+03
0.0000E+00 0.0000E+00 0.0000E+00 0.0000E+00 0.0000E+00 0.0000E+00 0.0000E+00 0.0000E+00 0.0000E+00 0.0000E+00 0.0000E+00 0.0000E+00 0.0000E+00 0.0000E+00 0.0000E+00 0.0000E+00 0.0000E+00 0.0000E+00 0.0000E+00 0.0000E+00 0.0000E+00 0.0000E+00 0.0000E+00 0.0000E+00 0.0000E+00 0.0000E+00 0.0000E+00 0.2200E-02 0.4800E-02 0.1320E-01 0.3000E-01 0.5590E-01 0.3551E+00 0.8810E-01 0.4490E-01 0.2180E-01 0.7900E-02 0.1100E-02 0.0000E+00 0.0000E+00 0.0000E+00 0.0000E+00 0.0000E+00 0.0000E+00 0.0000E+00 0.0000E+00 -0.9990E+03 -0.9990E+03 -0.9990E+03 -0.9990E+03 -0.9990E+03 -0.9990E+03 -0.9990E+03 -0.9990E+03 -0.9990E+03 -0.9990E+03
0.0000E+00 0.0000E+00 0.0000E+00 0.0000E+00 0.0000E+00 0.0000E+00 0.0000E+00 0.0000E+00 0.0000E+00 0.0000E+00 0.0000E+00 0.0000E+00 0.0000E+00 0.0000E+00 0.0000E+00 0.0000E+00 0.0000E+00 0.0000E+00 0.0000E+00 0.0000E+00 0.0000E+00 0.0000E+00 0.0000E+00 0.0000E+00 0.0000E+00 0.0000E+00 0.0000E+00 0.1000E-03 0.3000E-02 0.9600E-02 0.1880E-01 0.3970E-01 0.1579E+00 0.2844E+00 0.6560E-01 0.2970E-01 0.1470E-01 0.5000E-02 0.1000E-03 0.0000E+00 0.0000E+00 0.0000E+00 0.0000E+00 0.0000E+00 0.0000E+00 0.0000E+00 -0.9990E+03 -0.9990E+03 -0.9990E+03 -0.9990E+03 -0.9990E+03 -0.9990E+03 -0.9990E+03 -0.9990E+03 -0.9990E+03 -0.9990E+03
0.0000E+00 0.0000E+00 0.0000E+00 0.0000E+00 0.0000E+00 0.0000E+00 0.0000E+00 0.0000E+00 0.0000E+00 0.0000E+00 0.0000E+00 0.0000E+00 0.0000E+00 0.0000E+00 0.0000E+00 0.0000E+00 0.0000E+00 0.0000E+00 0.0000E+00 0.0000E+00 0.0000E+00 0.0000E+00 0.0000E+00 0.0000E+00 0.0000E+00 0.0000E+00 0.0000E+00 0.0000E+00 0.5000E-03 0.5100E-02 0.1320E-01 0.2620E-01 0.5360E-01 0.3355E+00 0.7780E-01 0.4340E-01 0.2580E-01 0.1330E-01 0.4900E-02 0.1800E-02 0.0000E+00 0.0000E+00 0.0000E+00 0.0000E+00 0.0000E+00 0.0000E+00 -0.9990E+03 -0.9990E+03 -0.9990E+03 -0.9990E+03 -0.9990E+03 -0.9990E+03 -0.9990E+03 -0.9990E+03 -0.9990E+03 -0.9990E+03
0.0000E+00 0.0000E+00 0.0000E+00 0.0000E+00 0.0000E+00 0.0000E+00 0.0000E+00 0.0000E+00 0.0000E+00 0.0000E+00 0.0000E+00 0.0000E+00 0.0000E+00 0.0000E+00 0.0000E+00 0.0000E+00 0.0000E+00 0.0000E+00 0.0000E+00 0.0000E+00 0.0000E+00 0.0000E+00 0.0000E+00 0.0000E+00 0.0000E+00 0.0000E+00 0.0000E+00 0.0000E+00 0.0000E+00 0.2200E-02 0.8400E-02 0.1530E-01 0.2590E-01 0.1564E+00 0.2312E+00 0.6390E-01 0.4090E-01 0.2630E-01 0.1090E-01 0.7100E-02 0.1700E-02 0.0000E+00 0.0000E+00 0.0000E+00 0.0000E+00 -0.9990E+03 -0.9990E+03 -0.9990E+03 -0.9990E+03 -0.9990E+03 -0.9990E+03 -0.9990E+03 -0.9990E+03 -0.9990E+03 -0.9990E+03 -0.9990E+03
0.4500E-02 0.8200E-02 0.9800E-02 0.1240E-01 0.2040E-01 0.2230E-01 0.2250E-01 0.2210E-01 0.1810E-01 0.1530E-01 0.1460E-01 0.1730E-01 0.1470E-01 0.1180E-01 0.5400E-02 0.2500E-02 0.5000E-03 0.0000E+00 0.0000E+00 0.0000E+00 0.0000E+00 0.0000E+00 0.0000E+00 0.0000E+00 0.0000E+00 0.0000E+00 0.0000E+00 0.0000E+00 0.0000E+00 0.5000E-03 0.4700E-02 0.1170E-01 0.1870E-01 0.3350E-01 0.3954E+00 0.1123E+00 0.7840E-01 0.4760E-01 0.1730E-01 0.1340E-01 0.6100E-02 0.3000E-03 0.0000E+00 0.0000E+00 0.0000E+00 -0.9990E+03 -0.9990E+03 -0.9990E+03 -0.9990E+03 -0.9990E+03 -0.9990E+03 -0.9990E+03 -0.9990E+03 -0.9990E+03 -0.9990E+03 -0.9990E+03
0.1090E-01 0.1790E-01 0.2000E-01 0.2230E-01 0.3680E-01 0.3800E-01 0.3640E-01 0.3560E-01 0.3680E-01 0.3970E-01 0.3640E-01 0.3730E-01 0.3340E-01 0.2640E-01 0.2220E-01 0.1570E-01 0.1060E-01 0.6000E-02 0.2100E-02 0.0000E+00 0.0000E+00 0.0000E+00 0.0000E+00 0.0000E+00 0.0000E+00 0.0000E+00 0.0000E+00 0.0000E+00 0.0000E+00 0.0000E+00 0.2100E-02 0.7100E-02 0.1140E-01 0.2830E-01 0.5340E-01 0.3899E+00 0.2771E+00 0.8830E-01 0.3780E-01 0.2290E-01 0.1210E-01 0.3800E-02 0.0000E+00 0.0000E+00 0.0000E+00 -0.9990E+03 -0.9990E+03 -0.9990E+03 -0.9990E+03 -0.9990E+03 -0.9990E+03 -0.9990E+03 -0.9990E+03 -0.9990E+03 -0.9990E+03 -0.9990E+03
0.2760E-01 0.3940E-01 0.5420E-01 0.8070E-01 0.7970E-01 0.8430E-01 0.6500E-01 0.6730E-01 0.9150E-01 0.8810E-01 0.6150E-01 0.6590E-01 0.8000E-01 0.5380E-01 0.2720E-01 0.2320E-01 0.2440E-01 0.1750E-01 0.1120E-01 0.6100E-02 0.2700E-02 0.0000E+00 0.0000E+00 0.0000E+00 0.0000E+00 0.0000E+00 0.0000E+00 0.0000E+00 0.0000E+00 0.0000E+00 0.4000E-03 0.3900E-02 0.9000E-02 0.1760E-01 0.3620E-01 0.6950E-01 0.2886E+00 0.2750E+00 0.6810E-01 0.3480E-01 0.1830E-01 0.7100E-02 0.0000E+00 0.0000E+00 0.0000E+00 -0.9990E+03 -0.9990E+03 -0.9990E+03 -0.9990E+03 -0.9990E+03 -0.9990E+03 -0.9990E+03 -0.9990E+03 -0.9990E+03 -0.9990E+03 -0.9990E+03
0.5800E-01 0.2013E+00 0.3432E+00 0.4105E+00 0.3996E+00 0.3939E+00 0.3682E+00 0.3681E+00 0.4213E+00 0.4124E+00 0.3745E+00 0.3949E+00 0.3674E+00 0.1430E+00 0.7790E-01 0.4960E-01 0.4480E-01 0.3410E-01 0.2680E-01 0.2030E-01 0.1450E-01 0.8600E-02 0.5300E-02 0.1600E-02 0.0000E+00 0.0000E+00 0.0000E+00 0.0000E+00 0.0000E+00 0.0000E+00 0.6000E-03 0.4600E-02 0.9400E-02 0.2000E-01 0.3410E-01 0.5640E-01 0.8970E-01 0.3871E+00 0.1599E+00 0.5070E-01 0.4390E-01 0.2620E-01 0.1440E-01 0.1120E-01 0.6900E-02 -0.9990E+03 -0.9990E+03 -0.9990E+03 -0.9990E+03 -0.9990E+03 -0.9990E+03 -0.9990E+03 -0.9990E+03 -0.9990E+03 -0.9990E+03 -0.9990E+03
0.3749E+00 0.2515E+00 0.7460E-01 0.6540E-01 0.6050E-01 0.4580E-01 0.5960E-01 0.5920E-01 0.6390E-01 0.6410E-01 0.5960E-01 0.4100E-01 0.4090E-01 0.2803E+00 0.3772E+00 0.3005E+00 0.7590E-01 0.5230E-01 0.5180E-01 0.3800E-01 0.3130E-01 0.2460E-01 0.1550E-01 0.1130E-01 0.5900E-02 0.2400E-02 0.0000E+00 0.1000E-03 0.1600E-02 0.3900E-02 0.8800E-02 0.1140E-01 0.1400E-01 0.3420E-01 0.4890E-01 0.6300E-01 0.7810E-01 0.1204E+00 0.4498E+00 0.9500E-01 0.6300E-01 0.3320E-01 0.2410E-01 0.1980E-01 0.1360E-01 -0.9990E+03 -0.9990E+03 -0.9990E+03 -0.9990E+03 -0.9990E+03 -0.9990E+03 -0.9990E+03 -0.9990E+03 -0.9990E+03 -0.9990E+03 -0.9990E+03
0.7550E-01 0.4800E-01 0.3350E-01 0.2820E-01 0.2630E-01 0.2190E-01 0.2460E-01 0.2510E-01 0.2690E-01 0.2730E-01 0.2720E-01 0.1500E-01 0.1850E-01 0.3970E-01 0.6000E-01 0.1366E+00 0.3087E+00 0.3591E+00 0.8890E-01 0.8230E-01 0.6620E-01 0.3420E-01 0.3040E-01 0.2740E-01 0.2490E-01 0.2320E-01 0.2250E-01 0.2290E-01 0.1810E-01 0.1750E-01 0.2920E-01 0.3640E-01 0.4290E-01 0.6480E-01 0.8370E-01 0.8470E-01 0.9330E-01 0.1385E+00 0.4247E+00 0.1490E+00 0.1123E+00 0.7780E-01 0.4690E-01 0.4400E-01 0.2500E-01 0.1110E-01 -0.9990E+03 -0.9990E+03 -0.9990E+03 -0.9990E+03 -0.9990E+03 -0.9990E+03 -0.9990E+03 -0.9990E+03 -0.9990E+03 -0.9990E+03
0.3200E-01 0.2320E-01 0.1850E-01 0.1590E-01 0.1500E-01 0.1430E-01 0.1020E-01 0.1410E-01 0.1460E-01 0.1390E-01 0.9900E-02 0.1500E-01 0.1280E-01 0.2070E-01 0.2730E-01 0.2450E-01 0.3770E-01 0.8090E-01 0.3447E+00 0.3728E+00 0.2378E+00 0.8990E-01 0.7300E-01 0.4990E-01 0.3710E-01 0.3830E-01 0.3860E-01 0.3500E-01 0.2840E-01 0.2990E-01 0.5080E-01 0.8140E-01 0.1068E+00 0.2409E+00 0.4282E+00 0.3896E+00 0.3504E+00 0.4158E+00 0.7664E+00 0.3903E+00 0.4009E+00 0.3182E+00 0.2341E+00 0.2154E+00 0.4280E-01 0.1700E-01 -0.9990E+03 -0.9990E+03 -0.9990E+03 -0.9990E+03 -0.9990E+03 -0.9990E+03 -0.9990E+03 -0.9990E+03 -0.9990E+03 -0.9990E+03
0.1220E-01 0.8700E-02 0.4900E-02 0.2300E-02 0.8000E-03 0.0000E+00 0.0000E+00 0.0000E+00 0.0000E+00 0.0000E+00 0.7000E-03 0.3600E-02 0.6000E-02 0.7400E-02 0.1310E-01 0.1670E-01 0.2410E-01 0.3430E-01 0.4970E-01 0.6400E-01 0.2128E+00 0.3647E+00 0.3043E+00 0.8840E-01 0.8300E-01 0.7820E-01 0.8750E-01 0.8000E-01 0.8220E-01 0.9130E-01 0.1189E+00 0.4314E+00 0.4348E+00 0.3167E+00 0.8310E-01 0.6990E-01 0.7480E-01 0.9550E-01 0.4814E+00 0.9520E-01 0.6600E-01 0.4770E-01 0.2880E-01 0.8220E-01 0.1556E+00 -0.9990E+03 -0.9990E+03 -0.9990E+03 -0.9990E+03 -0.9990E+03 -0.9990E+03 -0.9990E+03 -0.9990E+03 -0.9990E+03 -0.9990E+03 -0.9990E+03
0.8900E-02 0.2900E-02 0.8000E-03 0.0000E+00 0.0000E+00 0.0000E+00 0.0000E+00 0.0000E+00 0.0000E+00 0.0000E+00 0.0000E+00 0.0000E+00 0.4000E-03 0.1800E-02 0.4000E-02 0.7300E-02 0.1140E-01 0.1640E-01 0.2190E-01 0.2990E-01 0.4160E-01 0.6070E-01 0.1570E+00 0.3423E+00 0.3524E+00 0.3668E+00 0.3738E+00 0.3701E+00 0.3660E+00 0.3830E+00 0.3860E+00 0.8490E-01 0.6580E-01 0.4920E-01 0.3320E-01 0.3520E-01 0.4180E-01 0.6870E-01 0.3444E+00 0.7070E-01 0.4380E-01 0.3410E-01 0.1860E-01 0.1880E-01 0.1580E-01 0.5600E-02 -0.9990E+03 -0.9990E+03 -0.9990E+03 -0.9990E+03 -0.9990E+03 -0.9990E+03 -0.9990E+03 -0.9990E+03 -0.9990E+03 -0.9990E+03
0.1290E-01 0.6000E-02 0.2800E-02 0.0000E+00 0.0000E+00 0.0000E+00 0.0000E+00 0.0000E+00 0.0000E+00 0.0000E+00 0.0000E+00 0.0000E+00 0.0000E+00 0.0000E+00 0.1000E-03 0.1600E-02 0.4000E-02 0.7000E-02 0.1060E-01 0.1400E-01 0.1320E-01 0.2820E-01 0.3830E-01 0.4720E-01 0.3790E-01 0.5500E-01 0.5790E-01 0.5540E-01 0.5270E-01 0.5560E-01 0.5180E-01 0.3490E-01 0.2800E-01 0.2050E-01 0.1720E-01 0.2260E-01 0.2510E-01 0.5260E-01 0.3771E+00 0.7560E-01 0.5800E-01 0.3600E-01 0.1830E-01 0.1200E-01 0.6600E-02 0.2700E-02 -0.9990E+03 -0.9990E+03 -0.9990E+03 -0.9990E+03 -0.9990E+03 -0.9990E+03 -0.9990E+03 -0.9990E+03 -0.9990E+03 -0.9990E+03
0.2990E-01 0.1820E-01 0.9800E-02 0.3600E-02 0.0000E+00 0.0000E+00 0.0000E+00 0.0000E+00 0.0000E+00 0.0000E+00 0.0000E+00 0.0000E+00 0.0000E+00 0.0000E+00 0.0000E+00 0.0000E+00 0.0000E+00 0.9000E-03 0.2800E-02 0.5300E-02 0.9000E-02 0.1290E-01 0.1680E-01 0.1950E-01 0.2150E-01 0.1670E-01 0.2390E-01 0.2360E-01 0.2340E-01 0.2120E-01 0.2100E-01 0.1660E-01 0.7300E-02 0.4900E-02 0.5000E-02 0.8200E-02 0.1310E-01 0.2780E-01 0.1050E+00 0.4008E+00 0.1763E+00 0.4230E-01 0.1750E-01 0.1000E-01 0.1800E-02 0.8000E-03 -0.9990E+03 -0.9990E+03 -0.9990E+03 -0.9990E+03 -0.9990E+03 -0.9990E+03 -0.9990E+03 -0.9990E+03 -0.9990E+03 -0.9990E+03
0.5740E-01 0.3340E-01 0.1440E-01 0.9800E-02 0.3300E-02 0.0000E+00 0.0000E+00 0.0000E+00 0.0000E+00 0.0000E+00 0.0000E+00 0.0000E+00 0.0000E+00 0.0000E+00 0.0000E+00 0.0000E+00 0.0000E+00 0.0000E+00 0.0000E+00 0.6000E-03 0.2300E-02 0.2800E-02 0.6000E-02 0.9200E-02 0.1150E-01 0.1300E-01 0.1340E-01 0.1350E-01 0.1210E-01 0.1030E-01 0.7700E-02 0.5000E-02 0.3000E-02 0.1200E-02 0.0000E+00 0.3100E-02 0.9000E-02 0.1890E-01 0.3440E-01 0.5370E-01 0.3734E+00 0.6210E-01 0.2390E-01 0.9200E-02 0.8000E-03 -0.9990E+03 -0.9990E+03 -0.9990E+03 -0.9990E+03 -0.9990E+03 -0.9990E+03 -0.9990E+03 -0.9990E+03 -0.9990E+03 -0.9990E+03 -0.9990E+03
0.1119E+00 0.5070E-01 0.3230E-01 0.1710E-01 0.7400E-02 0.1500E-02 0.0000E+00 0.0000E+00 0.0000E+00 0.0000E+00 0.0000E+00 0.0000E+00 0.0000E+00 0.0000E+00 0.0000E+00 0.0000E+00 0.0000E+00 0.0000E+00 0.0000E+00 0.0000E+00 0.0000E+00 0.0000E+00 0.0000E+00 0.0000E+00 0.0000E+00 0.0000E+00 0.0000E+00 0.0000E+00 0.0000E+00 0.0000E+00 0.0000E+00 0.0000E+00 0.0000E+00 0.0000E+00 0.0000E+00 0.2200E-02 0.8000E-02 0.1730E-01 0.2340E-01 0.4670E-01 0.3030E+00 0.1015E+00 0.2490E-01 0.7800E-02 -0.9990E+03 -0.9990E+03 -0.9990E+03 -0.9990E+03 -0.9990E+03 -0.9990E+03 -0.9990E+03 -0.9990E+03 -0.9990E+03 -0.9990E+03 -0.9990E+03 -0.9990E+03
0.4956E+00 0.7860E-01 0.5070E-01 0.2750E-01 0.1270E-01 0.4900E-02 0.7000E-03 0.0000E+00 0.0000E+00 0.0000E+00 0.0000E+00 0.0000E+00 0.0000E+00 0.0000E+00 0.0000E+00 0.0000E+00 0.0000E+00 0.0000E+00 0.0000E+00 0.0000E+00 0.0000E+00 0.0000E+00 0.0000E+00 0.0000E+00 0.0000E+00 0.0000E+00 0.0000E+00 0.0000E+00 0.0000E+00 0.0000E+00 0.0000E+00 0.0000E+00 0.0000E+00 0.0000E+00 0.4000E-03 0.2300E-02 0.6900E-02 0.2020E-01 0.2980E-01 0.2093E+00 0.6910E-01 0.7890E-01 0.1900E-01 -0.9990E+03 -0.9990E+03 -0.9990E+03 -0.9990E+03 -0.9990E+03 -0.9990E+03 -0.9990E+03 -0.9990E+03 -0.9990E+03 -0.9990E+03 -0.9990E+03 -0.9990E+03 -0.9990E+03
0.1064E+00 0.4462E+00 0.8770E-01 0.4480E-01 0.2270E-01 0.1250E-01 0.5700E-02 0.1300E-02 0.0000E+00 0.0000E+00 0.0000E+00 0.0000E+00 0.0000E+00 0.0000E+00 0.0000E+00 0.0000E+00 0.0000E+00 0.0000E+00 0.0000E+00 0.0000E+00 0.0000E+00 0.0000E+00 0.0000E+00 0.0000E+00 0.0000E+00 0.0000E+00 0.0000E+00 0.0000E+00 0.0000E+00 0.0000E+00 0.0000E+00 0.0000E+00 0.0000E+00 0.3000E-03 0.1800E-02 0.5000E-02 0.1130E-01 0.2790E-01 0.5040E-01 0.2799E+00 0.4270E-01 0.1680E-01 -0.9990E+03 -0.9990E+03 -0.9990E+03 -0.9990E+03 -0.9990E+03 -0.9990E+03 -0.9990E+03 -0.9990E+03 -0.9990E+03 -0.9990E+03 -0.9990E+03 -0.9990E+03 -0.9990E+03 -0.9990E+03
