Data/rwc_NOx_RR2025_2002.asc
NCOLS          280
NROWS          320
XLLCORNER            0
YLLCORNER       300000
CELLSIZE         1000
NODATA_VALUE  -0.9990E+03
[rows 150 to 174 of 320, columns 56 to 111 of 280]
-0.9990E+03 -0.9990E+03 -0.9990E+03 -0.9990E+03 -0.9990E+03 -0.9990E+03 -0.9990E+03 -0.9990E+03 -0.9990E+03 -0.9990E+03 -0.9990E+03 -0.9990E+03 -0.9990E+03 -0.9990E+03 -0.9990E+03 -0.9990E+03 -0.9990E+03 -0.9990E+03 -0.9990E+03 -0.9990E+03 -0.9990E+03 -0.9990E+03 -0.9990E+03 -0.9990E+03 -0.9990E+03 -0.9990E+03 -0.9990E+03 -0.9990E+03 -0.9990E+03 0.0000E+00 0.0000E+00 0.0000E+00 0.2500E-01 0.5900E-01 0.1400E+00 0.3770E+00 0.8870E+00 0.2393E+01 0.4001E+01 0.1845E+01 0.8380E+00 0.7850E+00 0.6990E+00 0.8950E+00 0.1333E+01 0.2258E+01 0.8618E+01 0.3141E+01 0.1101E+01 0.8980E+00 0.4820E+00 0.2170E+00 0.6100E-01 0.0000E+00 0.0000E+00 0.0000E+00
-0.9990E+03 -0.9990E+03 -0.9990E+03 -0.9990E+03 -0.9990E+03 -0.9990E+03 -0.9990E+03 -0.9990E+03 -0.9990E+03 -0.9990E+03 -0.9990E+03 -0.9990E+03 -0.9990E+03 -0.9990E+03 -0.9990E+03 -0.9990E+03 -0.9990E+03 -0.9990E+03 -0.9990E+03 -0.9990E+03 -0.9990E+03 -0.9990E+03 -0.9990E+03 -0.9990E+03 -0.9990E+03 -0.9990E+03 -0.9990E+03 -0.9990E+03 0.0000E+00 0.0000E+00 0.0000E+00 0.0000E+00 0.4300E-01 0.9200E-01 0.2580E+00 0.7480E+00 0.4282E+01 0.3273E+01 0.7120E+00 0.5920E+00 0.5040E+00 0.5450E+00 0.7580E+00 0.1131E+01 0.1782E+01 0.3146E+01 0.8552E+01 0.1349E+01 0.1003E+01 0.5130E+00 0.2320E+00 0.6500E-01 0.0000E+00 0.0000E+00 0.0000E+00 0.0000E+00
-0.9990E+03 -0.9990E+03 -0.9990E+03 -0.9990E+03 -0.9990E+03 -0.9990E+03 -0.9990E+03 -0.9990E+03 -0.9990E+03 -0.9990E+03 -0.9990E+03 -0.9990E+03 -0.9990E+03 -0.9990E+03 -0.9990E+03 -0.9990E+03 -0.9990E+03 -0.9990E+03 -0.9990E+03 -0.9990E+03 -0.9990E+03 -0.9990E+03 -0.9990E+03 -0.9990E+03 -0.9990E+03 -0.9990E+03 -0.9990E+03 -0.9990E+03 0.0000E+00 0.0000E+00 0.0000E+00 0.1200E-01 0.7100E-01 0.1380E+00 0.3370E+00 0.2949E+01 0.1070E+01 0.5460E+00 0.3510E+00 0.3920E+00 0.4190E+00 0.5740E+00 0.9140E+00 0.1373E+01 0.2601E+01 0.1063E+02 0.2601E+01 0.1063E+01 0.5670E+00 0.2380E+00 0.6500E-01 0.0000E+00 0.0000E+00 0.0000E+00 0.0000E+00 0.0000E+00
-0.9990E+03 -0.9990E+03 -0.9990E+03 -0.9990E+03 -0.9990E+03 -0.9990E+03 -0.9990E+03 -0.9990E+03 -0.9990E+03 -0.9990E+03 -0.9990E+03 -0.9990E+03 -0.9990E+03 -0.9990E+03 -0.9990E+03 -0.9990E+03 -0.9990E+03 -0.9990E+03 -0.9990E+03 -0.9990E+03 -0.9990E+03 -0.9990E+03 -0.9990E+03 -0.9990E+03 -0.9990E+03 -0.9990E+03 -0.9990E+03 0.0000E+00 0.0000E+00 0.0000E+00 0.2000E-02 0.2900E-01 0.1210E+00 0.1940E+00 0.4580E+00 0.3139E+01 0.5510E+00 0.3350E+00 0.2420E+00 0.3080E+00 0.5010E+00 0.8490E+00 0.1662E+01 0.3057E+01 0.8991E+01 0.7639E+01 0.1694E+01 0.7170E+00 0.3640E+00 0.1140E+00 0.7000E-02 0.0000E+00 0.0000E+00 0.0000E+00 0.0000E+00 0.0000E+00
-0.9990E+03 -0.9990E+03 -0.9990E+03 -0.9990E+03 -0.9990E+03 -0.9990E+03 -0.9990E+03 -0.9990E+03 -0.9990E+03 -0.9990E+03 -0.9990E+03 -0.9990E+03 -0.9990E+03 -0.9990E+03 -0.9990E+03 -0.9990E+03 -0.9990E+03 -0.9990E+03 -0.9990E+03 -0.9990E+03 -0.9990E+03 -0.9990E+03 -0.9990E+03 -0.9990E+03 -0.9990E+03 -0.9990E+03 0.0000E+00 0.0000E+00 0.0000E+00 0.5000E-02 0.3000E-01 0.7300E-01 0.2030E+00 0.3780E+00 0.7650E+00 0.3395E+01 0.5250E+00 0.2910E+00 0.2450E+00 0.3150E+00 0.6080E+00 0.1459E+01 0.4633E+01 0.1135E+02 0.5462E+01 0.1937E+01 0.9500E+00 0.3710E+00 0.2190E+00 0.4800E-01 0.0000E+00 0.0000E+00 0.0000E+00 0.0000E+00 0.0000E+00 0.0000E+00
-0.9990E+03 -0.9990E+03 -0.9990E+03 -0.9990E+03 -0.9990E+03 -0.9990E+03 -0.9990E+03 -0.9990E+03 -0.9990E+03 -0.9990E+03 -0.9990E+03 -0.9990E+03 -0.9990E+03 -0.9990E+03 -0.9990E+03 -0.9990E+03 -0.9990E+03 -0.9990E+03 -0.9990E+03 -0.9990E+03 -0.9990E+03 -0.9990E+03 -0.9990E+03 -0.9990E+03 -0.9990E+03 -0.9990E+03 0.0000E+00 0.0000E+00 0.7000E-02 0.2300E-01 0.6400E-01 0.1410E+00 0.3060E+00 0.5700E+00 0.2458E+01 0.1863E+01 0.4410E+00 0.3170E+00 0.3750E+00 0.5190E+00 0.8420E+00 0.2466E+01 0.1206E+02 0.2488E+01 0.1624E+01 0.9780E+00 0.5230E+00 0.1570E+00 0.1220E+00 0.3000E-02 0.0000E+00 0.0000E+00 0.0000E+00 0.0000E+00 0.0000E+00 0.0000E+00
-0.9990E+03 -0.9990E+03 -0.9990E+03 -0.9990E+03 -0.9990E+03 -0.9990E+03 -0.9990E+03 -0.9990E+03 -0.9990E+03 -0.9990E+03 -0.9990E+03 -0.9990E+03 -0.9990E+03 -0.9990E+03 -0.9990E+03 -0.9990E+03 -0.9990E+03 -0.9990E+03 -0.9990E+03 -0.9990E+03 -0.9990E+03 -0.9990E+03 -0.9990E+03 -0.9990E+03 -0.9990E+03 0.0000E+00 0.0000E+00 0.8000E-02 0.2700E-01 0.5600E-01 0.1120E+00 0.2440E+00 0.5050E+00 0.1140E+01 0.3166E+01 0.5490E+00 0.4200E+00 0.4490E+00 0.6710E+00 0.1185E+01 0.3254E+01 0.9867E+01 0.3201E+01 0.1467E+01 0.8800E+00 0.5440E+00 0.2810E+00 0.1390E+00 0.2600E-01 0.1000E-02 0.0000E+00 0.0000E+00 0.0000E+00 0.0000E+00 0.0000E+00 0.0000E+00
-0.9990E+03 -0.9990E+03 -0.9990E+03 -0.9990E+03 -0.9990E+03 -0.9990E+03 -0.9990E+03 -0.9990E+03 -0.9990E+03 -0.9990E+03 -0.9990E+03 -0.9990E+03 -0.9990E+03 -0.9990E+03 -0.9990E+03 -0.9990E+03 -0.9990E+03 -0.9990E+03 -0.9990E+03 -0.9990E+03 -0.9990E+03 -0.9990E+03 -0.9990E+03 -0.9990E+03 0.0000E+00 0.0000E+00 0.6000E-02 0.2900E-01 0.6200E-01 0.1120E+00 0.2030E+00 0.3730E+00 0.1677E+01 0.3727E+01 0.7140E+00 0.4680E+00 0.5150E+00 0.7640E+00 0.1659E+01 0.7397E+01 0.6444E+01 0.2184E+01 0.1398E+01 0.9540E+00 0.6840E+00 0.4680E+00 0.2760E+00 0.1460E+00 0.4600E-01 0.2400E-01 0.7000E-02 0.0000E+00 0.0000E+00 0.0000E+00 0.0000E+00 0.0000E+00
-0.9990E+03 -0.9990E+03 -0.9990E+03 -0.9990E+03 -0.9990E+03 -0.9990E+03 -0.9990E+03 -0.9990E+03 -0.9990E+03 -0.9990E+03 -0.9990E+03 -0.9990E+03 -0.9990E+03 -0.9990E+03 -0.9990E+03 -0.9990E+03 -0.9990E+03 -0.9990E+03 -0.9990E+03 -0.9990E+03 -0.9990E+03 -0.9990E+03 -0.9990E+03 0.0000E+00 0.0000E+00 0.1000E-01 0.3100E-01 0.6800E-01 0.1320E+00 0.2420E+00 0.4430E+00 0.2174E+01 0.1874E+01 0.8360E+00 0.7110E+00 0.5560E+00 0.9730E+00 0.2842E+01 0.1207E+02 0.5376E+01 0.1658E+01 0.1033E+01 0.9770E+00 0.7090E+00 0.5610E+00 0.3620E+00 0.2810E+00 0.1810E+00 0.1370E+00 0.1130E+00 0.1180E+00 0.1160E+00 0.9500E-01 0.5900E-01 0.2100E-01 0.0000E+00
-0.9990E+03 -0.9990E+03 -0.9990E+03 -0.9990E+03 -0.9990E+03 -0.9990E+03 -0.9990E+03 -0.9990E+03 -0.9990E+03 -0.9990E+03 -0.9990E+03 -0.9990E+03 -0.9990E+03 -0.9990E+03 -0.9990E+03 -0.9990E+03 -0.9990E+03 -0.9990E+03 -0.9990E+03 -0.9990E+03 -0.9990E+03 -0.9990E+03 0.0000E+00 0.0000E+00 0.0000E+00 0.2000E-01 0.5400E-01 0.1140E+00 0.2180E+00 0.4400E+00 0.2267E+01 0.1950E+01 0.6260E+00 0.6460E+00 0.5480E+00 0.9090E+00 0.3512E+01 0.1280E+02 0.5407E+01 0.2064E+01 0.3336E+01 0.3307E+01 0.1290E+01 0.8800E+00 0.4430E+00 0.4140E+00 0.6970E+00 0.3070E+00 0.2190E+00 0.1740E+00 0.2960E+00 0.2960E+00 0.2440E+00 0.1790E+00 0.1070E+00 0.5400E-01
-0.9990E+03 -0.9990E+03 -0.9990E+03 -0.9990E+03 -0.9990E+03 -0.9990E+03 -0.9990E+03 -0.9990E+03 -0.9990E+03 -0.9990E+03 -0.9990E+03 -0.9990E+03 -0.9990E+03 -0.9990E+03 -0.9990E+03 -0.9990E+03 -0.9990E+03 -0.9990E+03 -0.9990E+03 -0.9990E+03 -0.9990E+03 0.0000E+00 0.0000E+00 0.0000E+00 0.0000E+00 0.2500E-01 0.8000E-01 0.1900E+00 0.4630E+00 0.2023E+01 0.2488E+01 0.8000E+00 0.5800E+00 0.7090E+00 0.8270E+00 0.3294E+01 0.1293E+02 0.2412E+01 0.1483E+01 0.1146E+01 0.9510E+00 0.9030E+00 0.2450E+01 0.2939E+01 0.3211E+01 0.2967E+01 0.2912E+01 0.1562E+01 0.3960E+00 0.3700E+00 0.6540E+00 0.6830E+00 0.4780E+00 0.3370E+00 0.2200E+00 0.1260E+00
-0.9990E+03 -0.9990E+03 -0.9990E+03 -0.9990E+03 -0.9990E+03 -0.9990E+03 -0.9990E+03 -0.9990E+03 -0.9990E+03 -0.9990E+03 -0.9990E+03 -0.9990E+03 -0.9990E+03 -0.9990E+03 -0.9990E+03 -0.9990E+03 -0.9990E+03 -0.9990E+03 -0.9990E+03 -0.9990E+03 0.0000E+00 0.0000E+00 0.0000E+00 0.0000E+00 0.0000E+00 0.3100E-01 0.1100E+00 0.3380E+00 0.2659E+01 0.2759E+01 0.8580E+00 0.7610E+00 0.9850E+00 0.1627E+01 0.3419E+01 0.1307E+02 0.3180E+01 0.1618E+01 0.8440E+00 0.6540E+00 0.4960E+00 0.4690E+00 0.5470E+00 0.6360E+00 0.6690E+00 0.6500E+00 0.6960E+00 0.2090E+01 0.2167E+01 0.2387E+01 0.3503E+01 0.2720E+01 0.8910E+00 0.6740E+00 0.3790E+00 0.1980E+00
-0.9990E+03 -0.9990E+03 -0.9990E+03 -0.9990E+03 -0.9990E+03 -0.9990E+03 -0.9990E+03 -0.9990E+03 -0.9990E+03 -0.9990E+03 -0.9990E+03 -0.9990E+03 -0.9990E+03 -0.9990E+03 -0.9990E+03 -0.9990E+03 -0.9990E+03 -0.9990E+03 -0.9990E+03 0.0000E+00 0.0000E+00 0.0000E+00 0.0000E+00 0.0000E+00 0.1800E-01 0.5600E-01 0.1450E+00 0.3740E+00 0.2312E+01 0.1554E+01 0.8120E+00 0.7280E+00 0.1699E+01 0.3597E+01 0.1273E+02 0.4850E+01 0.1686E+01 0.9170E+00 0.5540E+00 0.3330E+00 0.2410E+00 0.1970E+00 0.2340E+00 0.2860E+00 0.3060E+00 0.3130E+00 0.3450E+00 0.4550E+00 0.5240E+00 0.6160E+00 0.7710E+00 0.1692E+01 0.3750E+01 0.2106E+01 0.6240E+00 0.2950E+00
-0.9990E+03 -0.9990E+03 -0.9990E+03 -0.9990E+03 -0.9990E+03 -0.9990E+03 -0.9990E+03 -0.9990E+03 -0.9990E+03 -0.9990E+03 -0.9990E+03 -0.9990E+03 -0.9990E+03 -0.9990E+03 -0.9990E+03 -0.9990E+03 -0.9990E+03 -0.9990E+03 0.0000E+00 0.0000E+00 0.0000E+00 0.0000E+00 0.0000E+00 0.0000E+00 0.2200E-01 0.8400E-01 0.2220E+00 0.4250E+00 0.6520E+00 0.2154E+01 0.9700E+00 0.1217E+01 0.5211E+01 0.1238E+02 0.3030E+01 0.1390E+01 0.7290E+00 0.4960E+00 0.2250E+00 0.1000E+00 0.4200E-01 0.6900E-01 0.1000E+00 0.8300E-01 0.9000E-01 0.1780E+00 0.1880E+00 0.2170E+00 0.2520E+00 0.3000E+00 0.3900E+00 0.6340E+00 0.1005E+01 0.3659E+01 0.1573E+01 0.1056E+01
-0.9990E+03 -0.9990E+03 -0.9990E+03 -0.9990E+03 -0.9990E+03 -0.9990E+03 -0.9990E+03 -0.9990E+03 -0.9990E+03 -0.9990E+03 -0.9990E+03 -0.9990E+03 -0.9990E+03 -0.9990E+03 -0.9990E+03 -0.9990E+03 -0.9990E+03 -0.9990E+03 0.0000E+00 0.0000E+00 0.0000E+00 0.0000E+00 0.0000E+00 0.0000E+00 0.2600E-01 0.1100E+00 0.3290E+00 0.6990E+00 0.9660E+00 0.2359E+01 0.1860E+01 0.4200E+01 0.1108E+02 0.2886E+01 0.1508E+01 0.8840E+00 0.4870E+00 0.2530E+00 0.1090E+00 0.0000E+00 0.0000E+00 0.0000E+00 0.0000E+00 0.0000E+00 0.1400E-01 0.3000E-01 0.4600E-01 0.7800E-01 0.1150E+00 0.1640E+00 0.2760E+00 0.5180E+00 0.8210E+00 0.1344E+01 0.3608E+01 0.1085E+01
-0.9990E+03 -0.9990E+03 -0.9990E+03 -0.9990E+03 -0.9990E+03 -0.9990E+03 -0.9990E+03 -0.9990E+03 -0.9990E+03 -0.9990E+03 -0.9990E+03 -0.9990E+03 -0.9990E+03 -0.9990E+03 -0.9990E+03 -0.9990E+03 -0.9990E+03 0.0000E+00 0.0000E+00 0.0000E+00 0.0000E+00 0.0000E+00 0.0000E+00 0.0000E+00 0.4800E-01 0.1890E+00 0.5600E+00 0.4721E+01 0.1670E+01 0.2576E+01 0.9491E+01 0.8985E+01 0.2940E+01 0.1767E+01 0.1187E+01 0.8370E+00 0.5300E+00 0.2820E+00 0.1720E+00 0.1080E+00 0.6100E-01 0.2500E-01 0.0000E+00 0.0000E+00 0.0000E+00 0.0000E+00 0.0000E+00 0.0000E+00 0.6000E-02 0.4000E-01 0.1960E+00 0.5450E+00 0.8950E+00 0.1677E+01 0.4320E+01 0.2029E+01
-0.9990E+03 -0.9990E+03 -0.9990E+03 -0.9990E+03 -0.9990E+03 -0.9990E+03 -0.9990E+03 -0.9990E+03 -0.9990E+03 -0.9990E+03 -0.9990E+03 -0.9990E+03 -0.9990E+03 -0.9990E+03 -0.9990E+03 -0.9990E+03 0.0000E+00 0.0000E+00 0.0000E+00 0.0000E+00 0.0000E+00 0.0000E+00 0.0000E+00 0.1100E-01 0.1060E+00 0.3070E+00 0.6880E+00 0.1496E+01 0.7305E+01 0.1590E+02 0.7271E+01 0.2765E+01 0.1873E+01 0.1512E+01 0.1051E+01 0.6640E+00 0.4610E+00 0.3900E+00 0.3470E+00 0.2800E+00 0.2120E+00 0.1850E+00 0.1590E+00 0.7700E-01 0.1400E-01 0.0000E+00 0.0000E+00 0.0000E+00 0.1700E-01 0.1260E+00 0.3480E+00 0.7810E+00 0.1332E+01 0.3108E+01 0.1255E+02 0.1240E+02
-0.9990E+03 -0.9990E+03 -0.9990E+03 -0.9990E+03 -0.9990E+03 -0.9990E+03 -0.9990E+03 -0.9990E+03 -0.9990E+03 -0.9990E+03 -0.9990E+03 -0.9990E+03 -0.9990E+03 -0.9990E+03 -0.9990E+03 0.0000E+00 0.0000E+00 0.0000E+00 0.0000E+00 0.0000E+00 0.0000E+00 0.0000E+00 0.5000E-02 0.4600E-01 0.1610E+00 0.4480E+00 0.8980E+00 0.1929E+01 0.8495E+01 0.1612E+02 0.1020E+02 0.8663E+01 0.5323E+01 0.2110E+01 0.1422E+01 0.1015E+01 0.9660E+00 0.8400E+00 0.7510E+00 0.5430E+00 0.4610E+00 0.3760E+00 0.4430E+00 0.3190E+00 0.2080E+00 0.1220E+00 0.4100E-01 0.6700E-01 0.1100E+00 0.3380E+00 0.7020E+00 0.1291E+01 0.2723E+01 0.1105E+02 0.7944E+01 0.3339E+01
-0.9990E+03 -0.9990E+03 -0.9990E+03 -0.9990E+03 -0.9990E+03 -0.9990E+03 -0.9990E+03 -0.9990E+03 -0.9990E+03 -0.9990E+03 -0.9990E+03 -0.9990E+03 -0.9990E+03 -0.9990E+03 0.0000E+00 0.0000E+00 0.0000E+00 0.0000E+00 0.0000E+00 0.0000E+00 0.0000E+00 0.0000E+00 0.2500E-01 0.7900E-01 0.2450E+00 0.6880E+00 0.1473E+01 0.6852E+01 0.1481E+02 0.3036E+01 0.2001E+01 0.1676E+01 0.5596E+01 0.8573E+01 0.6832E+01 0.6439E+01 0.5823E+01 0.5145E+01 0.4550E+01 0.1248E+01 0.1351E+01 0.1091E+01 0.8370E+00 0.5210E+00 0.6190E+00 0.5600E+00 0.5390E+00 0.4840E+00 0.4050E+00 0.8780E+00 0.1458E+01 0.2546E+01 0.7870E+01 0.7228E+01 0.2428E+01 0.1745E+01
-0.9990E+03 -0.9990E+03 -0.9990E+03 -0.9990E+03 -0.9990E+03 -0.9990E+03 -0.9990E+03 -0.9990E+03 -0.9990E+03 -0.9990E+03 -0.9990E+03 -0.9990E+03 -0.9990E+03 0.0000E+00 0.0000E+00 0.0000E+00 0.0000E+00 0.0000E+00 0.0000E+00 0.0000E+00 0.0000E+00 0.0000E+00 0.4300E-01 0.1270E+00 0.3290E+00 0.9390E+00 0.4521E+01 0.1303E+02 0.6272E+01 0.2255E+01 0.1405E+01 0.1144E+01 0.1521E+01 0.1422E+01 0.1063E+01 0.9340E+00 0.8340E+00 0.7740E+00 0.1578E+01 0.6972E+01 0.6962E+01 0.3122E+01 0.1706E+01 0.9410E+00 0.9460E+00 0.9110E+00 0.8770E+00 0.5800E+00 0.7170E+00 0.1554E+01 0.3033E+01 0.7445E+01 0.9809E+01 0.1777E+01 0.1361E+01 0.1070E+01
-0.9990E+03 -0.9990E+03 -0.9990E+03 -0.9990E+03 -0.9990E+03 -0.9990E+03 -0.9990E+03 -0.9990E+03 -0.9990E+03 -0.9990E+03 -0.9990E+03 -0.9990E+03 0.0000E+00 0.0000E+00 0.0000E+00 0.0000E+00 0.0000E+00 0.0000E+00 0.0000E+00 0.0000E+00 0.0000E+00 0.0000E+00 0.5800E-01 0.1580E+00 0.4790E+00 0.2369E+01 0.6597E+01 0.2665E+01 0.1016E+02 0.2259E+01 0.1300E+01 0.1052E+01 0.6550E+00 0.5450E+00 0.5080E+00 0.4720E+00 0.4490E+00 0.5050E+00 0.7500E+00 0.1172E+01 0.1366E+01 0.4716E+01 0.7654E+01 0.5562E+01 0.1963E+01 0.1863E+01 0.1773E+01 0.1637E+01 0.1846E+01 0.3657E+01 0.1369E+02 0.7706E+01 0.1406E+01 0.1093E+01 0.5830E+00 0.3260E+00
-0.9990E+03 -0.9990E+03 -0.9990E+03 -0.9990E+03 -0.9990E+03 -0.9990E+03 -0.9990E+03 -0.9990E+03 -0.9990E+03 -0.9990E+03 -0.9990E+03 -0.9990E+03 0.0000E+00 0.0000E+00 0.0000E+00 0.0000E+00 0.0000E+00 0.0000E+00 0.0000E+00 0.0000E+00 0.0000E+00 0.0000E+00 0.7900E-01 0.1960E+00 0.6460E+00 0.6126E+01 0.1901E+01 0.1447E+01 0.5329E+01 0.6231E+01 0.1549E+01 0.8390E+00 0.4920E+00 0.2760E+00 0.2580E+00 0.2750E+00 0.2990E+00 0.3400E+00 0.4180E+00 0.5380E+00 0.7020E+00 0.1023E+01 0.1592E+01 0.3954E+01 0.7848E+01 0.7549E+01 0.6378E+01 0.6969E+01 0.1008E+02 0.1279E+02 0.2432E+01 0.1225E+01 0.6250E+00 0.3900E+00 0.2800E+00 0.1390E+00
-0.9990E+03 0.0000E+00 0.0000E+00 -0.9990E+03 -0.9990E+03 0.0000E+00 0.0000E+00 0.0000E+00 0.0000E+00 0.0000E+00 0.0000E+00 0.0000E+00 0.0000E+00 0.0000E+00 0.0000E+00 0.0000E+00 0.0000E+00 0.0000E+00 0.0000E+00 0.0000E+00 0.0000E+00 0.0000E+00 0.1480E+00 0.2680E+00 0.8510E+00 0.4245E+01 0.9500E+00 0.8490E+00 0.1217E+01 0.8140E+01 0.2106E+01 0.1000E+01 0.4810E+00 0.1770E+00 0.0000E+00 0.4000E-02 0.5400E-01 0.1150E+00 0.1770E+00 0.2590E+00 0.2360E+00 0.3550E+00 0.7950E+00 0.6320E+00 0.1173E+01 0.1798E+01 0.1836E+01 0.2170E+01 0.8633E+01 0.3280E+01 0.1718E+01 0.6240E+00 0.3200E+00 0.1900E+00 0.1120E+00 0.5000E-01
0.0000E+00 0.0000E+00 0.0000E+00 0.0000E+00 0.0000E+00 0.0000E+00 0.0000E+00 0.0000E+00 0.0000E+00 0.0000E+00 0.0000E+00 0.0000E+00 0.0000E+00 0.0000E+00 0.0000E+00 0.3000E-02 0.6000E-02 0.6000E-02 0.7000E-02 0.7000E-02 0.8000E-02 0.6000E-02 0.1480E+00 0.2920E+00 0.5910E+00 0.2565E+01 0.5480E+00 0.5980E+00 0.8040E+00 0.1302E+01 0.8085E+01 0.1570E+01 0.7110E+00 0.3650E+00 0.3400E-01 0.0000E+00 0.0000E+00 0.0000E+00 0.2200E-01 0.7600E-01 0.1120E+00 0.2360E+00 0.4330E+00 0.4810E+00 0.7600E+00 0.1194E+01 0.1649E+01 0.2833E+01 0.8788E+01 0.2305E+01 0.1128E+01 0.3970E+00 0.1690E+00 0.1080E+00 0.2900E-01 0.0000E+00
0.0000E+00 0.0000E+00 0.0000E+00 0.0000E+00 0.0000E+00 0.0000E+00 0.0000E+00 0.0000E+00 0.0000E+00 0.0000E+00 0.0000E+00 0.0000E+00 0.0000E+00 0.0000E+00 0.0000E+00 0.1000E-01 0.2500E-01 0.2500E-01 0.3500E-01 0.5600E-01 0.4700E-01 0.3500E-01 0.1380E+00 0.2020E+00 0.3860E+00 0.1798E+01 0.4230E+00 0.4420E+00 0.5980E+00 0.1246E+01 0.9087E+01 0.1918E+01 0.9980E+00 0.5580E+00 0.1680E+00 0.0000E+00 0.0000E+00 0.0000E+00 0.0000E+00 0.0000E+00 0.2900E-01 0.1300E+00 0.2560E+00 0.4370E+00 0.6780E+00 0.1226E+01 0.2238E+01 0.6692E+01 0.5723E+01 0.1240E+01 0.6380E+00 0.3070E+00 0.7700E-01 0.1000E-02 0.0000E+00 0.0000E+00
