Data/rwc_O3_RR2025_2002.asc
NCOLS          280
NROWS          320
XLLCORNER            0
YLLCORNER       300000
CELLSIZE         1000
NODATA_VALUE  -0.9990E+03
[rows 120 to 143 of 320, columns 165 to 219 of 280]
-0.2690E+00 -0.1180E+00 -0.5500E-01 0.0000E+00 0.0000E+00 0.0000E+00 0.0000E+00 0.0000E+00 0.0000E+00 0.0000E+00 0.0000E+00 0.0000E+00 0.0000E+00 0.0000E+00 0.0000E+00 0.0000E+00 0.0000E+00 0.0000E+00 0.0000E+00 0.0000E+00 0.0000E+00 0.0000E+00 0.0000E+00 0.0000E+00 -0.1000E-01 -0.2400E-01 -0.3800E-01 -0.1100E+00 -0.2070E+00 -0.3700E+00 -0.7860E+00 -0.1514E+01 -0.4307E+01 -0.4527E+01 -0.1580E+01 -0.5620E+00 -0.4840E+00 -0.2310E+00 -0.5900E-01 -0.2900E-01 -0.4700E-01 -0.1150E+00 -0.1790E+00 -0.3020E+00 -0.8660E+00 -0.2230E+00 -0.1230E+00 -0.6600E-01 -0.3000E-01 -0.8000E-02 0.0000E+00 0.0000E+00 0.0000E+00 0.0000E+00 0.0000E+00
-0.1500E+00 -0.7100E-01 -0.2900E-01 0.0000E+00 0.0000E+00 0.0000E+00 0.0000E+00 0.0000E+00 0.0000E+00 0.0000E+00 0.0000E+00 0.0000E+00 0.0000E+00 0.0000E+00 0.0000E+00 0.0000E+00 0.0000E+00 0.0000E+00 0.0000E+00 0.0000E+00 0.0000E+00 0.0000E+00 0.0000E+00 0.0000E+00 0.0000E+00 0.0000E+00 -0.1300E-01 -0.9300E-01 -0.2090E+00 -0.4290E+00 -0.1285E+01 -0.3681E+01 -0.1123E+01 -0.1059E+01 -0.2960E+01 -0.5310E+00 -0.2510E+00 -0.1600E+00 -0.3900E-01 -0.1200E-01 -0.2500E-01 -0.5700E-01 -0.9200E-01 -0.1600E+00 -0.5410E+00 -0.5980E+00 -0.1890E+00 -0.9900E-01 -0.5300E-01 -0.2600E-01 -0.1100E-01 -0.5000E-02 0.0000E+00 0.0000E+00 0.0000E+00
-0.8600E-01 -0.3700E-01 -0.1300E-01 0.0000E+00 0.0000E+00 0.0000E+00 0.0000E+00 0.0000E+00 0.0000E+00 0.0000E+00 0.0000E+00 0.0000E+00 0.0000E+00 0.0000E+00 0.0000E+00 0.0000E+00 0.0000E+00 0.0000E+00 0.0000E+00 0.0000E+00 0.0000E+00 0.0000E+00 0.0000E+00 0.0000E+00 -0.3000E-02 -0.1900E-01 -0.4900E-01 -0.1380E+00 -0.2650E+00 -0.6950E+00 -0.3455E+01 -0.7270E+00 -0.5990E+00 -0.9760E+00 -0.2414E+01 -0.4780E+00 -0.1920E+00 -0.7600E-01 -0.4000E-02 -0.1100E-01 -0.1700E-01 -0.3400E-01 -0.5900E-01 -0.8800E-01 -0.1610E+00 -0.6950E+00 -0.3740E+00 -0.1600E+00 -0.8400E-01 -0.5300E-01 -0.2800E-01 -0.1500E-01 0.0000E+00 0.0000E+00 0.0000E+00
-0.4100E-01 -0.1400E-01 0.0000E+00 0.0000E+00 0.0000E+00 0.0000E+00 0.0000E+00 0.0000E+00 0.0000E+00 0.0000E+00 0.0000E+00 0.0000E+00 0.0000E+00 0.0000E+00 0.0000E+00 0.0000E+00 0.0000E+00 0.0000E+00 0.0000E+00 0.0000E+00 0.0000E+00 0.0000E+00 0.0000E+00 -0.1400E-01 -0.3600E-01 -0.6400E-01 -0.1150E+00 -0.2390E+00 -0.4100E+00 -0.7920E+00 -0.2759E+01 -0.5690E+00 -0.6040E+00 -0.2857E+01 -0.6250E+00 -0.2830E+00 -0.1530E+00 -0.4100E-01 0.0000E+00 0.0000E+00 -0.1000E-02 -0.1100E-01 -0.2800E-01 -0.4800E-01 -0.8000E-01 -0.1700E+00 -0.8810E+00 -0.2130E+00 -0.1560E+00 -0.8700E-01 -0.4400E-01 -0.2100E-01 0.0000E+00 0.0000E+00 0.0000E+00
-0.1300E-01 0.0000E+00 0.0000E+00 0.0000E+00 0.0000E+00 0.0000E+00 0.0000E+00 0.0000E+00 0.0000E+00 0.0000E+00 0.0000E+00 0.0000E+00 0.0000E+00 0.0000E+00 0.0000E+00 0.0000E+00 0.0000E+00 0.0000E+00 0.0000E+00 0.0000E+00 0.0000E+00 0.0000E+00 -0.1700E-01 -0.4700E-01 -0.7700E-01 -0.1480E+00 -0.2590E+00 -0.4500E+00 -0.7180E+00 -0.2821E+01 -0.1075E+01 -0.5220E+00 -0.6530E+00 -0.2778E+01 -0.4990E+00 -0.2220E+00 -0.9500E-01 -0.3100E-01 0.0000E+00 0.0000E+00 0.0000E+00 -0.4000E-02 -0.1300E-01 -0.2900E-01 -0.4400E-01 -0.9900E-01 -0.2010E+00 -0.6020E+00 -0.5780E+00 -0.1490E+00 -0.6200E-01 -0.3300E-01 0.0000E+00 0.0000E+00 0.0000E+00
0.0000E+00 0.0000E+00 0.0000E+00 0.0000E+00 0.0000E+00 0.0000E+00 0.0000E+00 0.0000E+00 0.0000E+00 0.0000E+00 0.0000E+00 0.0000E+00 0.0000E+00 0.0000E+00 0.0000E+00 0.0000E+00 0.0000E+00 0.0000E+00 0.0000E+00 0.0000E+00 -0.4000E-02 -0.2200E-01 -0.4700E-01 -0.1040E+00 -0.1920E+00 -0.3410E+00 -0.6210E+00 -0.1303E+01 -0.3091E+01 -0.1864E+01 -0.5820E+00 -0.5930E+00 -0.1695E+01 -0.1830E+01 -0.3740E+00 -0.1880E+00 -0.6000E-01 -0.1100E-01 0.0000E+00 0.0000E+00 0.0000E+00 0.0000E+00 -0.4000E-02 -0.1500E-01 -0.2500E-01 -0.6100E-01 -0.9800E-01 -0.1030E+00 -0.7310E+00 -0.1840E+00 -0.8100E-01 -0.4500E-01 -0.8000E-02 0.0000E+00 0.0000E+00
0.0000E+00 0.0000E+00 0.0000E+00 0.0000E+00 0.0000E+00 0.0000E+00 0.0000E+00 0.0000E+00 0.0000E+00 0.0000E+00 0.0000E+00 0.0000E+00 0.0000E+00 0.0000E+00 0.0000E+00 0.0000E+00 0.0000E+00 0.0000E+00 0.0000E+00 -0.6000E-02 -0.2700E-01 -0.5900E-01 -0.1110E+00 -0.1990E+00 -0.3760E+00 -0.7730E+00 -0.2760E+01 -0.2700E+01 -0.5790E+00 -0.4540E+00 -0.4330E+00 -0.6820E+00 -0.3061E+01 -0.6340E+00 -0.2820E+00 -0.1680E+00 -0.3500E-01 0.0000E+00 0.0000E+00 0.0000E+00 0.0000E+00 0.0000E+00 0.0000E+00 -0.6000E-02 -0.1100E-01 -0.4500E-01 -0.7600E-01 -0.1230E+00 -0.7330E+00 -0.1820E+00 -0.1020E+00 -0.6000E-01 -0.2400E-01 -0.6000E-02 0.0000E+00
0.0000E+00 0.0000E+00 0.0000E+00 0.0000E+00 0.0000E+00 0.0000E+00 0.0000E+00 0.0000E+00 0.0000E+00 0.0000E+00 0.0000E+00 0.0000E+00 0.0000E+00 0.0000E+00 0.0000E+00 0.0000E+00 0.0000E+00 0.0000E+00 -0.2200E-01 -0.4100E-01 -0.8800E-01 -0.1470E+00 -0.2370E+00 -0.3480E+00 -0.7170E+00 -0.3339E+01 -0.1573E+01 -0.4950E+00 -0.2760E+00 -0.3120E+00 -0.3750E+00 -0.6740E+00 -0.3057E+01 -0.5800E+00 -0.2620E+00 -0.1620E+00 -0.2000E-01 0.0000E+00 0.0000E+00 0.0000E+00 0.0000E+00 0.0000E+00 0.0000E+00 -0.1000E-02 -0.4000E-02 -0.3300E-01 -0.6700E-01 -0.1610E+00 -0.8830E+00 -0.2400E+00 -0.1540E+00 -0.8800E-01 -0.3900E-01 -0.1500E-01 -0.4000E-02
0.0000E+00 0.0000E+00 0.0000E+00 0.0000E+00 0.0000E+00 0.0000E+00 0.0000E+00 0.0000E+00 0.0000E+00 0.0000E+00 0.0000E+00 0.0000E+00 0.0000E+00 0.0000E+00 0.0000E+00 0.0000E+00 -0.5000E-02 -0.2000E-01 -0.5100E-01 -0.1020E+00 -0.1780E+00 -0.2950E+00 -0.4880E+00 -0.1518E+01 -0.2953E+01 -0.7750E+00 -0.4060E+00 -0.2370E+00 -0.1500E+00 -0.2640E+00 -0.3470E+00 -0.4950E+00 -0.2765E+01 -0.5900E+00 -0.3030E+00 -0.1870E+00 -0.1300E-01 0.0000E+00 0.0000E+00 0.0000E+00 0.0000E+00 0.0000E+00 0.0000E+00 0.0000E+00 0.0000E+00 -0.2300E-01 -0.5100E-01 -0.1040E+00 -0.2440E+00 -0.8350E+00 -0.2360E+00 -0.1350E+00 -0.7100E-01 -0.4300E-01 -0.3500E-01
0.0000E+00 0.0000E+00 0.0000E+00 0.0000E+00 0.0000E+00 0.0000E+00 0.0000E+00 0.0000E+00 0.0000E+00 0.0000E+00 0.0000E+00 0.0000E+00 0.0000E+00 0.0000E+00 0.0000E+00 0.0000E+00 -0.2100E-01 -0.4300E-01 -0.9600E-01 -0.1860E+00 -0.3640E+00 -0.6540E+00 -0.2009E+01 -0.2583E+01 -0.5630E+00 -0.3160E+00 -0.1930E+00 -0.1200E+00 -0.7400E-01 -0.1720E+00 -0.2390E+00 -0.4820E+00 -0.2942E+01 -0.6640E+00 -0.3100E+00 -0.2070E+00 -0.4400E-01 0.0000E+00 0.0000E+00 0.0000E+00 0.0000E+00 0.0000E+00 0.0000E+00 0.0000E+00 0.0000E+00 -0.1400E-01 -0.3500E-01 -0.6300E-01 -0.1280E+00 -0.4780E+00 -0.6770E+00 -0.1370E+00 -0.1000E+00 -0.8700E-01 -0.8200E-01
0.0000E+00 0.0000E+00 0.0000E+00 0.0000E+00 0.0000E+00 0.0000E+00 0.0000E+00 0.0000E+00 0.0000E+00 0.0000E+00 0.0000E+00 0.0000E+00 -0.3000E-02 -0.1700E-01 -0.3500E-01 -0.6200E-01 -0.1090E+00 -0.1510E+00 -0.2510E+00 -0.4450E+00 -0.7820E+00 -0.3391E+01 -0.2029E+01 -0.5240E+00 -0.2730E+00 -0.1430E+00 -0.9500E-01 -0.5000E-01 -0.2400E-01 -0.1130E+00 -0.2320E+00 -0.4810E+00 -0.2968E+01 -0.6070E+00 -0.2400E+00 -0.2370E+00 -0.9300E-01 0.0000E+00 0.0000E+00 0.0000E+00 0.0000E+00 0.0000E+00 0.0000E+00 0.0000E+00 0.0000E+00 -0.6000E-02 -0.2100E-01 -0.3900E-01 -0.6500E-01 -0.8200E-01 -0.3480E+00 -0.4850E+00 -0.1870E+00 -0.1700E+00 -0.1660E+00
0.0000E+00 0.0000E+00 0.0000E+00 0.0000E+00 0.0000E+00 0.0000E+00 0.0000E+00 0.0000E+00 0.0000E+00 0.0000E+00 -0.5000E-02 -0.2700E-01 -0.5000E-01 -0.8300E-01 -0.1210E+00 -0.1710E+00 -0.2190E+00 -0.2510E+00 -0.3620E+00 -0.1507E+01 -0.2948E+01 -0.7890E+00 -0.4400E+00 -0.2390E+00 -0.1410E+00 -0.7400E-01 -0.4000E-01 -0.1600E-01 -0.1000E-02 -0.8400E-01 -0.2280E+00 -0.5540E+00 -0.2706E+01 -0.1398E+01 -0.3700E+00 -0.3330E+00 -0.1520E+00 0.0000E+00 0.0000E+00 0.0000E+00 0.0000E+00 0.0000E+00 0.0000E+00 0.0000E+00 0.0000E+00 0.0000E+00 -0.9000E-02 -0.2100E-01 -0.3300E-01 -0.3400E-01 -0.5600E-01 -0.2570E+00 -0.6810E+00 -0.6540E+00 -0.6720E+00
0.0000E+00 0.0000E+00 0.0000E+00 0.0000E+00 0.0000E+00 0.0000E+00 0.0000E+00 0.0000E+00 -0.6000E-02 -0.3100E-01 -0.6500E-01 -0.1160E+00 -0.1770E+00 -0.2460E+00 -0.3130E+00 -0.3410E+00 -0.3880E+00 -0.5020E+00 -0.7220E+00 -0.2918E+01 -0.5880E+00 -0.3180E+00 -0.2100E+00 -0.1220E+00 -0.6300E-01 -0.3200E-01 -0.1100E-01 0.0000E+00 0.0000E+00 -0.6700E-01 -0.1740E+00 -0.3110E+00 -0.8340E+00 -0.3084E+01 -0.8680E+00 -0.4030E+00 -0.1680E+00 0.0000E+00 0.0000E+00 0.0000E+00 0.0000E+00 0.0000E+00 0.0000E+00 0.0000E+00 0.0000E+00 0.0000E+00 -0.3000E-02 -0.9000E-02 -0.1600E-01 -0.2200E-01 -0.3200E-01 -0.7300E-01 -0.1070E+00 -0.1330E+00 -0.1800E+00
0.0000E+00 0.0000E+00 0.0000E+00 0.0000E+00 -0.9000E-02 -0.2500E-01 -0.6000E-01 -0.8400E-01 -0.1360E+00 -0.1890E+00 -0.2500E+00 -0.3130E+00 -0.3880E+00 -0.5170E+00 -0.7180E+00 -0.1144E+01 -0.2530E+01 -0.2703E+01 -0.2997E+01 -0.1116E+01 -0.3080E+00 -0.1590E+00 -0.1130E+00 -0.5500E-01 -0.2600E-01 -0.8000E-02 0.0000E+00 0.0000E+00 0.0000E+00 -0.6100E-01 -0.1510E+00 -0.2860E+00 -0.7850E+00 -0.3391E+01 -0.9840E+00 -0.4250E+00 -0.1610E+00 0.0000E+00 0.0000E+00 0.0000E+00 0.0000E+00 0.0000E+00 0.0000E+00 0.0000E+00 0.0000E+00 0.0000E+00 0.0000E+00 -0.1000E-02 -0.5000E-02 -0.1000E-01 -0.2100E-01 -0.3200E-01 -0.4500E-01 -0.5400E-01 -0.8600E-01
-0.2900E-01 -0.5500E-01 -0.9100E-01 -0.1210E+00 -0.1610E+00 -0.1670E+00 -0.1380E+00 -0.1650E+00 -0.2530E+00 -0.3240E+00 -0.3860E+00 -0.5480E+00 -0.8200E+00 -0.1623E+01 -0.3224E+01 -0.2459E+01 -0.5790E+00 -0.4330E+00 -0.3750E+00 -0.2450E+00 -0.1460E+00 -0.8600E-01 -0.4500E-01 -0.1300E-01 0.0000E+00 0.0000E+00 0.0000E+00 0.0000E+00 0.0000E+00 -0.7800E-01 -0.1500E+00 -0.3750E+00 -0.1113E+01 -0.3485E+01 -0.8690E+00 -0.3680E+00 -0.1400E+00 0.0000E+00 0.0000E+00 0.0000E+00 0.0000E+00 0.0000E+00 0.0000E+00 0.0000E+00 0.0000E+00 0.0000E+00 0.0000E+00 0.0000E+00 -0.1000E-02 -0.5000E-02 -0.9000E-02 -0.1500E-01 -0.1500E-01 -0.3500E-01 -0.4700E-01
-0.8100E-01 -0.1430E+00 -0.2090E+00 -0.3040E+00 -0.3320E+00 -0.2330E+00 -0.2050E+00 -0.3060E+00 -0.6240E+00 -0.7280E+00 -0.6740E+00 -0.1653E+01 -0.3409E+01 -0.3108E+01 -0.8040E+00 -0.4020E+00 -0.2650E+00 -0.1840E+00 -0.1500E+00 -0.1090E+00 -0.7300E-01 -0.4200E-01 -0.1800E-01 0.0000E+00 0.0000E+00 0.0000E+00 0.0000E+00 0.0000E+00 0.0000E+00 -0.7800E-01 -0.1430E+00 -0.3740E+00 -0.2921E+01 -0.1565E+01 -0.5800E+00 -0.3150E+00 -0.1090E+00 0.0000E+00 0.0000E+00 0.0000E+00 0.0000E+00 0.0000E+00 0.0000E+00 0.0000E+00 0.0000E+00 0.0000E+00 0.0000E+00 0.0000E+00 0.0000E+00 0.0000E+00 0.0000E+00 0.0000E+00 -0.4000E-02 -0.9000E-02 -0.1900E-01
-0.1430E+00 -0.2820E+00 -0.4660E+00 -0.8070E+00 -0.6320E+00 -0.4000E+00 -0.4720E+00 -0.1904E+01 -0.2942E+01 -0.3014E+01 -0.2858E+01 -0.2156E+01 -0.7050E+00 -0.5720E+00 -0.2720E+00 -0.1970E+00 -0.1610E+00 -0.1000E+00 -0.7500E-01 -0.5400E-01 -0.3500E-01 -0.1700E-01 -0.3000E-02 0.0000E+00 0.0000E+00 0.0000E+00 0.0000E+00 0.0000E+00 0.0000E+00 -0.1900E+00 -0.2060E+00 -0.6130E+00 -0.3349E+01 -0.1107E+01 -0.5450E+00 -0.3410E+00 -0.6500E-01 0.0000E+00 0.0000E+00 0.0000E+00 0.0000E+00 0.0000E+00 0.0000E+00 0.0000E+00 0.0000E+00 0.0000E+00 0.0000E+00 0.0000E+00 0.0000E+00 0.0000E+00 0.0000E+00 0.0000E+00 0.0000E+00 0.0000E+00 0.0000E+00
-0.1120E+00 -0.5280E+00 -0.1185E+01 -0.3367E+01 -0.2189E+01 -0.1984E+01 -0.2264E+01 -0.1074E+01 -0.5190E+00 -0.6490E+00 -0.4630E+00 -0.3540E+00 -0.2380E+00 -0.1730E+00 -0.1230E+00 -0.8800E-01 -0.6500E-01 -0.2900E-01 -0.1100E-01 0.0000E+00 0.0000E+00 0.0000E+00 0.0000E+00 0.0000E+00 0.0000E+00 0.0000E+00 0.0000E+00 0.0000E+00 0.0000E+00 -0.2200E+00 -0.4250E+00 -0.8200E+00 -0.3693E+01 -0.1128E+01 -0.5480E+00 -0.3190E+00 -0.3100E-01 0.0000E+00 0.0000E+00 0.0000E+00 0.0000E+00 0.0000E+00 0.0000E+00 0.0000E+00 0.0000E+00 0.0000E+00 0.0000E+00 0.0000E+00 0.0000E+00 0.0000E+00 0.0000E+00 0.0000E+00 0.0000E+00 0.0000E+00 0.0000E+00
-0.1860E+00 -0.9900E+00 -0.3488E+01 -0.9370E+00 -0.4340E+00 -0.3380E+00 -0.3310E+00 -0.2850E+00 -0.2150E+00 -0.2080E+00 -0.1900E+00 -0.1530E+00 -0.1180E+00 -0.7700E-01 -0.5000E-01 -0.4300E-01 -0.1700E-01 0.0000E+00 0.0000E+00 0.0000E+00 0.0000E+00 0.0000E+00 0.0000E+00 0.0000E+00 0.0000E+00 0.0000E+00 0.0000E+00 0.0000E+00 0.0000E+00 -0.2550E+00 -0.3900E+00 -0.8350E+00 -0.3733E+01 -0.1125E+01 -0.5450E+00 -0.3170E+00 -0.4000E-02 0.0000E+00 0.0000E+00 0.0000E+00 0.0000E+00 0.0000E+00 0.0000E+00 0.0000E+00 0.0000E+00 0.0000E+00 0.0000E+00 0.0000E+00 0.0000E+00 0.0000E+00 0.0000E+00 0.0000E+00 0.0000E+00 0.0000E+00 0.0000E+00
-0.5000E+00 -0.2444E+01 -0.2278E+01 -0.6570E+00 -0.3300E+00 -0.1730E+00 -0.1440E+00 -0.1470E+00 -0.1310E+00 -0.1090E+00 -0.8800E-01 -0.6400E-01 -0.4400E-01 -0.2500E-01 -0.8000E-02 0.0000E+00 0.0000E+00 0.0000E+00 0.0000E+00 0.0000E+00 0.0000E+00 0.0000E+00 0.0000E+00 0.0000E+00 0.0000E+00 0.0000E+00 0.0000E+00 0.0000E+00 0.0000E+00 -0.2830E+00 -0.4420E+00 -0.9600E+00 -0.3700E+01 -0.1129E+01 -0.5390E+00 -0.3100E+00 0.0000E+00 0.0000E+00 0.0000E+00 0.0000E+00 0.0000E+00 0.0000E+00 0.0000E+00 0.0000E+00 0.0000E+00 0.0000E+00 0.0000E+00 0.0000E+00 0.0000E+00 0.0000E+00 0.0000E+00 0.0000E+00 0.0000E+00 0.0000E+00 0.0000E+00
-0.7690E+00 -0.3532E+01 -0.1099E+01 -0.5220E+00 -0.1880E+00 -0.8700E-01 -0.5300E-01 -0.4600E-01 -0.3100E-01 -0.1600E-01 -0.3000E-02 0.0000E+00 0.0000E+00 0.0000E+00 0.0000E+00 0.0000E+00 0.0000E+00 0.0000E+00 0.0000E+00 0.0000E+00 0.0000E+00 0.0000E+00 0.0000E+00 0.0000E+00 0.0000E+00 0.0000E+00 0.0000E+00 0.0000E+00 0.0000E+00 -0.2980E+00 -0.3330E+00 -0.5580E+00 -0.3648E+01 -0.1112E+01 -0.5350E+00 -0.3260E+00 0.0000E+00 0.0000E+00 0.0000E+00 0.0000E+00 0.0000E+00 0.0000E+00 0.0000E+00 0.0000E+00 0.0000E+00 0.0000E+00 0.0000E+00 0.0000E+00 0.0000E+00 0.0000E+00 0.0000E+00 0.0000E+00 0.0000E+00 0.0000E+00 0.0000E+00
-0.1174E+01 -0.3457E+01 -0.8850E+00 -0.3860E+00 -0.7900E-01 -0.1800E-01 0.0000E+00 0.0000E+00 0.0000E+00 0.0000E+00 0.0000E+00 0.0000E+00 0.0000E+00 0.0000E+00 0.0000E+00 0.0000E+00 0.0000E+00 0.0000E+00 0.0000E+00 0.0000E+00 0.0000E+00 0.0000E+00 0.0000E+00 0.0000E+00 0.0000E+00 0.0000E+00 0.0000E+00 0.0000E+00 -0.2000E-01 -0.1570E+00 -0.2760E+00 -0.8420E+00 -0.3455E+01 -0.1061E+01 -0.5260E+00 -0.2890E+00 0.0000E+00 0.0000E+00 0.0000E+00 0.0000E+00 0.0000E+00 0.0000E+00 0.0000E+00 0.0000E+00 0.0000E+00 0.0000E+00 0.0000E+00 0.0000E+00 0.0000E+00 0.0000E+00 0.0000E+00 0.0000E+00 0.0000E+00 0.0000E+00 0.0000E+00
-0.3101E+01 -0.1623E+01 -0.6180E+00 -0.3040E+00 -0.8400E-01 -0.9000E-02 0.0000E+00 0.0000E+00 0.0000E+00 0.0000E+00 0.0000E+00 0.0000E+00 0.0000E+00 0.0000E+00 0.0000E+00 0.0000E+00 0.0000E+00 0.0000E+00 0.0000E+00 0.0000E+00 0.0000E+00 0.0000E+00 0.0000E+00 0.0000E+00 0.0000E+00 0.0000E+00 0.0000E+00 0.0000E+00 -0.1900E-01 -0.1310E+00 -0.3760E+00 -0.1001E+01 -0.3728E+01 -0.1091E+01 -0.4930E+00 -0.2630E+00 0.0000E+00 0.0000E+00 0.0000E+00 0.0000E+00 0.0000E+00 0.0000E+00 0.0000E+00 0.0000E+00 0.0000E+00 0.0000E+00 0.0000E+00 0.0000E+00 0.0000E+00 0.0000E+00 0.0000E+00 0.0000E+00 0.0000E+00 0.0000E+00 0.0000E+00
-0.3423E+01 -0.1018E+01 -0.4280E+00 -0.1960E+00 -0.4000E-01 0.0000E+00 0.0000E+00 0.0000E+00 0.0000E+00 0.0000E+00 0.0000E+00 0.0000E+00 0.0000E+00 0.0000E+00 0.0000E+00 0.0000E+00 0.0000E+00 0.0000E+00 0.0000E+00 0.0000E+00 0.0000E+00 0.0000E+00 0.0000E+00 0.0000E+00 0.0000E+00 0.0000E+00 0.0000E+00 0.0000E+00 -0.5000E-01 -0.2830E+00 -0.5410E+00 -0.1196E+01 -0.3723E+01 -0.9360E+00 -0.4770E+00 -0.2550E+00 0.0000E+00 0.0000E+00 0.0000E+00 0.0000E+00 0.0000E+00 0.0000E+00 0.0000E+00 0.0000E+00 0.0000E+00 0.0000E+00 0.0000E+00 -0.2300E-01 -0.4600E-01 -0.9200E-01 -0.1430E+00 -0.1700E+00 -0.2660E+00 -0.3350E+00 -0.3860E+00
