Data/rwc_PM25_RR2025_2002.asc
NCOLS          280
NROWS          320
XLLCORNER            0
YLLCORNER       300000
CELLSIZE         1000
NODATA_VALUE  -0.9990E+03
[rows 250 to 274 of 320, columns 168 to 223 of 280]
0.1250E-01 0.6530E-01 0.7840E-01 0.1860E-01 0.1060E-01 0.6400E-02 0.4100E-02 0.2800E-02 0.1600E-02 0.2200E-02 0.2400E-02 0.2200E-02 0.1600E-02 0.3000E-03 0.0000E+00 0.0000E+00 0.0000E+00 0.0000E+00 0.0000E+00 0.0000E+00 0.0000E+00 0.0000E+00 0.0000E+00 0.0000E+00 0.0000E+00 0.0000E+00 0.0000E+00 0.0000E+00 0.0000E+00 0.0000E+00 0.0000E+00 0.0000E+00 0.0000E+00 0.5000E-03 0.1500E-02 0.3300E-02 0.8000E-02 0.1180E-01 0.5960E-01 0.3730E-01 0.9400E-02 -0.9990E+03 -0.9990E+03 -0.9990E+03 -0.9990E+03 -0.9990E+03 -0.9990E+03 -0.9990E+03 -0.9990E+03 -0.9990E+03 -0.9990E+03 -0.9990E+03 -0.9990E+03 -0.9990E+03 -0.9990E+03 -0.9990E+03
0.8100E-02 0.1930E-01 0.9780E-01 0.5040E-01 0.1820E-01 0.1190E-01 0.1070E-01 0.7200E-02 0.8700E-02 0.1080E-01 0.9700E-02 0.7400E-02 0.4300E-02 0.2400E-02 0.8000E-03 0.0000E+00 0.0000E+00 0.0000E+00 0.0000E+00 0.0000E+00 0.0000E+00 0.0000E+00 0.0000E+00 0.0000E+00 0.0000E+00 0.0000E+00 0.0000E+00 0.0000E+00 0.0000E+00 0.0000E+00 0.0000E+00 0.0000E+00 0.0000E+00 0.1200E-02 0.2700E-02 0.6000E-02 0.1430E-01 0.4910E-01 0.6310E-01 0.1470E-01 0.3700E-02 -0.9990E+03 -0.9990E+03 -0.9990E+03 -0.9990E+03 -0.9990E+03 -0.9990E+03 -0.9990E+03 -0.9990E+03 -0.9990E+03 -0.9990E+03 -0.9990E+03 -0.9990E+03 -0.9990E+03 -0.9990E+03 -0.9990E+03
0.6100E-02 0.1000E-01 0.2100E-01 0.1040E+00 0.7460E-01 0.1980E-01 0.1290E-01 0.1570E-01 0.1930E-01 0.2420E-01 0.2020E-01 0.1250E-01 0.7900E-02 0.4500E-02 0.1500E-02 0.0000E+00 0.0000E+00 0.0000E+00 0.0000E+00 0.0000E+00 0.0000E+00 0.0000E+00 0.0000E+00 0.0000E+00 0.0000E+00 0.0000E+00 0.0000E+00 0.0000E+00 0.0000E+00 0.0000E+00 0.0000E+00 0.3000E-03 0.9000E-03 0.1600E-02 0.5600E-02 0.1040E-01 0.4410E-01 0.6680E-01 0.1820E-01 0.6400E-02 -0.9990E+03 -0.9990E+03 -0.9990E+03 -0.9990E+03 -0.9990E+03 -0.9990E+03 -0.9990E+03 -0.9990E+03 -0.9990E+03 -0.9990E+03 -0.9990E+03 -0.9990E+03 -0.9990E+03 -0.9990E+03 -0.9990E+03 -0.9990E+03
0.3600E-02 0.6100E-02 0.1150E-01 0.1670E-01 0.6400E-01 0.7740E-01 0.2260E-01 0.3320E-01 0.4440E-01 0.1097E+00 0.5010E-01 0.1520E-01 0.9100E-02 0.8400E-02 0.5200E-02 0.2300E-02 0.4000E-03 0.0000E+00 0.0000E+00 0.0000E+00 0.0000E+00 0.0000E+00 0.0000E+00 0.0000E+00 0.0000E+00 0.0000E+00 0.0000E+00 0.0000E+00 0.0000E+00 0.0000E+00 0.2000E-03 0.9000E-03 0.1800E-02 0.4500E-02 0.5200E-02 0.9100E-02 0.6060E-01 0.2170E-01 0.9900E-02 0.3800E-02 -0.9990E+03 -0.9990E+03 -0.9990E+03 -0.9990E+03 -0.9990E+03 -0.9990E+03 -0.9990E+03 -0.9990E+03 -0.9990E+03 -0.9990E+03 -0.9990E+03 -0.9990E+03 -0.9990E+03 -0.9990E+03 -0.9990E+03 -0.9990E+03
0.1400E-02 0.3600E-02 0.6300E-02 0.7300E-02 0.1340E-01 0.9400E-01 0.1115E+00 0.1233E+00 0.1081E+00 0.3020E-01 0.9640E-01 0.9070E-01 0.1580E-01 0.1380E-01 0.6600E-02 0.5600E-02 0.2800E-02 0.9000E-03 0.0000E+00 0.0000E+00 0.0000E+00 0.0000E+00 0.0000E+00 0.0000E+00 0.0000E+00 0.0000E+00 0.0000E+00 0.0000E+00 0.0000E+00 0.0000E+00 0.8000E-03 0.1900E-02 0.3700E-02 0.5500E-02 0.1030E-01 0.2280E-01 0.8310E-01 0.1770E-01 0.4500E-02 -0.9990E+03 -0.9990E+03 -0.9990E+03 -0.9990E+03 -0.9990E+03 -0.9990E+03 -0.9990E+03 -0.9990E+03 -0.9990E+03 -0.9990E+03 -0.9990E+03 -0.9990E+03 -0.9990E+03 -0.9990E+03 -0.9990E+03 -0.9990E+03 -0.9990E+03
0.4000E-03 0.1700E-02 0.3400E-02 0.4700E-02 0.7100E-02 0.1650E-01 0.2080E-01 0.2140E-01 0.2050E-01 0.1700E-01 0.1600E-01 0.1000E+00 0.3250E-01 0.2540E-01 0.1620E-01 0.9700E-02 0.5600E-02 0.2600E-02 0.4000E-03 0.0000E+00 0.0000E+00 0.0000E+00 0.0000E+00 0.0000E+00 0.0000E+00 0.0000E+00 0.0000E+00 0.0000E+00 0.0000E+00 0.5000E-03 0.1800E-02 0.3700E-02 0.4200E-02 0.1590E-01 0.5480E-01 0.8660E-01 0.4670E-01 0.1020E-01 0.2600E-02 -0.9990E+03 -0.9990E+03 -0.9990E+03 -0.9990E+03 -0.9990E+03 -0.9990E+03 -0.9990E+03 -0.9990E+03 -0.9990E+03 -0.9990E+03 -0.9990E+03 -0.9990E+03 -0.9990E+03 -0.9990E+03 -0.9990E+03 -0.9990E+03 -0.9990E+03
0.0000E+00 0.3000E-03 0.1600E-02 0.3200E-02 0.3900E-02 0.7600E-02 0.9100E-02 0.4800E-02 0.5900E-02 0.5900E-02 0.8200E-02 0.2620E-01 0.1272E+00 0.6350E-01 0.2900E-01 0.1610E-01 0.9400E-02 0.5100E-02 0.2000E-02 0.0000E+00 0.0000E+00 0.0000E+00 0.0000E+00 0.0000E+00 0.0000E+00 0.0000E+00 0.0000E+00 0.0000E+00 0.3000E-03 0.7000E-03 0.3100E-02 0.6000E-02 0.1250E-01 0.4990E-01 0.5770E-01 0.1930E-01 0.1060E-01 0.3000E-02 -0.9990E+03 -0.9990E+03 -0.9990E+03 -0.9990E+03 -0.9990E+03 -0.9990E+03 -0.9990E+03 -0.9990E+03 -0.9990E+03 -0.9990E+03 -0.9990E+03 -0.9990E+03 -0.9990E+03 -0.9990E+03 -0.9990E+03 -0.9990E+03 -0.9990E+03 -0.9990E+03
0.0000E+00 0.0000E+00 0.6000E-03 0.1500E-02 0.2000E-02 0.3600E-02 0.3700E-02 0.3800E-02 0.3100E-02 0.3600E-02 0.4900E-02 0.8800E-02 0.2340E-01 0.9290E-01 0.9590E-01 0.2410E-01 0.1460E-01 0.7800E-02 0.3800E-02 0.1300E-02 0.0000E+00 0.0000E+00 0.0000E+00 0.0000E+00 0.0000E+00 0.0000E+00 0.0000E+00 0.0000E+00 0.1000E-02 0.2200E-02 0.5000E-02 0.9900E-02 0.2120E-01 0.8390E-01 0.1850E-01 0.9100E-02 0.3300E-02 -0.9990E+03 -0.9990E+03 -0.9990E+03 -0.9990E+03 -0.9990E+03 -0.9990E+03 -0.9990E+03 -0.9990E+03 -0.9990E+03 -0.9990E+03 -0.9990E+03 -0.9990E+03 -0.9990E+03 -0.9990E+03 -0.9990E+03 -0.9990E+03 -0.9990E+03 -0.9990E+03 -0.9990E+03
0.0000E+00 0.0000E+00 0.0000E+00 0.0000E+00 0.0000E+00 0.0000E+00 0.0000E+00 0.0000E+00 0.5000E-03 0.1300E-02 0.2600E-02 0.7200E-02 0.1250E-01 0.2370E-01 0.9280E-01 0.6060E-01 0.2250E-01 0.1200E-01 0.6700E-02 0.3200E-02 0.5000E-03 0.0000E+00 0.0000E+00 0.0000E+00 0.0000E+00 0.0000E+00 0.0000E+00 0.0000E+00 0.1600E-02 0.3500E-02 0.8000E-02 0.1910E-01 0.8050E-01 0.3240E-01 0.9500E-02 0.3300E-02 -0.9990E+03 -0.9990E+03 -0.9990E+03 -0.9990E+03 -0.9990E+03 -0.9990E+03 -0.9990E+03 -0.9990E+03 -0.9990E+03 -0.9990E+03 -0.9990E+03 -0.9990E+03 -0.9990E+03 -0.9990E+03 -0.9990E+03 -0.9990E+03 -0.9990E+03 -0.9990E+03 -0.9990E+03 -0.9990E+03
0.0000E+00 0.0000E+00 0.0000E+00 0.0000E+00 0.0000E+00 0.0000E+00 0.0000E+00 0.0000E+00 0.1000E-03 0.1100E-02 0.2400E-02 0.4400E-02 0.7600E-02 0.1310E-01 0.2430E-01 0.1192E+00 0.3240E-01 0.1800E-01 0.1030E-01 0.5300E-02 0.2200E-02 0.0000E+00 0.0000E+00 0.0000E+00 0.0000E+00 0.0000E+00 0.0000E+00 0.0000E+00 0.2000E-02 0.4900E-02 0.1240E-01 0.6800E-01 0.1710E-01 0.8100E-02 0.5000E-02 0.1700E-02 -0.9990E+03 -0.9990E+03 -0.9990E+03 -0.9990E+03 -0.9990E+03 -0.9990E+03 -0.9990E+03 -0.9990E+03 -0.9990E+03 -0.9990E+03 -0.9990E+03 -0.9990E+03 -0.9990E+03 -0.9990E+03 -0.9990E+03 -0.9990E+03 -0.9990E+03 -0.9990E+03 -0.9990E+03 -0.9990E+03
0.0000E+00 0.0000E+00 0.0000E+00 0.0000E+00 0.0000E+00 0.0000E+00 0.0000E+00 0.0000E+00 0.0000E+00 0.0000E+00 0.6000E-03 0.2200E-02 0.4700E-02 0.7500E-02 0.1520E-01 0.2220E-01 0.1105E+00 0.2630E-01 0.1610E-01 0.9000E-02 0.4500E-02 0.6000E-03 0.0000E+00 0.0000E+00 0.0000E+00 0.0000E+00 0.0000E+00 0.0000E+00 0.3000E-02 0.6000E-02 0.1450E-01 0.7280E-01 0.1360E-01 0.6000E-02 0.5600E-02 0.1300E-02 -0.9990E+03 -0.9990E+03 -0.9990E+03 -0.9990E+03 -0.9990E+03 -0.9990E+03 -0.9990E+03 -0.9990E+03 -0.9990E+03 -0.9990E+03 -0.9990E+03 -0.9990E+03 -0.9990E+03 -0.9990E+03 -0.9990E+03 -0.9990E+03 -0.9990E+03 -0.9990E+03 -0.9990E+03 -0.9990E+03
0.0000E+00 0.0000E+00 0.0000E+00 0.0000E+00 0.0000E+00 0.0000E+00 0.0000E+00 0.0000E+00 0.0000E+00 0.0000E+00 0.0000E+00 0.6000E-03 0.2300E-02 0.4900E-02 0.8400E-02 0.1760E-01 0.8430E-01 0.6370E-01 0.2470E-01 0.1300E-01 0.6800E-02 0.2700E-02 0.0000E+00 0.0000E+00 0.0000E+00 0.0000E+00 0.0000E+00 0.0000E+00 0.3400E-02 0.5800E-02 0.1340E-01 0.7150E-01 0.1700E-01 0.6100E-02 0.4700E-02 -0.9990E+03 -0.9990E+03 -0.9990E+03 -0.9990E+03 -0.9990E+03 -0.9990E+03 -0.9990E+03 -0.9990E+03 -0.9990E+03 -0.9990E+03 -0.9990E+03 -0.9990E+03 -0.9990E+03 -0.9990E+03 -0.9990E+03 -0.9990E+03 -0.9990E+03 -0.9990E+03 -0.9990E+03 -0.9990E+03 -0.9990E+03
-0.9990E+03 -0.9990E+03 0.0000E+00 0.0000E+00 0.0000E+00 0.0000E+00 0.0000E+00 0.0000E+00 0.0000E+00 0.0000E+00 0.0000E+00 0.0000E+00 0.1000E-02 0.3000E-02 0.6700E-02 0.1310E-01 0.2440E-01 0.1180E+00 0.3330E-01 0.1900E-01 0.8900E-02 0.4500E-02 0.8000E-03 0.0000E+00 0.0000E+00 0.3000E-03 0.4000E-03 0.9000E-03 0.4800E-02 0.5200E-02 0.9700E-02 0.7730E-01 0.1690E-01 0.7400E-02 0.4100E-02 -0.9990E+03 -0.9990E+03 -0.9990E+03 -0.9990E+03 -0.9990E+03 -0.9990E+03 -0.9990E+03 -0.9990E+03 -0.9990E+03 -0.9990E+03 -0.9990E+03 -0.9990E+03 -0.9990E+03 -0.9990E+03 -0.9990E+03 -0.9990E+03 -0.9990E+03 -0.9990E+03 -0.9990E+03 -0.9990E+03 -0.9990E+03
-0.9990E+03 -0.9990E+03 -0.9990E+03 -0.9990E+03 0.0000E+00 0.0000E+00 0.0000E+00 0.0000E+00 0.0000E+00 0.0000E+00 0.0000E+00 0.0000E+00 0.0000E+00 0.1600E-02 0.4400E-02 0.8800E-02 0.1710E-01 0.5670E-01 0.9410E-01 0.2460E-01 0.1340E-01 0.8600E-02 0.5500E-02 0.1900E-02 0.1000E-02 0.1000E-02 0.1500E-02 0.2500E-02 0.5800E-02 0.6200E-02 0.1020E-01 0.5650E-01 0.1980E-01 0.6600E-02 0.3400E-02 -0.9990E+03 -0.9990E+03 -0.9990E+03 -0.9990E+03 -0.9990E+03 0.0000E+00 0.0000E+00 -0.9990E+03 -0.9990E+03 -0.9990E+03 -0.9990E+03 -0.9990E+03 -0.9990E+03 -0.9990E+03 -0.9990E+03 -0.9990E+03 -0.9990E+03 -0.9990E+03 -0.9990E+03 -0.9990E+03 -0.9990E+03
-0.9990E+03 -0.9990E+03 -0.9990E+03 -0.9990E+03 -0.9990E+03 0.0000E+00 0.0000E+00 0.0000E+00 0.0000E+00 0.0000E+00 0.0000E+00 0.0000E+00 0.0000E+00 0.6000E-03 0.2400E-02 0.6200E-02 0.9100E-02 0.2250E-01 0.1122E+00 0.3080E-01 0.2260E-01 0.1510E-01 0.7800E-02 0.5800E-02 0.4100E-02 0.4600E-02 0.4000E-02 0.6700E-02 0.1110E-01 0.1030E-01 0.1370E-01 0.7000E-01 0.1170E-01 0.4800E-02 0.2500E-02 -0.9990E+03 -0.9990E+03 -0.9990E+03 0.0000E+00 0.0000E+00 0.0000E+00 0.0000E+00 0.0000E+00 -0.9990E+03 -0.9990E+03 -0.9990E+03 -0.9990E+03 -0.9990E+03 -0.9990E+03 -0.9990E+03 -0.9990E+03 -0.9990E+03 -0.9990E+03 -0.9990E+03 -0.9990E+03 -0.9990E+03
-0.9990E+03 -0.9990E+03 -0.9990E+03 -0.9990E+03 -0.9990E+03 -0.9990E+03 -0.9990E+03 0.0000E+00 0.0000E+00 0.0000E+00 0.0000E+00 -0.9990E+03 -0.9990E+03 0.0000E+00 0.1400E-02 0.4000E-02 0.7700E-02 0.1340E-01 0.3090E-01 0.1055E+00 0.3240E-01 0.2420E-01 0.9600E-02 0.9600E-02 0.8500E-02 0.8200E-02 0.8500E-02 0.1100E-01 0.7520E-01 0.1690E-01 0.6980E-01 0.3770E-01 0.5800E-02 0.2600E-02 0.1300E-02 0.0000E+00 -0.9990E+03 0.0000E+00 0.0000E+00 0.0000E+00 0.0000E+00 0.0000E+00 -0.9990E+03 -0.9990E+03 -0.9990E+03 -0.9990E+03 -0.9990E+03 -0.9990E+03 -0.9990E+03 -0.9990E+03 -0.9990E+03 -0.9990E+03 -0.9990E+03 -0.9990E+03 -0.9990E+03 -0.9990E+03
-0.9990E+03 -0.9990E+03 -0.9990E+03 -0.9990E+03 -0.9990E+03 -0.9990E+03 -0.9990E+03 -0.9990E+03 -0.9990E+03 -0.9990E+03 -0.9990E+03 -0.9990E+03 -0.9990E+03 0.0000E+00 0.3000E-03 0.2200E-02 0.4200E-02 0.4900E-02 0.1250E-01 0.6320E-01 0.1125E+00 0.9100E-01 0.3010E-01 0.2030E-01 0.1400E-01 0.1470E-01 0.2040E-01 0.5470E-01 0.6480E-01 0.1460E-01 0.9000E-02 0.6000E-02 0.2400E-02 0.1500E-02 0.8000E-03 0.0000E+00 0.0000E+00 0.0000E+00 0.0000E+00 0.0000E+00 0.0000E+00 0.0000E+00 -0.9990E+03 -0.9990E+03 -0.9990E+03 -0.9990E+03 -0.9990E+03 -0.9990E+03 -0.9990E+03 -0.9990E+03 -0.9990E+03 -0.9990E+03 -0.9990E+03 -0.9990E+03 -0.9990E+03 -0.9990E+03
-0.9990E+03 -0.9990E+03 -0.9990E+03 -0.9990E+03 -0.9990E+03 -0.9990E+03 -0.9990E+03 -0.9990E+03 -0.9990E+03 -0.9990E+03 -0.9990E+03 -0.9990E+03 -0.9990E+03 0.0000E+00 0.0000E+00 0.9000E-03 0.2300E-02 0.4100E-02 0.5300E-02 0.1590E-01 0.2170E-01 0.4980E-01 0.1061E+00 0.2870E-01 0.1950E-01 0.2350E-01 0.7830E-01 0.7100E-01 0.1710E-01 0.8400E-02 0.3500E-02 0.2200E-02 0.1300E-02 0.1000E-02 0.4000E-03 0.0000E+00 0.0000E+00 0.0000E+00 0.0000E+00 0.0000E+00 0.0000E+00 0.0000E+00 0.0000E+00 -0.9990E+03 -0.9990E+03 -0.9990E+03 -0.9990E+03 -0.9990E+03 -0.9990E+03 -0.9990E+03 -0.9990E+03 -0.9990E+03 -0.9990E+03 -0.9990E+03 -0.9990E+03 -0.9990E+03
-0.9990E+03 -0.9990E+03 -0.9990E+03 -0.9990E+03 -0.9990E+03 -0.9990E+03 -0.9990E+03 -0.9990E+03 -0.9990E+03 -0.9990E+03 -0.9990E+03 -0.9990E+03 -0.9990E+03 -0.9990E+03 0.0000E+00 0.1000E-03 -0.9990E+03 -0.9990E+03 0.5800E-02 0.1150E-01 0.1630E-01 0.2700E-01 0.9550E-01 0.2980E-01 0.3450E-01 0.6560E-01 0.7970E-01 0.1880E-01 0.8800E-02 0.4800E-02 0.2600E-02 0.1400E-02 0.6000E-03 0.5000E-03 0.1000E-03 0.0000E+00 0.0000E+00 0.0000E+00 0.0000E+00 0.0000E+00 0.0000E+00 0.0000E+00 -0.9990E+03 -0.9990E+03 -0.9990E+03 -0.9990E+03 -0.9990E+03 -0.9990E+03 -0.9990E+03 -0.9990E+03 -0.9990E+03 -0.9990E+03 -0.9990E+03 -0.9990E+03 -0.9990E+03 -0.9990E+03
-0.9990E+03 -0.9990E+03 -0.9990E+03 -0.9990E+03 -0.9990E+03 -0.9990E+03 -0.9990E+03 -0.9990E+03 -0.9990E+03 -0.9990E+03 -0.9990E+03 -0.9990E+03 -0.9990E+03 -0.9990E+03 -0.9990E+03 -0.9990E+03 -0.9990E+03 -0.9990E+03 -0.9990E+03 0.1130E-01 0.1740E-01 0.2350E-01 0.8910E-01 0.4870E-01 0.1207E+00 0.7120E-01 0.1850E-01 0.9200E-02 0.4500E-02 0.1600E-02 0.7000E-03 0.3000E-03 0.0000E+00 0.0000E+00 0.0000E+00 0.0000E+00 0.0000E+00 0.0000E+00 0.0000E+00 0.0000E+00 -0.9990E+03 -0.9990E+03 -0.9990E+03 -0.9990E+03 -0.9990E+03 -0.9990E+03 -0.9990E+03 -0.9990E+03 -0.9990E+03 -0.9990E+03 -0.9990E+03 -0.9990E+03 -0.9990E+03 -0.9990E+03 -0.9990E+03 -0.9990E+03
-0.9990E+03 -0.9990E+03 -0.9990E+03 -0.9990E+03 -0.9990E+03 -0.9990E+03 -0.9990E+03 -0.9990E+03 -0.9990E+03 -0.9990E+03 -0.9990E+03 -0.9990E+03 -0.9990E+03 -0.9990E+03 -0.9990E+03 -0.9990E+03 -0.9990E+03 0.2800E-02 0.6000E-02 0.1250E-01 0.2340E-01 0.3780E-01 0.1280E+00 0.1355E+00 0.4310E-01 0.1320E-01 0.7300E-02 0.4400E-02 0.2400E-02 0.9000E-03 0.3000E-03 0.0000E+00 0.0000E+00 0.0000E+00 0.0000E+00 0.0000E+00 0.0000E+00 0.0000E+00 -0.9990E+03 -0.9990E+03 -0.9990E+03 -0.9990E+03 -0.9990E+03 -0.9990E+03 -0.9990E+03 -0.9990E+03 -0.9990E+03 -0.9990E+03 -0.9990E+03 -0.9990E+03 -0.9990E+03 -0.9990E+03 -0.9990E+03 -0.9990E+03 -0.9990E+03 -0.9990E+03
-0.9990E+03 -0.9990E+03 -0.9990E+03 -0.9990E+03 -0.9990E+03 -0.9990E+03 -0.9990E+03 -0.9990E+03 -0.9990E+03 -0.9990E+03 -0.9990E+03 -0.9990E+03 -0.9990E+03 -0.9990E+03 -0.9990E+03 -0.9990E+03 0.1400E-02 0.6000E-02 0.1030E-01 0.1960E-01 0.4500E-01 0.1500E+00 0.1656E+00 0.3710E-01 0.1810E-01 0.9500E-02 0.2500E-02 0.2300E-02 0.7000E-03 0.3000E-03 0.0000E+00 0.0000E+00 0.0000E+00 0.0000E+00 0.0000E+00 0.0000E+00 0.0000E+00 -0.9990E+03 -0.9990E+03 -0.9990E+03 -0.9990E+03 -0.9990E+03 -0.9990E+03 -0.9990E+03 -0.9990E+03 -0.9990E+03 -0.9990E+03 -0.9990E+03 -0.9990E+03 -0.9990E+03 -0.9990E+03 -0.9990E+03 -0.9990E+03 -0.9990E+03 -0.9990E+03 -0.9990E+03
-0.9990E+03 -0.9990E+03 -0.9990E+03 -0.9990E+03 -0.9990E+03 -0.9990E+03 -0.9990E+03 -0.9990E+03 -0.9990E+03 -0.9990E+03 -0.9990E+03 -0.9990E+03 -0.9990E+03 -0.9990E+03 -0.9990E+03 -0.9990E+03 0.5400E-02 0.1000E-01 0.2090E-01 0.4700E-01 0.1632E+00 0.7860E-01 0.2510E-01 0.1300E-01 0.9000E-02 0.5500E-02 0.2200E-02 0.1100E-02 0.3000E-03 0.0000E+00 0.0000E+00 0.0000E+00 0.0000E+00 0.0000E+00 0.0000E+00 0.0000E+00 -0.9990E+03 -0.9990E+03 -0.9990E+03 -0.9990E+03 -0.9990E+03 -0.9990E+03 -0.9990E+03 -0.9990E+03 -0.9990E+03 -0.9990E+03 -0.9990E+03 -0.9990E+03 -0.9990E+03 -0.9990E+03 -0.9990E+03 -0.9990E+03 -0.9990E+03 -0.9990E+03 -0.9990E+03 -0.9990E+03
-0.9990E+03 -0.9990E+03 -0.9990E+03 -0.9990E+03 -0.9990E+03 -0.9990E+03 -0.9990E+03 -0.9990E+03 -0.9990E+03 -0.9990E+03 -0.9990E+03 -0.9990E+03 -0.9990E+03 -0.9990E+03 -0.9990E+03 -0.9990E+03 0.5600E-02 0.1820E-01 0.4040E-01 0.1695E+00 0.7030E-01 0.1730E-01 0.1170E-01 0.8400E-02 0.3700E-02 0.2600E-02 0.7000E-03 0.1000E-03 0.0000E+00 0.0000E+00 0.0000E+00 0.0000E+00 0.0000E+00 0.0000E+00 -0.9990E+03 -0.9990E+03 -0.9990E+03 -0.9990E+03 -0.9990E+03 -0.9990E+03 -0.9990E+03 -0.9990E+03 -0.9990E+03 -0.9990E+03 -0.9990E+03 -0.9990E+03 -0.9990E+03 -0.9990E+03 -0.9990E+03 -0.9990E+03 -0.9990E+03 -0.9990E+03 -0.9990E+03 -0.9990E+03 -0.9990E+03 -0.9990E+03
-0.9990E+03 -0.9990E+03 -0.9990E+03 -0.9990E+03 -0.9990E+03 -0.9990E+03 -0.9990E+03 -0.9990E+03 -0.9990E+03 -0.9990E+03 -0.9990E+03 -0.9990E+03 -0.9990E+03 -0.9990E+03 -0.9990E+03 0.2600E-02 0.1040E-01 0.3080E-01 0.1420E+00 0.1101E+00 0.2560E-01 0.8700E-02 0.4600E-02 0.3600E-02 0.1700E-02 0.9000E-03 0.0000E+00 0.0000E+00 0.0000E+00 0.0000E+00 0.0000E+00 0.0000E+00 0.0000E+00 0.0000E+00 -0.9990E+03 -0.9990E+03 -0.9990E+03 -0.9990E+03 -0.9990E+03 -0.9990E+03 -0.9990E+03 -0.9990E+03 -0.9990E+03 -0.9990E+03 -0.9990E+03 -0.9990E+03 -0.9990E+03 -0.9990E+03 -0.9990E+03 -0.9990E+03 -0.9990E+03 -0.9990E+03 -0.9990E+03 -0.9990E+03 -0.9990E+03 -0.9990E+03
