Data/rwc_O3_RR2025_2002.asc
NCOLS          280
NROWS          320
XLLCORNER            0
YLLCORNER       300000
CELLSIZE         1000
NODATA_VALUE  -0.9990E+03
[rows 168 to 191 of 320, columns 110 to 164 of 280]
-0.1056E+01 -0.8160E+00 -0.7310E+00 -0.7280E+00 -0.7020E+00 -0.6970E+00 -0.7460E+00 -0.7290E+00 -0.6890E+00 -0.6800E+00 -0.6440E+00 -0.5510E+00 -0.5100E+00 -0.4100E+00 -0.3530E+00 -0.1900E+00 -0.2560E+00 -0.3060E+00 -0.3360E+00 -0.5650E+00 -0.8980E+00 -0.1404E+01 -0.4099E+01 -0.1088E+01 -0.7630E+00 -0.8050E+00 -0.7300E+00 -0.3779E+01 -0.4752E+01 -0.1708E+01 -0.1149E+01 -0.8040E+00 -0.5510E+00 -0.4870E+00 -0.2840E+00 -0.4760E+00 -0.3260E+00 -0.2620E+00 -0.2480E+00 -0.2340E+00 -0.1880E+00 -0.1840E+00 -0.2040E+00 -0.2910E+00 -0.3930E+00 -0.1329E+01 -0.2463E+01 -0.2942E+01 -0.2799E+01 -0.3063E+01 -0.3156E+01 -0.3058E+01 -0.2614E+01 -0.9690E+00 -0.8600E+00
-0.6130E+00 -0.5080E+00 -0.4550E+00 -0.4400E+00 -0.3370E+00 -0.4510E+00 -0.4560E+00 -0.4440E+00 -0.4120E+00 -0.3850E+00 -0.3100E+00 -0.2440E+00 -0.1750E+00 -0.9000E-01 -0.2800E-01 -0.8000E-02 0.0000E+00 -0.4500E-01 -0.9200E-01 -0.3320E+00 -0.6440E+00 -0.1217E+01 -0.3863E+01 -0.7400E+00 -0.4900E+00 -0.6590E+00 -0.8190E+00 -0.1525E+01 -0.2784E+01 -0.9740E+00 -0.4030E+00 -0.4110E+00 -0.2430E+00 -0.2340E+00 -0.2140E+00 -0.2140E+00 -0.2010E+00 -0.1740E+00 -0.1520E+00 -0.1230E+00 -0.1140E+00 -0.1080E+00 -0.1220E+00 -0.1510E+00 -0.1950E+00 -0.2810E+00 -0.4080E+00 -0.5800E+00 -0.6480E+00 -0.7140E+00 -0.7300E+00 -0.7610E+00 -0.1349E+01 -0.2973E+01 -0.2902E+01
-0.2630E+00 -0.1530E+00 -0.6800E-01 -0.1600E-01 0.0000E+00 0.0000E+00 0.0000E+00 0.0000E+00 0.0000E+00 0.0000E+00 0.0000E+00 0.0000E+00 0.0000E+00 0.0000E+00 0.0000E+00 0.0000E+00 0.0000E+00 0.0000E+00 0.0000E+00 -0.1980E+00 -0.3850E+00 -0.7140E+00 -0.3542E+01 -0.5750E+00 -0.3920E+00 -0.4260E+00 -0.9210E+00 -0.3216E+01 -0.7330E+00 -0.3700E+00 -0.2290E+00 -0.2350E+00 -0.1570E+00 -0.1490E+00 -0.1270E+00 -0.1230E+00 -0.1150E+00 -0.9400E-01 -0.6900E-01 -0.4500E-01 -0.3300E-01 -0.3500E-01 -0.4100E-01 -0.6500E-01 -0.9900E-01 -0.1270E+00 -0.1540E+00 -0.2810E+00 -0.3030E+00 -0.2190E+00 -0.2300E+00 -0.2170E+00 -0.4600E+00 -0.5580E+00 -0.4400E+00
-0.1240E+00 -0.6500E-01 -0.1200E-01 0.0000E+00 0.0000E+00 0.0000E+00 0.0000E+00 0.0000E+00 0.0000E+00 0.0000E+00 0.0000E+00 0.0000E+00 0.0000E+00 0.0000E+00 0.0000E+00 0.0000E+00 0.0000E+00 0.0000E+00 0.0000E+00 -0.1700E+00 -0.1860E+00 -0.3550E+00 -0.2345E+01 -0.5790E+00 -0.4210E+00 -0.4010E+00 -0.1125E+01 -0.2914E+01 -0.4720E+00 -0.2190E+00 -0.1060E+00 -0.4200E-01 0.0000E+00 0.0000E+00 0.0000E+00 0.0000E+00 0.0000E+00 0.0000E+00 0.0000E+00 0.0000E+00 0.0000E+00 0.0000E+00 -0.4000E-02 -0.2600E-01 -0.4400E-01 -0.5500E-01 -0.7300E-01 -0.8600E-01 -0.1070E+00 -0.1150E+00 -0.1190E+00 -0.1280E+00 -0.2110E+00 -0.2670E+00 -0.1640E+00
-0.4600E-01 -0.2200E-01 0.0000E+00 0.0000E+00 0.0000E+00 0.0000E+00 0.0000E+00 0.0000E+00 0.0000E+00 0.0000E+00 0.0000E+00 0.0000E+00 0.0000E+00 0.0000E+00 0.0000E+00 0.0000E+00 0.0000E+00 0.0000E+00 0.0000E+00 -0.9900E-01 -0.1730E+00 -0.2690E+00 -0.7390E+00 -0.2633E+01 -0.6420E+00 -0.4540E+00 -0.2886E+01 -0.1437E+01 -0.5860E+00 -0.1790E+00 -0.5800E-01 -0.1200E-01 0.0000E+00 0.0000E+00 0.0000E+00 0.0000E+00 0.0000E+00 0.0000E+00 0.0000E+00 0.0000E+00 0.0000E+00 0.0000E+00 0.0000E+00 0.0000E+00 0.0000E+00 0.0000E+00 0.0000E+00 0.0000E+00 0.0000E+00 -0.3000E-02 -0.1800E-01 -0.3600E-01 -0.5900E-01 -0.9700E-01 -0.1330E+00
-0.1200E-01 0.0000E+00 0.0000E+00 0.0000E+00 0.0000E+00 0.0000E+00 0.0000E+00 0.0000E+00 0.0000E+00 0.0000E+00 0.0000E+00 0.0000E+00 0.0000E+00 0.0000E+00 0.0000E+00 0.0000E+00 0.0000E+00 0.0000E+00 0.0000E+00 -0.6500E-01 -0.1780E+00 -0.2390E+00 -0.6780E+00 -0.3217E+01 -0.6700E+00 -0.8890E+00 -0.3153E+01 -0.1047E+01 -0.4980E+00 -0.2580E+00 -0.5800E-01 0.0000E+00 0.0000E+00 0.0000E+00 0.0000E+00 0.0000E+00 0.0000E+00 0.0000E+00 0.0000E+00 0.0000E+00 0.0000E+00 0.0000E+00 0.0000E+00 0.0000E+00 0.0000E+00 0.0000E+00 0.0000E+00 0.0000E+00 0.0000E+00 0.0000E+00 0.0000E+00 0.0000E+00 0.0000E+00 0.0000E+00 0.0000E+00
0.0000E+00 0.0000E+00 0.0000E+00 0.0000E+00 0.0000E+00 0.0000E+00 0.0000E+00 0.0000E+00 0.0000E+00 0.0000E+00 0.0000E+00 0.0000E+00 0.0000E+00 0.0000E+00 0.0000E+00 0.0000E+00 0.0000E+00 0.0000E+00 0.0000E+00 -0.2000E-01 -0.1610E+00 -0.2930E+00 -0.7400E+00 -0.3297E+01 -0.1123E+01 -0.1158E+01 -0.3231E+01 -0.9570E+00 -0.4350E+00 -0.2040E+00 -0.3000E-01 0.0000E+00 0.0000E+00 0.0000E+00 0.0000E+00 0.0000E+00 0.0000E+00 0.0000E+00 0.0000E+00 0.0000E+00 0.0000E+00 0.0000E+00 0.0000E+00 0.0000E+00 0.0000E+00 0.0000E+00 0.0000E+00 0.0000E+00 0.0000E+00 0.0000E+00 0.0000E+00 0.0000E+00 0.0000E+00 0.0000E+00 0.0000E+00
0.0000E+00 0.0000E+00 0.0000E+00 0.0000E+00 0.0000E+00 0.0000E+00 0.0000E+00 0.0000E+00 0.0000E+00 0.0000E+00 0.0000E+00 0.0000E+00 0.0000E+00 0.0000E+00 0.0000E+00 0.0000E+00 0.0000E+00 0.0000E+00 0.0000E+00 -0.3000E-02 -0.1330E+00 -0.2590E+00 -0.5820E+00 -0.1354E+01 -0.2545E+01 -0.1953E+01 -0.2419E+01 -0.9270E+00 -0.5060E+00 -0.1970E+00 -0.4000E-02 0.0000E+00 0.0000E+00 0.0000E+00 0.0000E+00 0.0000E+00 0.0000E+00 0.0000E+00 0.0000E+00 0.0000E+00 0.0000E+00 0.0000E+00 0.0000E+00 0.0000E+00 0.0000E+00 0.0000E+00 0.0000E+00 0.0000E+00 0.0000E+00 0.0000E+00 0.0000E+00 0.0000E+00 0.0000E+00 0.0000E+00 0.0000E+00
0.0000E+00 0.0000E+00 0.0000E+00 0.0000E+00 0.0000E+00 0.0000E+00 0.0000E+00 0.0000E+00 0.0000E+00 0.0000E+00 0.0000E+00 0.0000E+00 0.0000E+00 0.0000E+00 0.0000E+00 0.0000E+00 -0.1700E-01 -0.5100E-01 -0.9400E-01 -0.1400E+00 -0.2950E+00 -0.4260E+00 -0.6960E+00 -0.7550E+00 -0.1976E+01 -0.5308E+01 -0.1809E+01 -0.1004E+01 -0.5770E+00 -0.2730E+00 -0.6400E-01 0.0000E+00 0.0000E+00 0.0000E+00 0.0000E+00 0.0000E+00 0.0000E+00 0.0000E+00 0.0000E+00 0.0000E+00 0.0000E+00 0.0000E+00 0.0000E+00 0.0000E+00 0.0000E+00 0.0000E+00 0.0000E+00 0.0000E+00 0.0000E+00 0.0000E+00 0.0000E+00 0.0000E+00 0.0000E+00 0.0000E+00 0.0000E+00
0.0000E+00 0.0000E+00 0.0000E+00 0.0000E+00 0.0000E+00 0.0000E+00 0.0000E+00 0.0000E+00 0.0000E+00 0.0000E+00 0.0000E+00 0.0000E+00 0.0000E+00 0.0000E+00 0.0000E+00 -0.1200E-01 -0.4600E-01 -0.1110E+00 -0.1940E+00 -0.3110E+00 -0.4640E+00 -0.5550E+00 -0.8170E+00 -0.1282E+01 -0.2795E+01 -0.5329E+01 -0.3030E+01 -0.1320E+01 -0.7530E+00 -0.4090E+00 -0.1790E+00 -0.6800E-01 0.0000E+00 0.0000E+00 0.0000E+00 0.0000E+00 0.0000E+00 0.0000E+00 0.0000E+00 0.0000E+00 0.0000E+00 0.0000E+00 0.0000E+00 0.0000E+00 0.0000E+00 0.0000E+00 0.0000E+00 0.0000E+00 0.0000E+00 0.0000E+00 0.0000E+00 0.0000E+00 0.0000E+00 0.0000E+00 0.0000E+00
0.0000E+00 0.0000E+00 0.0000E+00 0.0000E+00 0.0000E+00 0.0000E+00 0.0000E+00 0.0000E+00 0.0000E+00 0.0000E+00 0.0000E+00 0.0000E+00 0.0000E+00 0.0000E+00 0.0000E+00 -0.3700E-01 -0.1070E+00 -0.2120E+00 -0.3700E+00 -0.8260E+00 -0.6920E+00 -0.9810E+00 -0.1298E+01 -0.2911E+01 -0.3589E+01 -0.1777E+01 -0.4897E+01 -0.1790E+01 -0.1085E+01 -0.5700E+00 -0.3520E+00 -0.1740E+00 -0.6000E-01 0.0000E+00 0.0000E+00 0.0000E+00 0.0000E+00 0.0000E+00 0.0000E+00 0.0000E+00 0.0000E+00 0.0000E+00 0.0000E+00 0.0000E+00 0.0000E+00 0.0000E+00 0.0000E+00 0.0000E+00 0.0000E+00 0.0000E+00 0.0000E+00 0.0000E+00 0.0000E+00 0.0000E+00 0.0000E+00
0.0000E+00 0.0000E+00 0.0000E+00 0.0000E+00 0.0000E+00 0.0000E+00 0.0000E+00 0.0000E+00 0.0000E+00 0.0000E+00 0.0000E+00 0.0000E+00 0.0000E+00 0.0000E+00 -0.2100E-01 -0.4500E-01 -0.1740E+00 -0.4230E+00 -0.9430E+00 -0.3360E+01 -0.3329E+01 -0.3308E+01 -0.3297E+01 -0.2399E+01 -0.1190E+01 -0.1199E+01 -0.2750E+01 -0.4619E+01 -0.1664E+01 -0.1014E+01 -0.5680E+00 -0.3150E+00 -0.7400E-01 -0.1100E-01 0.0000E+00 0.0000E+00 0.0000E+00 0.0000E+00 0.0000E+00 0.0000E+00 0.0000E+00 0.0000E+00 0.0000E+00 0.0000E+00 0.0000E+00 0.0000E+00 0.0000E+00 0.0000E+00 0.0000E+00 0.0000E+00 0.0000E+00 0.0000E+00 0.0000E+00 0.0000E+00 0.0000E+00
0.0000E+00 0.0000E+00 0.0000E+00 0.0000E+00 0.0000E+00 0.0000E+00 0.0000E+00 0.0000E+00 0.0000E+00 0.0000E+00 0.0000E+00 0.0000E+00 0.0000E+00 0.0000E+00 -0.4500E-01 -0.1450E+00 -0.3150E+00 -0.7210E+00 -0.2856E+01 -0.2229E+01 -0.1129E+01 -0.8990E+00 -0.8240E+00 -0.6770E+00 -0.6320E+00 -0.7490E+00 -0.1111E+01 -0.2549E+01 -0.4325E+01 -0.1613E+01 -0.9190E+00 -0.4550E+00 -0.1240E+00 -0.4100E-01 0.0000E+00 0.0000E+00 0.0000E+00 0.0000E+00 0.0000E+00 0.0000E+00 0.0000E+00 0.0000E+00 0.0000E+00 0.0000E+00 0.0000E+00 0.0000E+00 0.0000E+00 0.0000E+00 -0.7000E-02 -0.3200E-01 -0.6800E-01 -0.1120E+00 -0.1320E+00 -0.1200E+00 -0.1330E+00
0.0000E+00 0.0000E+00 0.0000E+00 0.0000E+00 0.0000E+00 0.0000E+00 0.0000E+00 0.0000E+00 0.0000E+00 0.0000E+00 0.0000E+00 0.0000E+00 0.0000E+00 0.0000E+00 -0.7800E-01 -0.2170E+00 -0.4720E+00 -0.1099E+01 -0.3507E+01 -0.1040E+01 -0.6640E+00 -0.4750E+00 -0.3500E+00 -0.3150E+00 -0.3440E+00 -0.4250E+00 -0.6270E+00 -0.9420E+00 -0.2377E+01 -0.4356E+01 -0.1254E+01 -0.6360E+00 -0.3110E+00 -0.1520E+00 -0.2500E-01 0.0000E+00 0.0000E+00 0.0000E+00 0.0000E+00 0.0000E+00 0.0000E+00 0.0000E+00 0.0000E+00 0.0000E+00 0.0000E+00 0.0000E+00 -0.7000E-02 -0.3400E-01 -0.7300E-01 -0.1310E+00 -0.2140E+00 -0.2790E+00 -0.3950E+00 -0.4180E+00 -0.3750E+00
0.0000E+00 0.0000E+00 0.0000E+00 0.0000E+00 0.0000E+00 0.0000E+00 0.0000E+00 0.0000E+00 0.0000E+00 0.0000E+00 0.0000E+00 0.0000E+00 0.0000E+00 -0.2400E-01 -0.1300E+00 -0.3140E+00 -0.7230E+00 -0.3129E+01 -0.1212E+01 -0.6660E+00 -0.4400E+00 -0.2640E+00 -0.1700E+00 -0.1290E+00 -0.1530E+00 -0.2160E+00 -0.2980E+00 -0.6050E+00 -0.1131E+01 -0.3548E+01 -0.2737E+01 -0.1064E+01 -0.5560E+00 -0.2730E+00 -0.8300E-01 0.0000E+00 0.0000E+00 0.0000E+00 0.0000E+00 0.0000E+00 0.0000E+00 0.0000E+00 -0.2400E-01 -0.4500E-01 -0.7400E-01 -0.1060E+00 -0.1370E+00 -0.1670E+00 -0.2300E+00 -0.2880E+00 -0.4070E+00 -0.6100E+00 -0.7890E+00 -0.9060E+00 -0.8760E+00
0.0000E+00 0.0000E+00 0.0000E+00 0.0000E+00 0.0000E+00 0.0000E+00 0.0000E+00 0.0000E+00 0.0000E+00 0.0000E+00 0.0000E+00 0.0000E+00 0.0000E+00 -0.5500E-01 -0.1940E+00 -0.4100E+00 -0.8200E+00 -0.2843E+01 -0.7970E+00 -0.4480E+00 -0.2170E+00 -0.6400E-01 -0.9000E-02 0.0000E+00 -0.1300E-01 -0.7300E-01 -0.1660E+00 -0.3910E+00 -0.7130E+00 -0.1225E+01 -0.4406E+01 -0.1388E+01 -0.7540E+00 -0.3610E+00 -0.1550E+00 -0.4000E-01 0.0000E+00 0.0000E+00 0.0000E+00 0.0000E+00 -0.4000E-02 -0.3500E-01 -0.8400E-01 -0.1360E+00 -0.2040E+00 -0.2430E+00 -0.2920E+00 -0.2560E+00 -0.2970E+00 -0.3660E+00 -0.8350E+00 -0.1606E+01 -0.2797E+01 -0.2694E+01 -0.2640E+01
0.0000E+00 0.0000E+00 0.0000E+00 0.0000E+00 0.0000E+00 0.0000E+00 0.0000E+00 0.0000E+00 0.0000E+00 0.0000E+00 0.0000E+00 0.0000E+00 0.0000E+00 -0.9100E-01 -0.2190E+00 -0.4930E+00 -0.1061E+01 -0.2989E+01 -0.7600E+00 -0.3780E+00 -0.1430E+00 -0.2400E-01 0.0000E+00 0.0000E+00 0.0000E+00 -0.1100E-01 -0.9000E-01 -0.2480E+00 -0.4570E+00 -0.9480E+00 -0.3377E+01 -0.2840E+01 -0.1076E+01 -0.5260E+00 -0.2800E+00 -0.1070E+00 0.0000E+00 0.0000E+00 0.0000E+00 -0.1400E-01 -0.4500E-01 -0.5600E-01 -0.1760E+00 -0.2610E+00 -0.4180E+00 -0.6490E+00 -0.6370E+00 -0.5110E+00 -0.4720E+00 -0.1356E+01 -0.2735E+01 -0.2516E+01 -0.6360E+00 -0.6090E+00 -0.5200E+00
0.0000E+00 0.0000E+00 0.0000E+00 0.0000E+00 0.0000E+00 0.0000E+00 0.0000E+00 0.0000E+00 0.0000E+00 0.0000E+00 0.0000E+00 0.0000E+00 -0.2400E-01 -0.1310E+00 -0.3370E+00 -0.7010E+00 -0.2936E+01 -0.1241E+01 -0.5580E+00 -0.2860E+00 -0.8700E-01 -0.2000E-02 0.0000E+00 0.0000E+00 0.0000E+00 0.0000E+00 -0.2800E-01 -0.1450E+00 -0.3100E+00 -0.6210E+00 -0.1143E+01 -0.4310E+01 -0.1317E+01 -0.8100E+00 -0.4310E+00 -0.2030E+00 -0.5100E-01 0.0000E+00 -0.1800E-01 -0.5500E-01 -0.1170E+00 -0.2290E+00 -0.3370E+00 -0.5990E+00 -0.7750E+00 -0.2881E+01 -0.2192E+01 -0.1954E+01 -0.1790E+01 -0.1334E+01 -0.6350E+00 -0.5220E+00 -0.3480E+00 -0.3170E+00 -0.2810E+00
0.0000E+00 0.0000E+00 0.0000E+00 0.0000E+00 0.0000E+00 0.0000E+00 0.0000E+00 0.0000E+00 0.0000E+00 0.0000E+00 0.0000E+00 0.0000E+00 -0.5400E-01 -0.2200E+00 -0.4310E+00 -0.9200E+00 -0.3376E+01 -0.1026E+01 -0.4750E+00 -0.2250E+00 -0.4800E-01 0.0000E+00 0.0000E+00 0.0000E+00 0.0000E+00 0.0000E+00 0.0000E+00 -0.7200E-01 -0.1950E+00 -0.4010E+00 -0.7370E+00 -0.1862E+01 -0.3498E+01 -0.1139E+01 -0.5800E+00 -0.3700E+00 -0.1510E+00 -0.1540E+00 -0.1850E+00 -0.1780E+00 -0.3460E+00 -0.5450E+00 -0.8990E+00 -0.1793E+01 -0.3312E+01 -0.1127E+01 -0.3590E+00 -0.2960E+00 -0.2400E+00 -0.2970E+00 -0.2510E+00 -0.2190E+00 -0.1780E+00 -0.1690E+00 -0.1470E+00
0.0000E+00 0.0000E+00 0.0000E+00 0.0000E+00 0.0000E+00 0.0000E+00 0.0000E+00 0.0000E+00 0.0000E+00 0.0000E+00 0.0000E+00 -0.1000E-02 -0.9700E-01 -0.2940E+00 -0.4400E+00 -0.1116E+01 -0.3313E+01 -0.8760E+00 -0.4170E+00 -0.1670E+00 -0.2300E-01 0.0000E+00 0.0000E+00 0.0000E+00 0.0000E+00 0.0000E+00 0.0000E+00 -0.2300E-01 -0.1040E+00 -0.2820E+00 -0.5070E+00 -0.1019E+01 -0.4253E+01 -0.1488E+01 -0.9260E+00 -0.5460E+00 -0.3650E+00 -0.2330E+00 -0.2010E+00 -0.2600E+00 -0.5840E+00 -0.9780E+00 -0.2554E+01 -0.3136E+01 -0.8540E+00 -0.4790E+00 -0.1960E+00 -0.1370E+00 -0.1470E+00 -0.1360E+00 -0.9200E-01 -0.7700E-01 -0.5100E-01 -0.1800E-01 -0.8000E-02
-0.5700E-01 -0.2600E-01 0.0000E+00 0.0000E+00 0.0000E+00 0.0000E+00 0.0000E+00 0.0000E+00 0.0000E+00 0.0000E+00 -0.1000E-01 -0.5300E-01 -0.2000E+00 -0.4610E+00 -0.8280E+00 -0.3334E+01 -0.1337E+01 -0.5700E+00 -0.4530E+00 -0.2620E+00 -0.1460E+00 -0.1290E+00 -0.1000E+00 -0.6000E-01 -0.1070E+00 -0.1610E+00 -0.1910E+00 -0.2200E+00 -0.3130E+00 -0.4470E+00 -0.6820E+00 -0.1072E+01 -0.2518E+01 -0.4360E+01 -0.1778E+01 -0.1115E+01 -0.1042E+01 -0.5760E+00 -0.6780E+00 -0.6140E+00 -0.9580E+00 -0.2935E+01 -0.2438E+01 -0.7450E+00 -0.4560E+00 -0.1540E+00 -0.1230E+00 -0.1000E+00 -0.7000E-01 -0.4700E-01 -0.3300E-01 -0.1800E-01 -0.6000E-02 0.0000E+00 0.0000E+00
-0.2150E+00 -0.1660E+00 -0.9900E-01 -0.5300E-01 -0.9000E-02 0.0000E+00 -0.2000E-02 -0.2600E-01 -0.6200E-01 -0.1100E+00 -0.1690E+00 -0.2620E+00 -0.4770E+00 -0.7450E+00 -0.1176E+01 -0.3508E+01 -0.1224E+01 -0.4730E+00 -0.4160E+00 -0.3610E+00 -0.3140E+00 -0.2610E+00 -0.2670E+00 -0.2410E+00 -0.3040E+00 -0.3850E+00 -0.4100E+00 -0.4140E+00 -0.4310E+00 -0.5350E+00 -0.7340E+00 -0.1071E+01 -0.1819E+01 -0.4894E+01 -0.2595E+01 -0.2179E+01 -0.3009E+01 -0.2797E+01 -0.2918E+01 -0.2853E+01 -0.3041E+01 -0.1845E+01 -0.7060E+00 -0.3490E+00 -0.2260E+00 -0.1100E+00 -0.6100E-01 -0.2300E-01 -0.2000E-02 0.0000E+00 0.0000E+00 0.0000E+00 0.0000E+00 0.0000E+00 0.0000E+00
-0.3690E+00 -0.2980E+00 -0.2100E+00 -0.1570E+00 -0.1200E+00 -0.1200E+00 -0.1330E+00 -0.1680E+00 -0.2140E+00 -0.2770E+00 -0.2320E+00 -0.5000E+00 -0.7170E+00 -0.1051E+01 -0.1647E+01 -0.3315E+01 -0.1099E+01 -0.6730E+00 -0.6670E+00 -0.6980E+00 -0.6650E+00 -0.5060E+00 -0.4300E+00 -0.4660E+00 -0.6280E+00 -0.7940E+00 -0.8170E+00 -0.8240E+00 -0.8050E+00 -0.8470E+00 -0.1047E+01 -0.1370E+01 -0.3204E+01 -0.4000E+01 -0.6113E+01 -0.3752E+01 -0.1901E+01 -0.1030E+01 -0.7610E+00 -0.7010E+00 -0.6440E+00 -0.4960E+00 -0.3050E+00 -0.1910E+00 -0.1150E+00 -0.5200E-01 -0.1800E-01 0.0000E+00 0.0000E+00 0.0000E+00 0.0000E+00 0.0000E+00 0.0000E+00 0.0000E+00 0.0000E+00
-0.7710E+00 -0.5560E+00 -0.3160E+00 -0.2290E+00 -0.1980E+00 -0.2000E+00 -0.2170E+00 -0.2640E+00 -0.3370E+00 -0.4290E+00 -0.7570E+00 -0.9720E+00 -0.1163E+01 -0.2097E+01 -0.4431E+01 -0.2304E+01 -0.1868E+01 -0.1860E+01 -0.2242E+01 -0.2427E+01 -0.2438E+01 -0.9140E+00 -0.8050E+00 -0.8990E+00 -0.2230E+01 -0.2575E+01 -0.2533E+01 -0.2519E+01 -0.2555E+01 -0.2546E+01 -0.2603E+01 -0.2719E+01 -0.1332E+01 -0.1673E+01 -0.4178E+01 -0.2761E+01 -0.1145E+01 -0.8280E+00 -0.5480E+00 -0.4090E+00 -0.2620E+00 -0.2090E+00 -0.1410E+00 -0.7500E-01 -0.3100E-01 -0.1100E-01 0.0000E+00 0.0000E+00 0.0000E+00 0.0000E+00 0.0000E+00 0.0000E+00 0.0000E+00 0.0000E+00 0.0000E+00
