Data/rwc_O3_RR2030_2002.asc
NCOLS          280
NROWS          320
XLLCORNER            0
YLLCORNER       300000
CELLSIZE         1000
NODATA_VALUE  -0.9990E+03
[rows 96 to 119 of 320, columns 165 to 219 of 280]
0.0000E+00 0.0000E+00 0.0000E+00 0.0000E+00 0.0000E+00 0.0000E+00 0.0000E+00 0.0000E+00 -0.1100E-01 -0.3400E-01 -0.7300E-01 -0.1200E+00 -0.1910E+00 -0.2940E+00 -0.3220E+00 -0.5780E+00 -0.2205E+01 -0.4950E+00 -0.2040E+00 -0.8700E-01 -0.8000E-02 0.0000E+00 0.0000E+00 0.0000E+00 0.0000E+00 0.0000E+00 0.0000E+00 0.0000E+00 0.0000E+00 0.0000E+00 0.0000E+00 0.0000E+00 0.0000E+00 0.0000E+00 0.0000E+00 0.0000E+00 0.0000E+00 0.0000E+00 0.0000E+00 0.0000E+00 0.0000E+00 -0.5800E-01 -0.1980E+00 -0.1970E+00 -0.3460E+00 -0.1901E+01 -0.6620E+00 -0.9930E+00 -0.1072E+01 -0.8880E+00 -0.8400E+00 -0.6370E+00 -0.4890E+00 -0.5020E+00 -0.6160E+00
0.0000E+00 0.0000E+00 0.0000E+00 0.0000E+00 0.0000E+00 0.0000E+00 0.0000E+00 -0.1400E-01 -0.4000E-01 -0.8500E-01 -0.1570E+00 -0.2470E+00 -0.4100E+00 -0.6330E+00 -0.1665E+01 -0.2055E+01 -0.1512E+01 -0.4140E+00 -0.1950E+00 -0.9300E-01 -0.2000E-01 0.0000E+00 0.0000E+00 0.0000E+00 0.0000E+00 0.0000E+00 0.0000E+00 0.0000E+00 0.0000E+00 0.0000E+00 0.0000E+00 0.0000E+00 0.0000E+00 0.0000E+00 0.0000E+00 0.0000E+00 0.0000E+00 0.0000E+00 0.0000E+00 0.0000E+00 0.0000E+00 -0.1000E+00 -0.2460E+00 -0.2800E+00 -0.9470E+00 -0.2799E+01 -0.2373E+01 -0.2985E+01 -0.2938E+01 -0.2722E+01 -0.2899E+01 -0.1042E+01 -0.1068E+01 -0.1145E+01 -0.1180E+01
0.0000E+00 0.0000E+00 0.0000E+00 0.0000E+00 0.0000E+00 0.0000E+00 -0.1000E-01 -0.3900E-01 -0.8200E-01 -0.9200E-01 -0.2980E+00 -0.5530E+00 -0.1196E+01 -0.2605E+01 -0.1113E+01 -0.5380E+00 -0.1080E+01 -0.3670E+00 -0.2050E+00 -0.1070E+00 -0.3600E-01 -0.9000E-02 0.0000E+00 0.0000E+00 0.0000E+00 0.0000E+00 0.0000E+00 0.0000E+00 0.0000E+00 0.0000E+00 0.0000E+00 0.0000E+00 0.0000E+00 0.0000E+00 0.0000E+00 0.0000E+00 0.0000E+00 0.0000E+00 0.0000E+00 0.0000E+00 0.0000E+00 -0.1400E+00 -0.3400E+00 -0.5800E+00 -0.2756E+01 -0.3627E+01 -0.2476E+01 -0.1073E+01 -0.7790E+00 -0.7080E+00 -0.1254E+01 -0.3010E+01 -0.3547E+01 -0.3588E+01 -0.3636E+01
0.0000E+00 0.0000E+00 0.0000E+00 0.0000E+00 0.0000E+00 0.0000E+00 -0.2200E-01 -0.7300E-01 -0.1510E+00 -0.2810E+00 -0.6170E+00 -0.2013E+01 -0.2305E+01 -0.6250E+00 -0.3600E+00 -0.2780E+00 -0.3460E+00 -0.9400E+00 -0.2430E+00 -0.1240E+00 -0.5600E-01 -0.2200E-01 -0.1000E-02 0.0000E+00 0.0000E+00 0.0000E+00 0.0000E+00 0.0000E+00 0.0000E+00 0.0000E+00 0.0000E+00 0.0000E+00 0.0000E+00 0.0000E+00 0.0000E+00 0.0000E+00 0.0000E+00 0.0000E+00 0.0000E+00 0.0000E+00 0.0000E+00 -0.1710E+00 -0.4210E+00 -0.1005E+01 -0.4114E+01 -0.2376E+01 -0.1025E+01 -0.7090E+00 -0.4300E+00 -0.3490E+00 -0.3900E+00 -0.5970E+00 -0.7540E+00 -0.7930E+00 -0.8150E+00
0.0000E+00 0.0000E+00 0.0000E+00 0.0000E+00 0.0000E+00 0.0000E+00 -0.2900E-01 -0.1150E+00 -0.2570E+00 -0.5970E+00 -0.2411E+01 -0.1509E+01 -0.5630E+00 -0.2930E+00 -0.2050E+00 -0.1860E+00 -0.2360E+00 -0.9540E+00 -0.2960E+00 -0.1660E+00 -0.7800E-01 -0.3700E-01 -0.7000E-02 0.0000E+00 0.0000E+00 0.0000E+00 0.0000E+00 0.0000E+00 0.0000E+00 0.0000E+00 0.0000E+00 0.0000E+00 0.0000E+00 0.0000E+00 0.0000E+00 0.0000E+00 0.0000E+00 0.0000E+00 0.0000E+00 0.0000E+00 0.0000E+00 -0.1700E+00 -0.4340E+00 -0.9490E+00 -0.4078E+01 -0.1287E+01 -0.7640E+00 -0.5430E+00 -0.3260E+00 -0.2080E+00 -0.2290E+00 -0.1930E+00 -0.3020E+00 -0.3610E+00 -0.3210E+00
0.0000E+00 0.0000E+00 0.0000E+00 0.0000E+00 0.0000E+00 -0.8000E-02 -0.5600E-01 -0.1700E+00 -0.4130E+00 -0.1915E+01 -0.1500E+01 -0.5290E+00 -0.2830E+00 -0.1470E+00 -0.1100E+00 -0.1120E+00 -0.1450E+00 -0.3420E+00 -0.9160E+00 -0.2240E+00 -0.1100E+00 -0.5700E-01 -0.2200E-01 -0.6000E-02 0.0000E+00 0.0000E+00 0.0000E+00 0.0000E+00 0.0000E+00 0.0000E+00 0.0000E+00 0.0000E+00 0.0000E+00 0.0000E+00 0.0000E+00 0.0000E+00 0.0000E+00 0.0000E+00 0.0000E+00 0.0000E+00 0.0000E+00 -0.1510E+00 -0.3750E+00 -0.6370E+00 -0.2031E+01 -0.2266E+01 -0.6630E+00 -0.4170E+00 -0.2140E+00 -0.5600E-01 -0.9400E-01 -0.8500E-01 -0.1470E+00 -0.1760E+00 -0.1590E+00
0.0000E+00 0.0000E+00 0.0000E+00 0.0000E+00 -0.1300E-01 -0.5200E-01 -0.1480E+00 -0.2700E+00 -0.5970E+00 -0.2497E+01 -0.7040E+00 -0.3350E+00 -0.1190E+00 -0.6100E-01 -0.5000E-01 -0.4700E-01 -0.7600E-01 -0.1860E+00 -0.9230E+00 -0.2190E+00 -0.1570E+00 -0.8800E-01 -0.4400E-01 -0.1800E-01 0.0000E+00 0.0000E+00 0.0000E+00 0.0000E+00 0.0000E+00 0.0000E+00 0.0000E+00 0.0000E+00 0.0000E+00 0.0000E+00 0.0000E+00 0.0000E+00 0.0000E+00 0.0000E+00 0.0000E+00 0.0000E+00 0.0000E+00 -0.1040E+00 -0.2990E+00 -0.4500E+00 -0.6850E+00 -0.2661E+01 -0.5960E+00 -0.4340E+00 -0.2140E+00 0.0000E+00 0.0000E+00 0.0000E+00 0.0000E+00 0.0000E+00 0.0000E+00
0.0000E+00 0.0000E+00 0.0000E+00 -0.1800E-01 -0.6200E-01 -0.1340E+00 -0.2770E+00 -0.4260E+00 -0.8370E+00 -0.2606E+01 -0.6020E+00 -0.2500E+00 -0.1120E+00 -0.2600E-01 -0.1200E-01 -0.2800E-01 -0.5500E-01 -0.1210E+00 -0.3820E+00 -0.8290E+00 -0.2390E+00 -0.1460E+00 -0.6900E-01 -0.3400E-01 -0.4000E-02 0.0000E+00 0.0000E+00 0.0000E+00 0.0000E+00 0.0000E+00 0.0000E+00 0.0000E+00 0.0000E+00 0.0000E+00 0.0000E+00 0.0000E+00 0.0000E+00 0.0000E+00 0.0000E+00 0.0000E+00 0.0000E+00 -0.5300E-01 -0.2590E+00 -0.3870E+00 -0.7480E+00 -0.3421E+01 -0.9120E+00 -0.4510E+00 -0.2490E+00 0.0000E+00 0.0000E+00 0.0000E+00 0.0000E+00 0.0000E+00 0.0000E+00
-0.3300E-01 -0.6100E-01 -0.1060E+00 -0.1730E+00 -0.2480E+00 -0.3570E+00 -0.5500E+00 -0.7890E+00 -0.2396E+01 -0.1223E+01 -0.3980E+00 -0.1720E+00 -0.7000E-01 -0.5000E-02 -0.1000E-02 -0.1600E-01 -0.3900E-01 -0.8100E-01 -0.1630E+00 -0.5710E+00 -0.7530E+00 -0.2100E+00 -0.9700E-01 -0.5100E-01 -0.1600E-01 0.0000E+00 0.0000E+00 0.0000E+00 0.0000E+00 0.0000E+00 0.0000E+00 0.0000E+00 0.0000E+00 0.0000E+00 0.0000E+00 0.0000E+00 0.0000E+00 0.0000E+00 0.0000E+00 0.0000E+00 0.0000E+00 -0.1400E-01 -0.2650E+00 -0.4180E+00 -0.9330E+00 -0.4060E+01 -0.1154E+01 -0.5020E+00 -0.2530E+00 0.0000E+00 0.0000E+00 0.0000E+00 0.0000E+00 0.0000E+00 0.0000E+00
-0.1010E+00 -0.1560E+00 -0.2450E+00 -0.3540E+00 -0.4620E+00 -0.5590E+00 -0.8690E+00 -0.1985E+01 -0.2329E+01 -0.5420E+00 -0.2350E+00 -0.1160E+00 -0.4300E-01 0.0000E+00 0.0000E+00 -0.8000E-02 -0.2100E-01 -0.5600E-01 -0.1140E+00 -0.2200E+00 -0.9600E+00 -0.2650E+00 -0.1380E+00 -0.7800E-01 -0.3000E-01 0.0000E+00 0.0000E+00 0.0000E+00 0.0000E+00 0.0000E+00 0.0000E+00 0.0000E+00 0.0000E+00 0.0000E+00 0.0000E+00 0.0000E+00 0.0000E+00 0.0000E+00 0.0000E+00 0.0000E+00 0.0000E+00 -0.3800E-01 -0.2960E+00 -0.3790E+00 -0.9430E+00 -0.4138E+01 -0.1201E+01 -0.5460E+00 -0.2790E+00 0.0000E+00 0.0000E+00 0.0000E+00 0.0000E+00 0.0000E+00 0.0000E+00
-0.1840E+00 -0.3190E+00 -0.5350E+00 -0.8130E+00 -0.9330E+00 -0.1030E+01 -0.2370E+01 -0.2138E+01 -0.6420E+00 -0.3240E+00 -0.1630E+00 -0.7200E-01 -0.2100E-01 0.0000E+00 0.0000E+00 -0.2000E-02 -0.1100E-01 -0.4400E-01 -0.9100E-01 -0.1750E+00 -0.7160E+00 -0.5490E+00 -0.1980E+00 -0.9600E-01 -0.4400E-01 -0.6000E-02 0.0000E+00 0.0000E+00 0.0000E+00 0.0000E+00 0.0000E+00 0.0000E+00 0.0000E+00 0.0000E+00 0.0000E+00 0.0000E+00 0.0000E+00 0.0000E+00 0.0000E+00 0.0000E+00 0.0000E+00 -0.8500E-01 -0.3370E+00 -0.5650E+00 -0.1100E+01 -0.4141E+01 -0.1183E+01 -0.5390E+00 -0.2300E+00 0.0000E+00 0.0000E+00 0.0000E+00 0.0000E+00 0.0000E+00 0.0000E+00
-0.3500E+00 -0.7530E+00 -0.1436E+01 -0.2591E+01 -0.2579E+01 -0.2407E+01 -0.1348E+01 -0.4170E+00 -0.3030E+00 -0.1750E+00 -0.9400E-01 -0.3800E-01 -0.4000E-02 0.0000E+00 0.0000E+00 0.0000E+00 -0.4000E-02 -0.2900E-01 -0.6900E-01 -0.1280E+00 -0.2350E+00 -0.9700E+00 -0.2360E+00 -0.1170E+00 -0.5900E-01 -0.1600E-01 0.0000E+00 0.0000E+00 0.0000E+00 0.0000E+00 0.0000E+00 0.0000E+00 0.0000E+00 0.0000E+00 0.0000E+00 0.0000E+00 0.0000E+00 0.0000E+00 0.0000E+00 0.0000E+00 -0.1100E-01 -0.1470E+00 -0.4070E+00 -0.7220E+00 -0.1551E+01 -0.3888E+01 -0.9810E+00 -0.4600E+00 -0.1710E+00 0.0000E+00 0.0000E+00 0.0000E+00 0.0000E+00 0.0000E+00 0.0000E+00
-0.7500E+00 -0.2586E+01 -0.1916E+01 -0.6630E+00 -0.5120E+00 -0.4300E+00 -0.3110E+00 -0.2000E+00 -0.1260E+00 -0.8300E-01 -0.4600E-01 -0.1500E-01 0.0000E+00 0.0000E+00 0.0000E+00 0.0000E+00 0.0000E+00 -0.1500E-01 -0.5100E-01 -0.9300E-01 -0.1890E+00 -0.8890E+00 -0.2550E+00 -0.1450E+00 -0.7600E-01 -0.2900E-01 -0.1000E-02 0.0000E+00 0.0000E+00 0.0000E+00 0.0000E+00 0.0000E+00 0.0000E+00 0.0000E+00 0.0000E+00 0.0000E+00 0.0000E+00 0.0000E+00 0.0000E+00 0.0000E+00 -0.4500E-01 -0.2080E+00 -0.4800E+00 -0.9630E+00 -0.3689E+01 -0.1191E+01 -0.6100E+00 -0.3200E+00 -0.7000E-01 0.0000E+00 0.0000E+00 0.0000E+00 0.0000E+00 0.0000E+00 0.0000E+00
-0.2141E+01 -0.1366E+01 -0.5560E+00 -0.3180E+00 -0.2390E+00 -0.1770E+00 -0.1350E+00 -0.9400E-01 -0.5900E-01 -0.3300E-01 -0.1200E-01 0.0000E+00 0.0000E+00 0.0000E+00 0.0000E+00 0.0000E+00 0.0000E+00 -0.5000E-02 -0.2800E-01 -0.6800E-01 -0.1280E+00 -0.3830E+00 -0.5750E+00 -0.1880E+00 -0.1000E+00 -0.4900E-01 -0.1600E-01 0.0000E+00 0.0000E+00 0.0000E+00 0.0000E+00 0.0000E+00 0.0000E+00 0.0000E+00 0.0000E+00 0.0000E+00 0.0000E+00 0.0000E+00 0.0000E+00 0.0000E+00 -0.9500E-01 -0.3140E+00 -0.6250E+00 -0.1272E+01 -0.4172E+01 -0.1207E+01 -0.5730E+00 -0.2640E+00 -0.6100E-01 0.0000E+00 0.0000E+00 0.0000E+00 0.0000E+00 0.0000E+00 0.0000E+00
-0.2138E+01 -0.5910E+00 -0.3250E+00 -0.1930E+00 -0.1270E+00 -0.8300E-01 -0.4000E-01 -0.2000E-01 -0.1700E-01 -0.5000E-02 0.0000E+00 0.0000E+00 0.0000E+00 0.0000E+00 0.0000E+00 0.0000E+00 0.0000E+00 0.0000E+00 -0.9000E-02 -0.4200E-01 -0.1040E+00 -0.2090E+00 -0.9770E+00 -0.1640E+00 -0.1280E+00 -0.7600E-01 -0.3100E-01 -0.1200E-01 0.0000E+00 0.0000E+00 0.0000E+00 0.0000E+00 0.0000E+00 0.0000E+00 0.0000E+00 0.0000E+00 0.0000E+00 0.0000E+00 0.0000E+00 -0.2300E-01 -0.1580E+00 -0.4230E+00 -0.8220E+00 -0.2392E+01 -0.3401E+01 -0.9780E+00 -0.4640E+00 -0.1820E+00 -0.2600E-01 0.0000E+00 0.0000E+00 0.0000E+00 0.0000E+00 0.0000E+00 0.0000E+00
-0.5980E+00 -0.3210E+00 -0.1950E+00 -0.7700E-01 -0.3200E-01 -0.8000E-02 0.0000E+00 0.0000E+00 0.0000E+00 0.0000E+00 0.0000E+00 0.0000E+00 0.0000E+00 0.0000E+00 0.0000E+00 0.0000E+00 0.0000E+00 0.0000E+00 -0.5000E-02 -0.1900E-01 -0.7200E-01 -0.1750E+00 -0.7790E+00 -0.4040E+00 -0.1260E+00 -0.7100E-01 -0.4500E-01 -0.2600E-01 -0.1100E-01 0.0000E+00 0.0000E+00 0.0000E+00 0.0000E+00 0.0000E+00 0.0000E+00 0.0000E+00 0.0000E+00 0.0000E+00 -0.1700E-01 -0.7700E-01 -0.2530E+00 -0.5650E+00 -0.1105E+01 -0.4107E+01 -0.1385E+01 -0.6600E+00 -0.3290E+00 -0.1080E+00 0.0000E+00 0.0000E+00 0.0000E+00 0.0000E+00 0.0000E+00 0.0000E+00 0.0000E+00
-0.4310E+00 -0.2210E+00 -0.1340E+00 -0.3700E-01 -0.5000E-02 0.0000E+00 0.0000E+00 0.0000E+00 0.0000E+00 0.0000E+00 0.0000E+00 0.0000E+00 0.0000E+00 0.0000E+00 0.0000E+00 0.0000E+00 0.0000E+00 0.0000E+00 -0.1000E-02 -0.1400E-01 -0.5000E-01 -0.1060E+00 -0.2330E+00 -0.1089E+01 -0.2130E+00 -0.1290E+00 -0.7100E-01 -0.4500E-01 -0.4000E-01 -0.1300E-01 0.0000E+00 0.0000E+00 0.0000E+00 0.0000E+00 -0.1000E-02 -0.1400E-01 -0.3600E-01 -0.6600E-01 -0.1260E+00 -0.2300E+00 -0.4370E+00 -0.7810E+00 -0.1412E+01 -0.4038E+01 -0.1061E+01 -0.4480E+00 -0.2220E+00 -0.5800E-01 0.0000E+00 0.0000E+00 0.0000E+00 0.0000E+00 0.0000E+00 0.0000E+00 0.0000E+00
-0.3930E+00 -0.1920E+00 -0.1240E+00 -0.1400E-01 0.0000E+00 0.0000E+00 0.0000E+00 0.0000E+00 0.0000E+00 0.0000E+00 0.0000E+00 0.0000E+00 0.0000E+00 0.0000E+00 0.0000E+00 0.0000E+00 0.0000E+00 0.0000E+00 0.0000E+00 -0.8000E-02 -0.2100E-01 -0.6000E-01 -0.1470E+00 -0.4600E+00 -0.1466E+01 -0.2410E+00 -0.1390E+00 -0.1190E+00 -0.7600E-01 -0.3800E-01 -0.7000E-02 0.0000E+00 0.0000E+00 -0.5000E-02 -0.2300E-01 -0.5400E-01 -0.9000E-01 -0.1530E+00 -0.2450E+00 -0.3910E+00 -0.6450E+00 -0.1141E+01 -0.3278E+01 -0.1912E+01 -0.6360E+00 -0.3180E+00 -0.1450E+00 -0.2100E-01 0.0000E+00 0.0000E+00 0.0000E+00 0.0000E+00 0.0000E+00 0.0000E+00 0.0000E+00
-0.4380E+00 -0.1970E+00 -0.1220E+00 0.0000E+00 0.0000E+00 0.0000E+00 0.0000E+00 0.0000E+00 0.0000E+00 0.0000E+00 0.0000E+00 0.0000E+00 0.0000E+00 0.0000E+00 0.0000E+00 0.0000E+00 0.0000E+00 0.0000E+00 0.0000E+00 -0.5000E-02 -0.1600E-01 -0.3300E-01 -0.1070E+00 -0.2270E+00 -0.6970E+00 -0.1393E+01 -0.3200E+00 -0.2260E+00 -0.1730E+00 -0.1160E+00 -0.7600E-01 -0.4600E-01 -0.2800E-01 -0.3600E-01 -0.6700E-01 -0.1090E+00 -0.1760E+00 -0.3040E+00 -0.4950E+00 -0.6930E+00 -0.9410E+00 -0.2550E+01 -0.3018E+01 -0.6630E+00 -0.3680E+00 -0.2020E+00 -0.8100E-01 0.0000E+00 0.0000E+00 0.0000E+00 0.0000E+00 0.0000E+00 0.0000E+00 0.0000E+00 0.0000E+00
-0.4620E+00 -0.2030E+00 -0.1230E+00 0.0000E+00 0.0000E+00 0.0000E+00 0.0000E+00 0.0000E+00 0.0000E+00 0.0000E+00 0.0000E+00 0.0000E+00 0.0000E+00 0.0000E+00 0.0000E+00 0.0000E+00 0.0000E+00 0.0000E+00 0.0000E+00 0.0000E+00 -0.1100E-01 -0.2500E-01 -0.7200E-01 -0.1450E+00 -0.2800E+00 -0.9360E+00 -0.1241E+01 -0.4320E+00 -0.2680E+00 -0.1780E+00 -0.1660E+00 -0.1440E+00 -0.1590E+00 -0.1860E+00 -0.1730E+00 -0.2020E+00 -0.4290E+00 -0.7620E+00 -0.2555E+01 -0.2545E+01 -0.2760E+01 -0.2143E+01 -0.6250E+00 -0.3410E+00 -0.1990E+00 -0.1060E+00 -0.3300E-01 0.0000E+00 0.0000E+00 0.0000E+00 0.0000E+00 0.0000E+00 0.0000E+00 0.0000E+00 0.0000E+00
-0.4930E+00 -0.2120E+00 -0.1220E+00 0.0000E+00 0.0000E+00 0.0000E+00 0.0000E+00 0.0000E+00 0.0000E+00 0.0000E+00 0.0000E+00 0.0000E+00 0.0000E+00 0.0000E+00 0.0000E+00 0.0000E+00 0.0000E+00 0.0000E+00 0.0000E+00 0.0000E+00 -0.1000E-02 -0.1100E-01 -0.4400E-01 -0.9400E-01 -0.1690E+00 -0.3210E+00 -0.1322E+01 -0.8940E+00 -0.4640E+00 -0.4230E+00 -0.3750E+00 -0.3400E+00 -0.3340E+00 -0.4750E+00 -0.4310E+00 -0.4390E+00 -0.1178E+01 -0.2381E+01 -0.4950E+00 -0.3680E+00 -0.4400E+00 -0.4120E+00 -0.3150E+00 -0.2200E+00 -0.1510E+00 -0.8100E-01 -0.1500E-01 0.0000E+00 0.0000E+00 0.0000E+00 0.0000E+00 0.0000E+00 0.0000E+00 0.0000E+00 0.0000E+00
-0.5190E+00 -0.2110E+00 -0.1080E+00 0.0000E+00 0.0000E+00 0.0000E+00 0.0000E+00 0.0000E+00 0.0000E+00 0.0000E+00 0.0000E+00 0.0000E+00 0.0000E+00 0.0000E+00 0.0000E+00 0.0000E+00 0.0000E+00 0.0000E+00 0.0000E+00 0.0000E+00 0.0000E+00 -0.2000E-02 -0.2200E-01 -0.5500E-01 -0.1010E+00 -0.1800E+00 -0.3210E+00 -0.1164E+01 -0.1460E+01 -0.1528E+01 -0.1029E+01 -0.6940E+00 -0.7650E+00 -0.8730E+00 -0.1177E+01 -0.1672E+01 -0.2610E+01 -0.4580E+00 -0.2500E+00 -0.1860E+00 -0.1830E+00 -0.2000E+00 -0.1920E+00 -0.1640E+00 -0.1210E+00 -0.6400E-01 -0.2200E-01 -0.9000E-02 0.0000E+00 0.0000E+00 0.0000E+00 0.0000E+00 0.0000E+00 0.0000E+00 0.0000E+00
-0.4790E+00 -0.1920E+00 -0.9400E-01 0.0000E+00 0.0000E+00 0.0000E+00 0.0000E+00 0.0000E+00 0.0000E+00 0.0000E+00 0.0000E+00 0.0000E+00 0.0000E+00 0.0000E+00 0.0000E+00 0.0000E+00 0.0000E+00 0.0000E+00 0.0000E+00 0.0000E+00 0.0000E+00 0.0000E+00 -0.6000E-02 -0.3000E-01 -0.5900E-01 -0.9700E-01 -0.1600E+00 -0.2460E+00 -0.3280E+00 -0.4540E+00 -0.1221E+01 -0.1920E+01 -0.1754E+01 -0.1819E+01 -0.3595E+01 -0.3951E+01 -0.6460E+00 -0.2660E+00 -0.1520E+00 -0.1100E+00 -0.9700E-01 -0.1640E+00 -0.2240E+00 -0.2130E+00 -0.1340E+00 -0.6600E-01 -0.3600E-01 -0.1900E-01 -0.4000E-02 0.0000E+00 0.0000E+00 0.0000E+00 0.0000E+00 0.0000E+00 0.0000E+00
-0.4000E+00 -0.1520E+00 -0.7200E-01 0.0000E+00 0.0000E+00 0.0000E+00 0.0000E+00 0.0000E+00 0.0000E+00 0.0000E+00 0.0000E+00 0.0000E+00 0.0000E+00 0.0000E+00 0.0000E+00 0.0000E+00 0.0000E+00 0.0000E+00 0.0000E+00 0.0000E+00 0.0000E+00 0.0000E+00 0.0000E+00 -0.1100E-01 -0.2900E-01 -0.5200E-01 -0.7700E-01 -0.1380E+00 -0.2080E+00 -0.3330E+00 -0.5770E+00 -0.1038E+01 -0.2660E+01 -0.5266E+01 -0.3637E+01 -0.1136E+01 -0.6360E+00 -0.3000E+00 -0.9100E-01 -0.4400E-01 -0.4600E-01 -0.4680E+00 -0.8900E+00 -0.7830E+00 -0.2140E+00 -0.1270E+00 -0.6000E-01 -0.3200E-01 -0.1300E-01 -0.2000E-02 0.0000E+00 0.0000E+00 0.0000E+00 0.0000E+00 0.0000E+00
