Data/rwc_NO2_RR2020_2002.asc
NCOLS          280
NROWS          320
XLLCORNER            0
YLLCORNER       300000
CELLSIZE         1000
NODATA_VALUE  -0.9990E+03
[rows 100 to 124 of 320, columns 168 to 223 of 280]
0.0000E+00 0.0000E+00 0.0000E+00 0.4000E-01 0.1550E+00 0.3230E+00 0.7349E+00 0.3259E+01 0.1947E+01 0.6744E+00 0.3528E+00 0.2341E+00 0.2060E+00 0.2601E+00 0.1077E+01 0.3207E+00 0.1745E+00 0.8130E-01 0.3800E-01 0.6900E-02 0.0000E+00 0.0000E+00 0.0000E+00 0.0000E+00 0.0000E+00 0.0000E+00 0.0000E+00 0.0000E+00 0.0000E+00 0.0000E+00 0.0000E+00 0.0000E+00 0.0000E+00 0.0000E+00 0.0000E+00 0.0000E+00 0.0000E+00 0.0000E+00 0.2070E+00 0.5221E+00 0.1204E+01 0.6281E+01 0.1686E+01 0.9610E+00 0.6570E+00 0.3880E+00 0.2430E+00 0.2720E+00 0.2192E+00 0.3434E+00 0.4053E+00 0.3520E+00 0.3494E+00 0.2743E+00 0.2138E+00 0.2062E+00
0.0000E+00 0.0000E+00 0.1000E-01 0.7600E-01 0.2300E+00 0.5350E+00 0.2613E+01 0.1958E+01 0.6556E+00 0.3466E+00 0.1747E+00 0.1260E+00 0.1240E+00 0.1591E+00 0.3724E+00 0.1030E+01 0.2423E+00 0.1164E+00 0.6060E-01 0.2300E-01 0.6200E-02 0.0000E+00 0.0000E+00 0.0000E+00 0.0000E+00 0.0000E+00 0.0000E+00 0.0000E+00 0.0000E+00 0.0000E+00 0.0000E+00 0.0000E+00 0.0000E+00 0.0000E+00 0.0000E+00 0.0000E+00 0.0000E+00 0.0000E+00 0.1800E+00 0.4570E+00 0.8220E+00 0.2756E+01 0.3184E+01 0.8640E+00 0.5030E+00 0.2490E+00 0.6070E-01 0.1068E+00 0.8980E-01 0.1580E+00 0.1943E+00 0.1850E+00 0.1493E+00 0.1157E+00 0.9380E-01 0.1241E+00
0.0000E+00 0.1510E-01 0.6260E-01 0.1828E+00 0.3410E+00 0.7478E+00 0.3545E+01 0.9140E+00 0.4280E+00 0.1467E+00 0.7230E-01 0.5850E-01 0.5030E-01 0.8000E-01 0.2010E+00 0.1056E+01 0.2406E+00 0.1708E+00 0.9590E-01 0.4550E-01 0.1860E-01 0.0000E+00 0.0000E+00 0.0000E+00 0.0000E+00 0.0000E+00 0.0000E+00 0.0000E+00 0.0000E+00 0.0000E+00 0.0000E+00 0.0000E+00 0.0000E+00 0.0000E+00 0.0000E+00 0.0000E+00 0.0000E+00 0.0000E+00 0.1260E+00 0.3660E+00 0.5490E+00 0.8570E+00 0.4002E+01 0.7540E+00 0.5170E+00 0.2444E+00 0.0000E+00 0.0000E+00 0.0000E+00 0.0000E+00 0.0000E+00 0.0000E+00 0.0000E+00 0.1380E-01 0.4960E-01 0.1098E+00
0.2200E-01 0.7170E-01 0.1564E+00 0.3320E+00 0.5204E+00 0.1035E+01 0.3604E+01 0.7348E+00 0.3038E+00 0.1390E+00 0.3200E-01 0.1300E-01 0.3300E-01 0.6050E-01 0.1353E+00 0.4480E+00 0.9640E+00 0.2611E+00 0.1581E+00 0.7360E-01 0.3690E-01 0.4100E-02 0.0000E+00 0.0000E+00 0.0000E+00 0.0000E+00 0.0000E+00 0.0000E+00 0.0000E+00 0.0000E+00 0.0000E+00 0.0000E+00 0.0000E+00 0.0000E+00 0.0000E+00 0.0000E+00 0.0000E+00 0.0000E+00 0.6300E-01 0.3160E+00 0.4860E+00 0.9440E+00 0.4919E+01 0.1095E+01 0.5310E+00 0.2759E+00 0.0000E+00 0.0000E+00 0.0000E+00 0.0000E+00 0.0000E+00 0.0000E+00 0.0000E+00 0.2600E-01 0.7240E-01 0.1455E+00
0.2060E+00 0.3047E+00 0.4341E+00 0.6568E+00 0.9793E+00 0.3259E+01 0.1558E+01 0.4782E+00 0.2084E+00 0.8730E-01 0.6900E-02 0.7000E-03 0.1790E-01 0.4260E-01 0.8880E-01 0.1790E+00 0.6507E+00 0.8655E+00 0.2360E+00 0.1090E+00 0.5800E-01 0.1800E-01 0.0000E+00 0.0000E+00 0.0000E+00 0.0000E+00 0.0000E+00 0.0000E+00 0.0000E+00 0.0000E+00 0.0000E+00 0.0000E+00 0.0000E+00 0.0000E+00 0.0000E+00 0.0000E+00 0.0000E+00 0.0000E+00 0.1700E-01 0.3170E+00 0.5170E+00 0.1166E+01 0.6035E+01 0.1412E+01 0.5870E+00 0.2709E+00 0.0000E+00 0.0000E+00 0.0000E+00 0.0000E+00 0.0000E+00 0.0000E+00 0.0000E+00 0.3800E-01 0.6980E-01 0.2166E+00
0.4400E+00 0.5716E+00 0.7030E+00 0.1117E+01 0.2634E+01 0.3236E+01 0.6685E+00 0.2863E+00 0.1397E+00 0.5160E-01 0.0000E+00 0.0000E+00 0.9000E-02 0.2270E-01 0.6050E-01 0.1245E+00 0.2453E+00 0.1181E+01 0.3190E+00 0.1630E+00 0.8740E-01 0.3300E-01 0.0000E+00 0.0000E+00 0.0000E+00 0.0000E+00 0.0000E+00 0.0000E+00 0.0000E+00 0.0000E+00 0.0000E+00 0.0000E+00 0.0000E+00 0.0000E+00 0.0000E+00 0.0000E+00 0.0000E+00 0.0000E+00 0.4500E-01 0.3590E+00 0.4420E+00 0.1175E+01 0.6138E+01 0.1483E+01 0.6530E+00 0.3240E+00 0.0000E+00 0.0000E+00 0.0000E+00 0.0000E+00 0.0000E+00 0.0000E+00 0.0000E+00 0.4770E-01 0.1110E+00 0.2490E+00
0.1005E+01 0.1154E+01 0.1268E+01 0.3192E+01 0.2948E+01 0.8038E+00 0.3881E+00 0.1949E+00 0.8610E-01 0.2480E-01 0.0000E+00 0.0000E+00 0.2100E-02 0.1110E-01 0.4690E-01 0.1031E+00 0.2040E+00 0.8470E+00 0.6450E+00 0.2240E+00 0.1080E+00 0.4780E-01 0.6000E-02 0.0000E+00 0.0000E+00 0.0000E+00 0.0000E+00 0.0000E+00 0.0000E+00 0.0000E+00 0.0000E+00 0.0000E+00 0.0000E+00 0.0000E+00 0.0000E+00 0.0000E+00 0.0000E+00 0.0000E+00 0.1050E+00 0.4290E+00 0.7040E+00 0.1413E+01 0.6197E+01 0.1473E+01 0.6500E+00 0.2750E+00 0.0000E+00 0.0000E+00 0.0000E+00 0.0000E+00 0.0000E+00 0.0000E+00 0.0000E+00 0.5370E-01 0.8400E-01 0.2140E+00
0.3660E+01 0.3644E+01 0.3354E+01 0.1739E+01 0.5058E+00 0.3672E+00 0.2139E+00 0.1149E+00 0.4550E-01 0.4900E-02 0.0000E+00 0.0000E+00 0.0000E+00 0.3500E-02 0.3100E-01 0.7700E-01 0.1403E+00 0.2606E+00 0.1153E+01 0.2810E+00 0.1330E+00 0.6700E-01 0.1900E-01 0.0000E+00 0.0000E+00 0.0000E+00 0.0000E+00 0.0000E+00 0.0000E+00 0.0000E+00 0.0000E+00 0.0000E+00 0.0000E+00 0.0000E+00 0.0000E+00 0.0000E+00 0.0000E+00 0.1500E-01 0.1850E+00 0.5190E+00 0.9120E+00 0.2089E+01 0.5838E+01 0.1249E+01 0.5770E+00 0.2090E+00 0.0000E+00 0.0000E+00 0.0000E+00 0.0000E+00 0.0000E+00 0.0000E+00 0.0000E+00 0.6000E-01 0.7700E-01 0.1438E+00
0.8850E+00 0.6510E+00 0.5359E+00 0.3910E+00 0.2445E+00 0.1529E+00 0.9900E-01 0.5510E-01 0.1790E-01 0.0000E+00 0.0000E+00 0.0000E+00 0.0000E+00 0.0000E+00 0.1650E-01 0.5710E-01 0.1100E+00 0.2210E+00 0.1081E+01 0.3060E+00 0.1710E+00 0.8900E-01 0.3400E-01 0.2000E-02 0.0000E+00 0.0000E+00 0.0000E+00 0.0000E+00 0.0000E+00 0.0000E+00 0.0000E+00 0.0000E+00 0.0000E+00 0.0000E+00 0.0000E+00 0.0000E+00 0.0000E+00 0.5900E-01 0.2740E+00 0.6370E+00 0.1317E+01 0.6248E+01 0.1718E+01 0.8490E+00 0.4350E+00 0.9200E-01 0.0000E+00 0.0000E+00 0.0000E+00 0.0000E+00 0.0000E+00 0.0000E+00 0.0000E+00 0.6100E-01 0.1147E+00 0.2350E+00
0.4070E+00 0.2970E+00 0.2200E+00 0.1690E+00 0.1170E+00 0.7100E-01 0.4100E-01 0.1380E-01 0.0000E+00 0.0000E+00 0.0000E+00 0.0000E+00 0.0000E+00 0.0000E+00 0.6000E-02 0.3600E-01 0.8500E-01 0.1650E+00 0.4850E+00 0.7480E+00 0.2420E+00 0.1250E+00 0.6100E-01 0.1900E-01 0.0000E+00 0.0000E+00 0.0000E+00 0.0000E+00 0.0000E+00 0.0000E+00 0.0000E+00 0.0000E+00 0.0000E+00 0.0000E+00 0.0000E+00 0.0000E+00 0.0000E+00 0.1250E+00 0.4050E+00 0.7930E+00 0.1685E+01 0.6652E+01 0.1599E+01 0.7210E+00 0.3250E+00 0.7500E-01 0.0000E+00 0.0000E+00 0.0000E+00 0.0000E+00 0.0000E+00 0.0000E+00 0.0000E+00 0.5200E-01 0.1170E+00 0.2099E+00
0.2460E+00 0.1610E+00 0.1070E+00 0.5300E-01 0.2600E-01 0.2000E-01 0.6200E-02 0.0000E+00 0.0000E+00 0.0000E+00 0.0000E+00 0.0000E+00 0.0000E+00 0.0000E+00 0.0000E+00 0.1030E-01 0.5100E-01 0.1180E+00 0.2470E+00 0.1218E+01 0.2200E+00 0.1700E+00 0.1010E+00 0.4000E-01 0.1500E-01 0.0000E+00 0.0000E+00 0.0000E+00 0.0000E+00 0.0000E+00 0.0000E+00 0.0000E+00 0.0000E+00 0.0000E+00 0.0000E+00 0.0000E+00 0.3300E-01 0.2120E+00 0.5460E+00 0.1073E+01 0.3414E+01 0.5143E+01 0.1276E+01 0.5830E+00 0.2240E+00 0.3200E-01 0.0000E+00 0.0000E+00 0.0000E+00 0.0000E+00 0.0000E+00 0.0000E+00 0.0000E+00 0.4080E-01 0.9970E-01 0.1854E+00
0.1050E+00 0.4300E-01 0.1000E-01 0.0000E+00 0.0000E+00 0.0000E+00 0.0000E+00 0.0000E+00 0.0000E+00 0.0000E+00 0.0000E+00 0.0000E+00 0.0000E+00 0.0000E+00 0.0000E+00 0.4800E-02 0.2200E-01 0.8800E-01 0.2050E+00 0.9690E+00 0.5380E+00 0.1680E+00 0.1100E+00 0.6600E-01 0.3400E-01 0.1400E-01 0.0000E+00 0.0000E+00 0.0000E+00 0.0000E+00 0.0000E+00 0.0000E+00 0.0000E+00 0.0000E+00 0.0000E+00 0.2300E-01 0.1050E+00 0.3450E+00 0.7380E+00 0.1484E+01 0.6635E+01 0.1848E+01 0.8520E+00 0.4200E+00 0.1360E+00 0.0000E+00 0.0000E+00 0.0000E+00 0.0000E+00 0.0000E+00 0.0000E+00 0.0000E+00 0.0000E+00 0.2800E-01 0.7500E-01 0.1103E+00
0.4800E-01 0.7000E-02 0.0000E+00 0.0000E+00 0.0000E+00 0.0000E+00 0.0000E+00 0.0000E+00 0.0000E+00 0.0000E+00 0.0000E+00 0.0000E+00 0.0000E+00 0.0000E+00 0.0000E+00 0.1000E-02 0.1500E-01 0.5800E-01 0.1350E+00 0.2980E+00 0.1664E+01 0.3010E+00 0.1890E+00 0.1130E+00 0.7000E-01 0.5200E-01 0.1600E-01 0.0000E+00 0.0000E+00 0.0000E+00 0.0000E+00 0.2000E-02 0.2300E-01 0.5300E-01 0.9100E-01 0.1660E+00 0.3060E+00 0.5890E+00 0.1042E+01 0.1940E+01 0.6488E+01 0.1415E+01 0.5950E+00 0.2930E+00 0.7500E-01 0.0000E+00 0.0000E+00 0.0000E+00 0.0000E+00 0.0000E+00 0.0000E+00 0.0000E+00 0.0000E+00 0.1380E-01 0.6460E-01 0.1470E+00
0.1900E-01 0.0000E+00 0.0000E+00 0.0000E+00 0.0000E+00 0.0000E+00 0.0000E+00 0.0000E+00 0.0000E+00 0.0000E+00 0.0000E+00 0.0000E+00 0.0000E+00 0.0000E+00 0.0000E+00 0.0000E+00 0.1000E-01 0.2600E-01 0.8400E-01 0.1950E+00 0.5720E+00 0.1952E+01 0.3230E+00 0.2060E+00 0.1760E+00 0.1050E+00 0.5100E-01 0.9000E-02 0.0000E+00 0.0000E+00 0.7000E-02 0.3500E-01 0.7600E-01 0.1300E+00 0.2070E+00 0.3320E+00 0.5300E+00 0.8840E+00 0.1580E+01 0.5345E+01 0.2744E+01 0.8720E+00 0.4140E+00 0.1860E+00 0.2600E-01 0.0000E+00 0.0000E+00 0.0000E+00 0.0000E+00 0.0000E+00 0.0000E+00 0.0000E+00 0.0000E+00 0.4900E-02 0.4190E-01 0.9100E-01
0.0000E+00 0.0000E+00 0.0000E+00 0.0000E+00 0.0000E+00 0.0000E+00 0.0000E+00 0.0000E+00 0.0000E+00 0.0000E+00 0.0000E+00 0.0000E+00 0.0000E+00 0.0000E+00 0.0000E+00 0.0000E+00 0.6000E-02 0.1800E-01 0.4200E-01 0.1260E+00 0.2700E+00 0.8650E+00 0.1887E+01 0.4530E+00 0.3090E+00 0.2340E+00 0.1580E+00 0.1040E+00 0.6500E-01 0.4000E-01 0.5700E-01 0.9800E-01 0.1660E+00 0.2870E+00 0.4710E+00 0.7550E+00 0.1004E+01 0.1298E+01 0.4161E+01 0.5353E+01 0.9180E+00 0.4880E+00 0.2630E+00 0.1050E+00 0.0000E+00 0.0000E+00 0.0000E+00 0.0000E+00 0.0000E+00 0.0000E+00 0.0000E+00 0.0000E+00 0.0000E+00 0.2800E-02 0.2070E-01 0.4000E-01
0.0000E+00 0.0000E+00 0.0000E+00 0.0000E+00 0.0000E+00 0.0000E+00 0.0000E+00 0.0000E+00 0.0000E+00 0.0000E+00 0.0000E+00 0.0000E+00 0.0000E+00 0.0000E+00 0.0000E+00 0.0000E+00 0.0000E+00 0.1200E-01 0.3100E-01 0.8400E-01 0.1720E+00 0.3410E+00 0.1256E+01 0.1692E+01 0.5630E+00 0.3710E+00 0.2290E+00 0.2260E+00 0.2010E+00 0.2240E+00 0.2720E+00 0.2800E+00 0.3500E+00 0.7080E+00 0.1367E+01 0.5104E+01 0.5056E+01 0.5034E+01 0.3524E+01 0.9590E+00 0.4970E+00 0.2870E+00 0.1530E+00 0.4800E-01 0.0000E+00 0.0000E+00 0.0000E+00 0.0000E+00 0.0000E+00 0.0000E+00 0.0000E+00 0.0000E+00 0.0000E+00 0.3000E-02 0.1300E-01 0.2300E-01
0.0000E+00 0.0000E+00 0.0000E+00 0.0000E+00 0.0000E+00 0.0000E+00 0.0000E+00 0.0000E+00 0.0000E+00 0.0000E+00 0.0000E+00 0.0000E+00 0.0000E+00 0.0000E+00 0.0000E+00 0.0000E+00 0.0000E+00 0.1000E-02 0.1300E-01 0.5100E-01 0.1120E+00 0.2070E+00 0.4070E+00 0.1783E+01 0.1194E+01 0.6340E+00 0.5840E+00 0.5080E+00 0.4490E+00 0.4680E+00 0.6540E+00 0.6260E+00 0.8100E+00 0.2526E+01 0.5443E+01 0.9310E+00 0.6860E+00 0.6950E+00 0.5850E+00 0.4210E+00 0.2900E+00 0.1920E+00 0.1030E+00 0.1900E-01 0.0000E+00 0.0000E+00 0.0000E+00 0.0000E+00 0.0000E+00 0.0000E+00 0.0000E+00 0.0000E+00 0.0000E+00 0.0000E+00 0.0000E+00 0.0000E+00
0.0000E+00 0.0000E+00 0.0000E+00 0.0000E+00 0.0000E+00 0.0000E+00 0.0000E+00 0.0000E+00 0.0000E+00 0.0000E+00 0.0000E+00 0.0000E+00 0.0000E+00 0.0000E+00 0.0000E+00 0.0000E+00 0.0000E+00 0.0000E+00 0.3000E-02 0.2600E-01 0.6700E-01 0.1270E+00 0.2270E+00 0.4130E+00 0.1638E+01 0.2051E+01 0.2124E+01 0.1380E+01 0.9240E+00 0.1035E+01 0.1282E+01 0.1848E+01 0.3260E+01 0.6024E+01 0.9290E+00 0.4770E+00 0.3480E+00 0.3040E+00 0.2810E+00 0.2550E+00 0.2100E+00 0.1530E+00 0.8000E-01 0.2800E-01 0.1200E-01 0.0000E+00 0.0000E+00 0.0000E+00 0.0000E+00 0.0000E+00 0.0000E+00 0.0000E+00 0.0000E+00 0.0000E+00 0.0000E+00 0.0000E+00
0.0000E+00 0.0000E+00 0.0000E+00 0.0000E+00 0.0000E+00 0.0000E+00 0.0000E+00 0.0000E+00 0.0000E+00 0.0000E+00 0.0000E+00 0.0000E+00 0.0000E+00 0.0000E+00 0.0000E+00 0.0000E+00 0.0000E+00 0.0000E+00 0.0000E+00 0.8000E-02 0.3700E-01 0.7400E-01 0.1230E+00 0.2040E+00 0.3170E+00 0.4250E+00 0.5910E+00 0.1679E+01 0.2744E+01 0.2513E+01 0.2643E+01 0.6300E+01 0.8155E+01 0.1236E+01 0.5090E+00 0.2950E+00 0.2040E+00 0.1700E+00 0.2450E+00 0.3010E+00 0.2790E+00 0.1730E+00 0.8400E-01 0.4500E-01 0.2300E-01 0.5000E-02 0.0000E+00 0.0000E+00 0.0000E+00 0.0000E+00 0.0000E+00 0.0000E+00 0.0000E+00 0.0000E+00 0.0000E+00 0.0000E+00
0.0000E+00 0.0000E+00 0.0000E+00 0.0000E+00 0.0000E+00 0.0000E+00 0.0000E+00 0.0000E+00 0.0000E+00 0.0000E+00 0.0000E+00 0.0000E+00 0.0000E+00 0.0000E+00 0.0000E+00 0.0000E+00 0.0000E+00 0.0000E+00 0.0000E+00 0.0000E+00 0.1300E-01 0.3700E-01 0.6500E-01 0.9800E-01 0.1740E+00 0.2690E+00 0.4450E+00 0.8110E+00 0.1421E+01 0.3937E+01 0.9469E+01 0.6217E+01 0.1902E+01 0.9540E+00 0.4430E+00 0.1390E+00 0.7900E-01 0.8000E-01 0.7270E+00 0.1253E+01 0.1093E+01 0.2810E+00 0.1620E+00 0.7600E-01 0.4000E-01 0.1600E-01 0.2000E-02 0.0000E+00 0.0000E+00 0.0000E+00 0.0000E+00 0.0000E+00 0.0000E+00 0.0000E+00 0.0000E+00 0.0000E+00
0.0000E+00 0.0000E+00 0.0000E+00 0.0000E+00 0.0000E+00 0.0000E+00 0.0000E+00 0.0000E+00 0.0000E+00 0.0000E+00 0.0000E+00 0.0000E+00 0.0000E+00 0.0000E+00 0.0000E+00 0.0000E+00 0.0000E+00 0.0000E+00 0.0000E+00 0.0000E+00 0.0000E+00 0.1100E-01 0.2800E-01 0.4300E-01 0.1260E+00 0.2400E+00 0.4470E+00 0.9410E+00 0.1893E+01 0.6438E+01 0.7066E+01 0.2118E+01 0.7660E+00 0.6550E+00 0.3000E+00 0.7500E-01 0.3900E-01 0.6300E-01 0.1390E+00 0.2080E+00 0.3450E+00 0.1047E+01 0.2550E+00 0.1360E+00 0.7200E-01 0.3300E-01 0.8300E-02 0.0000E+00 0.0000E+00 0.0000E+00 0.0000E+00 0.0000E+00 0.0000E+00 0.0000E+00 0.0000E+00 0.0000E+00
0.0000E+00 0.0000E+00 0.0000E+00 0.0000E+00 0.0000E+00 0.0000E+00 0.0000E+00 0.0000E+00 0.0000E+00 0.0000E+00 0.0000E+00 0.0000E+00 0.0000E+00 0.0000E+00 0.0000E+00 0.0000E+00 0.0000E+00 0.0000E+00 0.0000E+00 0.0000E+00 0.0000E+00 0.0000E+00 0.0000E+00 0.1500E-01 0.1080E+00 0.2460E+00 0.5470E+00 0.1682E+01 0.5478E+01 0.1437E+01 0.1303E+01 0.4157E+01 0.6920E+00 0.3300E+00 0.1980E+00 0.4900E-01 0.1400E-01 0.3200E-01 0.6800E-01 0.1040E+00 0.1810E+00 0.6310E+00 0.6920E+00 0.2050E+00 0.1050E+00 0.5600E-01 0.2610E-01 0.1040E-01 0.4900E-02 0.0000E+00 0.0000E+00 0.0000E+00 0.0000E+00 0.0000E+00 0.0000E+00 0.0000E+00
0.0000E+00 0.0000E+00 0.0000E+00 0.0000E+00 0.0000E+00 0.0000E+00 0.0000E+00 0.0000E+00 0.0000E+00 0.0000E+00 0.0000E+00 0.0000E+00 0.0000E+00 0.0000E+00 0.0000E+00 0.0000E+00 0.0000E+00 0.0000E+00 0.0000E+00 0.0000E+00 0.0000E+00 0.3000E-02 0.2300E-01 0.5600E-01 0.1690E+00 0.3260E+00 0.8290E+00 0.5142E+01 0.9700E+00 0.7390E+00 0.1152E+01 0.3217E+01 0.5600E+00 0.2330E+00 0.9000E-01 0.4000E-02 0.1300E-01 0.2200E-01 0.4100E-01 0.6800E-01 0.1000E+00 0.1760E+00 0.7820E+00 0.4080E+00 0.1710E+00 0.9400E-01 0.5700E-01 0.2900E-01 0.1500E-01 0.0000E+00 0.0000E+00 0.0000E+00 0.0000E+00 0.0000E+00 0.0000E+00 0.0000E+00
0.0000E+00 0.0000E+00 0.0000E+00 0.0000E+00 0.0000E+00 0.0000E+00 0.0000E+00 0.0000E+00 0.0000E+00 0.0000E+00 0.0000E+00 0.0000E+00 0.0000E+00 0.0000E+00 0.0000E+00 0.0000E+00 0.0000E+00 0.0000E+00 0.0000E+00 0.0000E+00 0.1700E-01 0.4200E-01 0.8000E-01 0.1430E+00 0.2880E+00 0.4800E+00 0.9360E+00 0.3749E+01 0.7320E+00 0.6920E+00 0.3696E+01 0.7120E+00 0.3200E+00 0.1760E+00 0.4900E-01 0.0000E+00 0.0000E+00 0.1000E-02 0.1400E-01 0.3200E-01 0.5500E-01 0.8900E-01 0.1860E+00 0.1028E+01 0.2390E+00 0.1730E+00 0.9200E-01 0.4700E-01 0.2400E-01 0.0000E+00 0.0000E+00 0.0000E+00 0.0000E+00 0.0000E+00 0.0000E+00 0.0000E+00
0.0000E+00 0.0000E+00 0.0000E+00 0.0000E+00 0.0000E+00 0.0000E+00 0.0000E+00 0.0000E+00 0.0000E+00 0.0000E+00 0.0000E+00 0.0000E+00 0.0000E+00 0.0000E+00 0.0000E+00 0.0000E+00 0.0000E+00 0.0000E+00 0.0000E+00 0.2100E-01 0.5700E-01 0.9700E-01 0.1760E+00 0.3000E+00 0.5160E+00 0.8340E+00 0.3640E+01 0.1241E+01 0.5890E+00 0.7430E+00 0.3532E+01 0.5520E+00 0.2420E+00 0.1130E+00 0.3500E-01 0.0000E+00 0.0000E+00 0.0000E+00 0.4000E-02 0.1500E-01 0.3300E-01 0.5000E-01 0.1140E+00 0.2320E+00 0.7260E+00 0.6680E+00 0.1640E+00 0.6900E-01 0.3700E-01 0.0000E+00 0.0000E+00 0.0000E+00 0.0000E+00 0.0000E+00 0.0000E+00 0.0000E+00
