Data/rwc_NO2_RR2020_2002.asc
NCOLS          280
NROWS          320
XLLCORNER            0
YLLCORNER       300000
CELLSIZE         1000
NODATA_VALUE  -0.9990E+03
[rows 125 to 149 of 320, columns 112 to 167 of 280]
0.2100E-01 0.3700E-01 0.7500E-01 0.1890E+00 0.3350E+00 0.5540E+00 0.1443E+01 0.6230E+01 0.1451E+01 0.1672E+01 0.9220E+00 0.5250E+00 0.3630E+00 0.2180E+00 0.1260E+00 0.5200E-01 0.0000E+00 0.0000E+00 0.0000E+00 0.0000E+00 0.0000E+00 0.0000E+00 0.0000E+00 0.0000E+00 0.0000E+00 0.0000E+00 0.0000E+00 0.0000E+00 0.0000E+00 0.0000E+00 0.0000E+00 0.0000E+00 0.0000E+00 0.0000E+00 0.0000E+00 0.0000E+00 0.0000E+00 0.0000E+00 0.1500E-01 0.5700E-01 0.1310E+00 0.2420E+00 0.4110E+00 0.7010E+00 0.1257E+01 0.3679E+01 0.3472E+01 0.9400E+00 0.4640E+00 0.2550E+00 0.1290E+00 0.5700E-01 0.1300E-01 0.0000E+00 0.0000E+00 0.0000E+00
0.0000E+00 0.0000E+00 0.1900E-01 0.1170E+00 0.2750E+00 0.4670E+00 0.1019E+01 0.5491E+01 0.7004E+01 0.5580E+01 0.1129E+01 0.7840E+00 0.6870E+00 0.4370E+00 0.2800E+00 0.1540E+00 0.6300E-01 0.0000E+00 0.0000E+00 0.0000E+00 0.0000E+00 0.0000E+00 0.0000E+00 0.0000E+00 0.0000E+00 0.0000E+00 0.0000E+00 0.0000E+00 0.0000E+00 0.0000E+00 0.0000E+00 0.0000E+00 0.0000E+00 0.0000E+00 0.0000E+00 0.0000E+00 0.1000E-02 0.2500E-01 0.6800E-01 0.1410E+00 0.2810E+00 0.4780E+00 0.7940E+00 0.1505E+01 0.4603E+01 0.3301E+01 0.9040E+00 0.4570E+00 0.2520E+00 0.1350E+00 0.5100E-01 0.1200E-01 0.0000E+00 0.0000E+00 0.0000E+00 0.0000E+00
0.5400E-01 0.7600E-01 0.9400E-01 0.2050E+00 0.4400E+00 0.6970E+00 0.1185E+01 0.6842E+01 0.3234E+01 0.1852E+01 0.5746E+01 0.3131E+01 0.1341E+01 0.8010E+00 0.4790E+00 0.2870E+00 0.1510E+00 0.5200E-01 0.0000E+00 0.0000E+00 0.0000E+00 0.0000E+00 0.0000E+00 0.0000E+00 0.0000E+00 0.0000E+00 0.0000E+00 0.0000E+00 0.0000E+00 0.0000E+00 0.0000E+00 0.0000E+00 0.0000E+00 0.0000E+00 0.0000E+00 0.1700E-01 0.5400E-01 0.1090E+00 0.1900E+00 0.3140E+00 0.5690E+00 0.9970E+00 0.1677E+01 0.5747E+01 0.2713E+01 0.8660E+00 0.4460E+00 0.2420E+00 0.1080E+00 0.5800E-01 0.1100E-01 0.0000E+00 0.0000E+00 0.0000E+00 0.0000E+00 0.0000E+00
0.1370E+00 0.2260E+00 0.2460E+00 0.3200E+00 0.5510E+00 0.8180E+00 0.2973E+01 0.5044E+01 0.1083E+01 0.7460E+00 0.1179E+01 0.3820E+01 0.5270E+01 0.1585E+01 0.8760E+00 0.4590E+00 0.2460E+00 0.1030E+00 0.0000E+00 0.0000E+00 0.0000E+00 0.0000E+00 0.0000E+00 0.0000E+00 0.0000E+00 0.0000E+00 0.0000E+00 0.0000E+00 0.0000E+00 0.0000E+00 0.0000E+00 0.0000E+00 0.0000E+00 0.4000E-02 0.2500E-01 0.7700E-01 0.1000E+00 0.1890E+00 0.4130E+00 0.4970E+00 0.1024E+01 0.3279E+01 0.5535E+01 0.1445E+01 0.7380E+00 0.4220E+00 0.2350E+00 0.1250E+00 0.5400E-01 0.1400E-01 0.0000E+00 0.0000E+00 0.0000E+00 0.0000E+00 0.0000E+00 0.0000E+00
0.3700E+00 0.5470E+00 0.5440E+00 0.5320E+00 0.6790E+00 0.9820E+00 0.6067E+01 0.1360E+01 0.8610E+00 0.6210E+00 0.4650E+00 0.7220E+00 0.1670E+01 0.6755E+01 0.1594E+01 0.8320E+00 0.3940E+00 0.1850E+00 0.0000E+00 0.0000E+00 0.0000E+00 0.0000E+00 0.0000E+00 0.0000E+00 0.0000E+00 0.0000E+00 0.0000E+00 0.0000E+00 0.0000E+00 0.0000E+00 0.0000E+00 0.0000E+00 0.0000E+00 0.2300E-01 0.6400E-01 0.1130E+00 0.1970E+00 0.3430E+00 0.5860E+00 0.1414E+01 0.4479E+01 0.3372E+01 0.1083E+01 0.5900E+00 0.3610E+00 0.2190E+00 0.1190E+00 0.5500E-01 0.1400E-01 0.0000E+00 0.0000E+00 0.0000E+00 0.0000E+00 0.0000E+00 0.0000E+00 0.0000E+00
0.1450E+01 0.2740E+01 0.2048E+01 0.2389E+01 0.2030E+01 0.2327E+01 0.3114E+01 0.7820E+00 0.4160E+00 0.3800E+00 0.2350E+00 0.3790E+00 0.5740E+00 0.1197E+01 0.5744E+01 0.1300E+01 0.5390E+00 0.2940E+00 0.0000E+00 0.0000E+00 0.0000E+00 0.0000E+00 0.0000E+00 0.0000E+00 0.0000E+00 0.0000E+00 0.0000E+00 0.0000E+00 0.0000E+00 0.0000E+00 0.0000E+00 0.0000E+00 0.1500E-01 0.6800E-01 0.1180E+00 0.2250E+00 0.4460E+00 0.9300E+00 0.4143E+01 0.4768E+01 0.1415E+01 0.8080E+00 0.4610E+00 0.2910E+00 0.1870E+00 0.1050E+00 0.4600E-01 0.1000E-01 0.0000E+00 0.0000E+00 0.0000E+00 0.0000E+00 0.0000E+00 0.0000E+00 0.0000E+00 0.0000E+00
0.4033E+01 0.2177E+01 0.1512E+01 0.1480E+01 0.1456E+01 0.1662E+01 0.3216E+01 0.5240E+00 0.2660E+00 0.1680E+00 0.1310E+00 0.2760E+00 0.6470E+00 0.1248E+01 0.5350E+01 0.1535E+01 0.6980E+00 0.3760E+00 0.0000E+00 0.0000E+00 0.0000E+00 0.0000E+00 0.0000E+00 0.0000E+00 0.0000E+00 0.0000E+00 0.0000E+00 0.6000E-02 0.2600E-01 0.5300E-01 0.6900E-01 0.1020E+00 0.1510E+00 0.2030E+00 0.2860E+00 0.4640E+00 0.1929E+01 0.6265E+01 0.3320E+01 0.1273E+01 0.7510E+00 0.4290E+00 0.2310E+00 0.1350E+00 0.7900E-01 0.3400E-01 0.2000E-02 0.0000E+00 0.0000E+00 0.0000E+00 0.0000E+00 0.0000E+00 0.0000E+00 0.0000E+00 0.0000E+00 0.0000E+00
0.3570E+01 0.9540E+00 0.6330E+00 0.5060E+00 0.6420E+00 0.3213E+01 0.1112E+01 0.3750E+00 0.2090E+00 0.6400E-01 0.6800E-01 0.2860E+00 0.4760E+00 0.1339E+01 0.6568E+01 0.1868E+01 0.8780E+00 0.4530E+00 0.2100E-01 0.0000E+00 0.0000E+00 0.0000E+00 0.0000E+00 0.0000E+00 0.0000E+00 0.4000E-02 0.1800E-01 0.4200E-01 0.7600E-01 0.1190E+00 0.1880E+00 0.2410E+00 0.2930E+00 0.3330E+00 0.4380E+00 0.9180E+00 0.5064E+01 0.4482E+01 0.1580E+01 0.9420E+00 0.5590E+00 0.3110E+00 0.1480E+00 0.4500E-01 0.1600E-01 0.0000E+00 0.0000E+00 0.0000E+00 0.0000E+00 0.0000E+00 0.0000E+00 0.0000E+00 0.0000E+00 0.0000E+00 0.0000E+00 0.0000E+00
0.2296E+01 0.1049E+01 0.6640E+00 0.6740E+00 0.9790E+00 0.4060E+01 0.1018E+01 0.5890E+00 0.4360E+00 0.2630E+00 0.2220E+00 0.3860E+00 0.5240E+00 0.1566E+01 0.7768E+01 0.1932E+01 0.1042E+01 0.6050E+00 0.1530E+00 0.4200E-01 0.0000E+00 0.0000E+00 0.0000E+00 0.0000E+00 0.3000E-01 0.6700E-01 0.9000E-01 0.1390E+00 0.1760E+00 0.2480E+00 0.3850E+00 0.7640E+00 0.6980E+00 0.6350E+00 0.8020E+00 0.3676E+01 0.2049E+01 0.1530E+01 0.3546E+01 0.1074E+01 0.5740E+00 0.2990E+00 0.1340E+00 0.3300E-01 0.0000E+00 0.0000E+00 0.0000E+00 0.0000E+00 0.0000E+00 0.0000E+00 0.0000E+00 0.0000E+00 0.0000E+00 0.0000E+00 0.0000E+00 0.0000E+00
0.2167E+01 0.9870E+00 0.8230E+00 0.8980E+00 0.1151E+01 0.4632E+01 0.1207E+01 0.8350E+00 0.6840E+00 0.5140E+00 0.5010E+00 0.6360E+00 0.8620E+00 0.2277E+01 0.8132E+01 0.2271E+01 0.9910E+00 0.1123E+01 0.7600E+00 0.6510E+00 0.5350E+00 0.3980E+00 0.2360E+00 0.1480E+00 0.1340E+00 0.2060E+00 0.1930E+00 0.3880E+00 0.4100E+00 0.5890E+00 0.1909E+01 0.4850E+01 0.4001E+01 0.3041E+01 0.3701E+01 0.1728E+01 0.7730E+00 0.7980E+00 0.2259E+01 0.2346E+01 0.7240E+00 0.3360E+00 0.1700E+00 0.6700E-01 0.0000E+00 0.0000E+00 0.0000E+00 0.0000E+00 0.0000E+00 0.0000E+00 0.0000E+00 0.0000E+00 0.2000E-02 0.3900E-01 0.7200E-01 0.1160E+00
0.5703E+01 0.1464E+01 0.1301E+01 0.1502E+01 0.1802E+01 0.5679E+01 0.1833E+01 0.1406E+01 0.1329E+01 0.1045E+01 0.8780E+00 0.9990E+00 0.1575E+01 0.7170E+01 0.7567E+01 0.4177E+01 0.2011E+01 0.1432E+01 0.1224E+01 0.1264E+01 0.1139E+01 0.9620E+00 0.7870E+00 0.6630E+00 0.6220E+00 0.6300E+00 0.5230E+00 0.1123E+01 0.1635E+01 0.3337E+01 0.2301E+01 0.6350E+00 0.1470E+01 0.2052E+01 0.5600E+00 0.4410E+00 0.4060E+00 0.4450E+00 0.6820E+00 0.3307E+01 0.1052E+01 0.5040E+00 0.2340E+00 0.8600E-01 0.0000E+00 0.0000E+00 0.0000E+00 0.0000E+00 0.0000E+00 0.0000E+00 0.0000E+00 0.0000E+00 0.3200E-01 0.1090E+00 0.1820E+00 0.2810E+00
0.3138E+01 0.5300E+01 0.2622E+01 0.7936E+01 0.8105E+01 0.1020E+02 0.8529E+01 0.7753E+01 0.7402E+01 0.5726E+01 0.2061E+01 0.1967E+01 0.7144E+01 0.5555E+01 0.1770E+01 0.7172E+01 0.5585E+01 0.2659E+01 0.2430E+01 0.2662E+01 0.2418E+01 0.1839E+01 0.1436E+01 0.1265E+01 0.1207E+01 0.1284E+01 0.1585E+01 0.5097E+01 0.4314E+01 0.7260E+00 0.4400E+00 0.2960E+00 0.3080E+00 0.3180E+00 0.2280E+00 0.1970E+00 0.2110E+00 0.2210E+00 0.4970E+00 0.8430E+00 0.3187E+01 0.7250E+00 0.2770E+00 0.8800E-01 0.0000E+00 0.0000E+00 0.0000E+00 0.0000E+00 0.0000E+00 0.0000E+00 0.0000E+00 0.8000E-02 0.4600E-01 0.1920E+00 0.3670E+00 0.6420E+00
0.3739E+01 0.8672E+01 0.1367E+02 0.6591E+01 0.2994E+01 0.2417E+01 0.1858E+01 0.1407E+01 0.1497E+01 0.6382E+01 0.1076E+02 0.8155E+01 0.2307E+01 0.1300E+01 0.1158E+01 0.1547E+01 0.6861E+01 0.9261E+01 0.9607E+01 0.9892E+01 0.9452E+01 0.3648E+01 0.2902E+01 0.2411E+01 0.1907E+01 0.2567E+01 0.7111E+01 0.3695E+01 0.1415E+01 0.7880E+00 0.4950E+00 0.3090E+00 0.2110E+00 0.1710E+00 0.1600E+00 0.1560E+00 0.1610E+00 0.2470E+00 0.5020E+00 0.8750E+00 0.3163E+01 0.6850E+00 0.2530E+00 0.8000E-01 0.0000E+00 0.0000E+00 0.0000E+00 0.0000E+00 0.0000E+00 0.0000E+00 0.0000E+00 0.3000E-01 0.8400E-01 0.1610E+00 0.7290E+00 0.1707E+01
0.8913E+01 0.3201E+01 0.2930E+01 0.7483E+01 0.2175E+01 0.1427E+01 0.1115E+01 0.9510E+00 0.1206E+01 0.2275E+01 0.6851E+01 0.3132E+01 0.1650E+01 0.1075E+01 0.1002E+01 0.1227E+01 0.4715E+01 0.2155E+01 0.1704E+01 0.2228E+01 0.2455E+01 0.8538E+01 0.1071E+02 0.6332E+01 0.4765E+01 0.7486E+01 0.2850E+01 0.1670E+01 0.1129E+01 0.7230E+00 0.4340E+00 0.2120E+00 0.5000E-01 0.6900E-01 0.1140E+00 0.2020E+00 0.2000E+00 0.3700E+00 0.8510E+00 0.2778E+01 0.1686E+01 0.4850E+00 0.1960E+00 0.6300E-01 0.0000E+00 0.0000E+00 0.0000E+00 0.0000E+00 0.0000E+00 0.0000E+00 0.0000E+00 0.8900E-01 0.1350E+00 0.2630E+00 0.1460E+01 0.5979E+01
0.2578E+01 0.1708E+01 0.1688E+01 0.3276E+01 0.5961E+01 0.1817E+01 0.1134E+01 0.1070E+01 0.1101E+01 0.1805E+01 0.2545E+01 0.8356E+01 0.1767E+01 0.1370E+01 0.2562E+01 0.3288E+01 0.1830E+01 0.1035E+01 0.5370E+00 0.5830E+00 0.1293E+01 0.1960E+01 0.2557E+01 0.7634E+01 0.1030E+02 0.4725E+01 0.2154E+01 0.1982E+01 0.1657E+01 0.9450E+00 0.4620E+00 0.1980E+00 0.6200E-01 0.8400E-01 0.1910E+00 0.3570E+00 0.6230E+00 0.1140E+01 0.3219E+01 0.3184E+01 0.7130E+00 0.2980E+00 0.1320E+00 0.5000E-01 0.0000E+00 0.0000E+00 0.0000E+00 0.0000E+00 0.0000E+00 0.0000E+00 0.1300E-01 0.9100E-01 0.2070E+00 0.6590E+00 0.4017E+01 0.3747E+01
0.1950E+01 0.1209E+01 0.9280E+00 0.9350E+00 0.1141E+01 0.5117E+01 0.4569E+01 0.3839E+01 0.1373E+01 0.1916E+01 0.2145E+01 0.4699E+01 0.5436E+01 0.4075E+01 0.2215E+01 0.9500E+00 0.6210E+00 0.5010E+00 0.4320E+00 0.3480E+00 0.7190E+00 0.9970E+00 0.1339E+01 0.1776E+01 0.2267E+01 0.6233E+01 0.5245E+01 0.6606E+01 0.5390E+01 0.1126E+01 0.4030E+00 0.2200E+00 0.1170E+00 0.9300E-01 0.1820E+00 0.5770E+00 0.1398E+01 0.4088E+01 0.3685E+01 0.8310E+00 0.4020E+00 0.1890E+00 0.7900E-01 0.2500E-01 0.0000E+00 0.0000E+00 0.0000E+00 0.0000E+00 0.0000E+00 0.0000E+00 0.4000E-01 0.1330E+00 0.2830E+00 0.1050E+01 0.6285E+01 0.1631E+01
0.1184E+01 0.8250E+00 0.4430E+00 0.4010E+00 0.4470E+00 0.6260E+00 0.6730E+00 0.1396E+01 0.5858E+01 0.6124E+01 0.3660E+01 0.2934E+01 0.9551E+01 0.2325E+01 0.1145E+01 0.6110E+00 0.3590E+00 0.1090E+00 0.1180E+00 0.1790E+00 0.2880E+00 0.4560E+00 0.6710E+00 0.7560E+00 0.1030E+01 0.1179E+01 0.1133E+01 0.1347E+01 0.6384E+01 0.1199E+01 0.6280E+00 0.3020E+00 0.2030E+00 0.1920E+00 0.3360E+00 0.1159E+01 0.5242E+01 0.2707E+01 0.8670E+00 0.4600E+00 0.2290E+00 0.1140E+00 0.4400E-01 0.6000E-02 0.0000E+00 0.0000E+00 0.0000E+00 0.0000E+00 0.0000E+00 0.5000E-02 0.6600E-01 0.2010E+00 0.3870E+00 0.1793E+01 0.6035E+01 0.1323E+01
0.4730E+00 0.3600E+00 0.1590E+00 0.1350E+00 0.1830E+00 0.2510E+00 0.3320E+00 0.4800E+00 0.1136E+01 0.1600E+01 0.4366E+01 0.7765E+01 0.9861E+01 0.9927E+01 0.2359E+01 0.1200E+01 0.5890E+00 0.1610E+00 0.1800E-01 0.5000E-02 0.4500E-01 0.1280E+00 0.2250E+00 0.2900E+00 0.3390E+00 0.4940E+00 0.4460E+00 0.5680E+00 0.9390E+00 0.4550E+01 0.8630E+00 0.4530E+00 0.3730E+00 0.4200E+00 0.8940E+00 0.5379E+01 0.1410E+01 0.8160E+00 0.4410E+00 0.2580E+00 0.1370E+00 0.6300E-01 0.1700E-01 0.0000E+00 0.0000E+00 0.0000E+00 0.0000E+00 0.0000E+00 0.1400E-01 0.4200E-01 0.1360E+00 0.4820E+00 0.6650E+00 0.5442E+01 0.2586E+01 0.9150E+00
0.3020E+00 0.1370E+00 0.4900E-01 0.5200E-01 0.8200E-01 0.1380E+00 0.2200E+00 0.3040E+00 0.5290E+00 0.8690E+00 0.1536E+01 0.2240E+01 0.3216E+01 0.1099E+02 0.1608E+01 0.1401E+01 0.7510E+00 0.2550E+00 0.0000E+00 0.0000E+00 0.0000E+00 0.0000E+00 0.4200E-01 0.6500E-01 0.1260E+00 0.2250E+00 0.2420E+00 0.3470E+00 0.6500E+00 0.5379E+01 0.1103E+01 0.7520E+00 0.5320E+00 0.7310E+00 0.5777E+01 0.1574E+01 0.7810E+00 0.4410E+00 0.2300E+00 0.1320E+00 0.6700E-01 0.2100E-01 0.0000E+00 0.0000E+00 0.0000E+00 0.0000E+00 0.1000E-01 0.4000E-01 0.1370E+00 0.2220E+00 0.4750E+00 0.6660E+00 0.1364E+01 0.6291E+01 0.1560E+01 0.6240E+00
0.1580E+00 0.5500E-01 0.0000E+00 0.0000E+00 0.3000E-02 0.4800E-01 0.9900E-01 0.1580E+00 0.2610E+00 0.4750E+00 0.8820E+00 0.1400E+01 0.2280E+01 0.8273E+01 0.3926E+01 0.1895E+01 0.9400E+00 0.3690E+00 0.0000E+00 0.0000E+00 0.0000E+00 0.0000E+00 0.0000E+00 0.0000E+00 0.0000E+00 0.3900E-01 0.1170E+00 0.2230E+00 0.4160E+00 0.1298E+01 0.5205E+01 0.1022E+01 0.7270E+00 0.2055E+01 0.4477E+01 0.1069E+01 0.5350E+00 0.2530E+00 0.9900E-01 0.4800E-01 0.1200E-01 0.0000E+00 0.0000E+00 0.0000E+00 0.0000E+00 0.2200E-01 0.5700E-01 0.1040E+00 0.2630E+00 0.5390E+00 0.1028E+01 0.1735E+01 0.3407E+01 0.5063E+01 0.1080E+01 0.4180E+00
0.6300E-01 0.0000E+00 0.0000E+00 0.0000E+00 0.0000E+00 0.0000E+00 0.0000E+00 0.2200E-01 0.8700E-01 0.1740E+00 0.4750E+00 0.9320E+00 0.1561E+01 0.2690E+01 0.1035E+02 0.2544E+01 0.1173E+01 0.5470E+00 0.1050E+00 0.0000E+00 0.0000E+00 0.0000E+00 0.0000E+00 0.0000E+00 0.0000E+00 0.1000E-02 0.6000E-01 0.1610E+00 0.3090E+00 0.7170E+00 0.4647E+01 0.1165E+01 0.1091E+01 0.4611E+01 0.1075E+01 0.8270E+00 0.4230E+00 0.1320E+00 0.3000E-01 0.0000E+00 0.0000E+00 0.0000E+00 0.0000E+00 0.0000E+00 0.1500E-01 0.5800E-01 0.1740E+00 0.3790E+00 0.6750E+00 0.1221E+01 0.2029E+01 0.5178E+01 0.6112E+01 0.1356E+01 0.5980E+00 0.2500E+00
0.3000E-02 0.0000E+00 0.0000E+00 0.0000E+00 0.0000E+00 0.0000E+00 0.0000E+00 0.0000E+00 0.0000E+00 0.0000E+00 0.1690E+00 0.6010E+00 0.1117E+01 0.2312E+01 0.1047E+02 0.2399E+01 0.1342E+01 0.7550E+00 0.2450E+00 0.0000E+00 0.0000E+00 0.0000E+00 0.0000E+00 0.0000E+00 0.0000E+00 0.0000E+00 0.2900E-01 0.1100E+00 0.2570E+00 0.5750E+00 0.1846E+01 0.4736E+01 0.1547E+01 0.5172E+01 0.1287E+01 0.1050E+01 0.6820E+00 0.3660E+00 0.2240E+00 0.1430E+00 0.5600E-01 0.0000E+00 0.0000E+00 0.0000E+00 0.7700E-01 0.1850E+00 0.3710E+00 0.7420E+00 0.1557E+01 0.3956E+01 0.6540E+01 0.3397E+01 0.1165E+01 0.5480E+00 0.3110E+00 0.1690E+00
0.0000E+00 0.0000E+00 0.0000E+00 0.0000E+00 0.0000E+00 0.0000E+00 0.0000E+00 0.0000E+00 0.0000E+00 0.0000E+00 0.6500E-01 0.4550E+00 0.1011E+01 0.2082E+01 0.9841E+01 0.3276E+01 0.1848E+01 0.9800E+00 0.3750E+00 0.0000E+00 0.0000E+00 0.0000E+00 0.0000E+00 0.0000E+00 0.0000E+00 0.0000E+00 0.4000E-02 0.6900E-01 0.1890E+00 0.3650E+00 0.9180E+00 0.5198E+01 0.5443E+01 0.6952E+01 0.2154E+01 0.1263E+01 0.9940E+00 0.7770E+00 0.6820E+00 0.5910E+00 0.4710E+00 0.1660E+00 0.1360E+00 0.1220E+00 0.1550E+00 0.3140E+00 0.6510E+00 0.1573E+01 0.6534E+01 0.4082E+01 0.1492E+01 0.8170E+00 0.4420E+00 0.2630E+00 0.1640E+00 0.9200E-01
0.0000E+00 0.0000E+00 0.0000E+00 0.0000E+00 0.0000E+00 0.0000E+00 0.0000E+00 0.0000E+00 0.0000E+00 0.0000E+00 0.0000E+00 0.3260E+00 0.9050E+00 0.1566E+01 0.3671E+01 0.1024E+02 0.2151E+01 0.1206E+01 0.3490E+00 0.0000E+00 0.0000E+00 0.0000E+00 0.0000E+00 0.0000E+00 0.0000E+00 0.0000E+00 0.2000E-01 0.7300E-01 0.1900E+00 0.3490E+00 0.9240E+00 0.2426E+01 0.1066E+02 0.7802E+01 0.2494E+01 0.1867E+01 0.1822E+01 0.1585E+01 0.1194E+01 0.1009E+01 0.9100E+00 0.3550E+00 0.3120E+00 0.3870E+00 0.4210E+00 0.5830E+00 0.1160E+01 0.5233E+01 0.2384E+01 0.7130E+00 0.4970E+00 0.3790E+00 0.2580E+00 0.1460E+00 0.7100E-01 0.3200E-01
0.0000E+00 0.0000E+00 0.0000E+00 0.0000E+00 0.0000E+00 0.0000E+00 0.0000E+00 0.0000E+00 0.0000E+00 0.0000E+00 0.0000E+00 0.1740E+00 0.7460E+00 0.1271E+01 0.2574E+01 0.1085E+02 0.2695E+01 0.1171E+01 0.6380E+00 0.0000E+00 0.0000E+00 0.0000E+00 0.0000E+00 0.0000E+00 0.0000E+00 0.0000E+00 0.3800E-01 0.8400E-01 0.2150E+00 0.4350E+00 0.1082E+01 0.5704E+01 0.2978E+01 0.5490E+01 0.5692E+01 0.5703E+01 0.7225E+01 0.6057E+01 0.2168E+01 0.2113E+01 0.1973E+01 0.1310E+01 0.7740E+00 0.6460E+00 0.6770E+00 0.8640E+00 0.1669E+01 0.6450E+01 0.1054E+01 0.4190E+00 0.2330E+00 0.1900E+00 0.1030E+00 0.4200E-01 0.1000E-01 0.0000E+00
