Data/rwc_O3_RR2030_2002.asc
NCOLS          280
NROWS          320
XLLCORNER            0
YLLCORNER       300000
CELLSIZE         1000
NODATA_VALUE  -0.9990E+03
[rows 120 to 143 of 320, columns 110 to 164 of 280]
-0.1390E+00 -0.7300E-01 -0.4800E-01 -0.1320E+00 -0.1670E+00 -0.1240E+00 -0.2100E+00 -0.3510E+00 -0.9600E+00 -0.2511E+01 -0.1414E+01 -0.6200E+00 -0.3390E+00 -0.1930E+00 -0.1310E+00 -0.6300E-01 -0.3000E-01 -0.1500E-01 0.0000E+00 0.0000E+00 0.0000E+00 0.0000E+00 0.0000E+00 0.0000E+00 0.0000E+00 0.0000E+00 0.0000E+00 0.0000E+00 0.0000E+00 0.0000E+00 0.0000E+00 0.0000E+00 0.0000E+00 0.0000E+00 0.0000E+00 0.0000E+00 0.0000E+00 0.0000E+00 0.0000E+00 0.0000E+00 0.0000E+00 0.0000E+00 0.0000E+00 0.0000E+00 0.0000E+00 0.0000E+00 -0.1600E-01 -0.4100E-01 -0.8800E-01 -0.2050E+00 -0.3500E+00 -0.6310E+00 -0.1363E+01 -0.2124E+01 -0.5110E+00
-0.9400E-01 -0.3800E-01 -0.1000E+00 -0.7810E+00 -0.6430E+00 -0.1900E+00 -0.3210E+00 -0.4650E+00 -0.2008E+01 -0.8180E+00 -0.5410E+00 -0.3500E+00 -0.1720E+00 -0.1090E+00 -0.7200E-01 -0.3400E-01 -0.1500E-01 -0.2000E-02 0.0000E+00 0.0000E+00 0.0000E+00 0.0000E+00 0.0000E+00 0.0000E+00 0.0000E+00 0.0000E+00 0.0000E+00 0.0000E+00 0.0000E+00 0.0000E+00 0.0000E+00 0.0000E+00 0.0000E+00 0.0000E+00 0.0000E+00 0.0000E+00 0.0000E+00 0.0000E+00 0.0000E+00 0.0000E+00 0.0000E+00 0.0000E+00 0.0000E+00 0.0000E+00 0.0000E+00 -0.1500E-01 -0.5000E-01 -0.6600E-01 -0.1280E+00 -0.3290E+00 -0.7870E+00 -0.2495E+01 -0.2185E+01 -0.4590E+00 -0.2570E+00
-0.5100E-01 -0.3200E-01 -0.7000E-01 -0.1200E+00 -0.6050E+00 -0.9010E+00 -0.1036E+01 -0.1011E+01 -0.2126E+01 -0.7000E+00 -0.3680E+00 -0.2370E+00 -0.9200E-01 -0.4200E-01 -0.1800E-01 0.0000E+00 0.0000E+00 0.0000E+00 0.0000E+00 0.0000E+00 0.0000E+00 0.0000E+00 0.0000E+00 0.0000E+00 0.0000E+00 0.0000E+00 0.0000E+00 0.0000E+00 0.0000E+00 0.0000E+00 0.0000E+00 0.0000E+00 0.0000E+00 0.0000E+00 0.0000E+00 0.0000E+00 0.0000E+00 0.0000E+00 0.0000E+00 0.0000E+00 0.0000E+00 0.0000E+00 0.0000E+00 0.0000E+00 -0.1200E-01 -0.4700E-01 -0.1090E+00 -0.1310E+00 -0.2460E+00 -0.5280E+00 -0.2730E+01 -0.2023E+01 -0.6220E+00 -0.2960E+00 -0.1330E+00
-0.4100E-01 -0.2700E-01 -0.4500E-01 -0.7600E-01 -0.1180E+00 -0.1520E+00 -0.2480E+00 -0.1448E+01 -0.2205E+01 -0.6740E+00 -0.3900E+00 -0.2790E+00 -0.1260E+00 -0.6200E-01 -0.2300E-01 0.0000E+00 0.0000E+00 0.0000E+00 0.0000E+00 0.0000E+00 0.0000E+00 0.0000E+00 0.0000E+00 0.0000E+00 0.0000E+00 0.0000E+00 0.0000E+00 0.0000E+00 0.0000E+00 0.0000E+00 0.0000E+00 0.0000E+00 0.0000E+00 0.0000E+00 0.0000E+00 0.0000E+00 0.0000E+00 0.0000E+00 0.0000E+00 0.0000E+00 0.0000E+00 0.0000E+00 0.0000E+00 -0.1700E-01 -0.4900E-01 -0.1110E+00 -0.2170E+00 -0.2870E+00 -0.5140E+00 -0.2691E+01 -0.1960E+01 -0.6430E+00 -0.3230E+00 -0.1780E+00 -0.8600E-01
-0.5500E-01 -0.2400E-01 -0.2700E-01 -0.3900E-01 -0.6000E-01 -0.9100E-01 -0.1510E+00 -0.3170E+00 -0.2203E+01 -0.7610E+00 -0.4040E+00 -0.3850E+00 -0.2290E+00 -0.1390E+00 -0.7900E-01 -0.3500E-01 -0.1300E-01 0.0000E+00 0.0000E+00 0.0000E+00 0.0000E+00 0.0000E+00 0.0000E+00 0.0000E+00 0.0000E+00 0.0000E+00 0.0000E+00 0.0000E+00 0.0000E+00 0.0000E+00 0.0000E+00 0.0000E+00 0.0000E+00 0.0000E+00 0.0000E+00 0.0000E+00 0.0000E+00 0.0000E+00 0.0000E+00 0.0000E+00 0.0000E+00 -0.1000E-02 -0.2800E-01 -0.6700E-01 -0.1300E+00 -0.2390E+00 -0.3830E+00 -0.7620E+00 -0.2519E+01 -0.2056E+01 -0.6320E+00 -0.3300E+00 -0.1820E+00 -0.9600E-01 -0.4400E-01
-0.7900E-01 -0.3700E-01 -0.8000E-02 -0.1400E-01 -0.2800E-01 -0.6600E-01 -0.1060E+00 -0.1870E+00 -0.5070E+00 -0.2119E+01 -0.5570E+00 -0.6780E+00 -0.3780E+00 -0.2290E+00 -0.1600E+00 -0.9200E-01 -0.5900E-01 -0.2500E-01 0.0000E+00 0.0000E+00 0.0000E+00 0.0000E+00 0.0000E+00 0.0000E+00 0.0000E+00 0.0000E+00 0.0000E+00 0.0000E+00 0.0000E+00 0.0000E+00 0.0000E+00 0.0000E+00 0.0000E+00 0.0000E+00 0.0000E+00 0.0000E+00 0.0000E+00 0.0000E+00 0.0000E+00 0.0000E+00 -0.9000E-02 -0.3900E-01 -0.9000E-01 -0.1650E+00 -0.2770E+00 -0.4620E+00 -0.8100E+00 -0.2287E+01 -0.2161E+01 -0.6230E+00 -0.3130E+00 -0.1760E+00 -0.9200E-01 -0.4100E-01 -0.1000E-01
-0.1190E+00 -0.5900E-01 0.0000E+00 0.0000E+00 -0.6000E-02 -0.3700E-01 -0.8500E-01 -0.1430E+00 -0.3140E+00 -0.1635E+01 -0.2239E+01 -0.1937E+01 -0.4250E+00 -0.3230E+00 -0.2890E+00 -0.1780E+00 -0.1240E+00 -0.6500E-01 -0.3000E-01 0.0000E+00 0.0000E+00 0.0000E+00 0.0000E+00 0.0000E+00 0.0000E+00 0.0000E+00 0.0000E+00 0.0000E+00 0.0000E+00 0.0000E+00 0.0000E+00 0.0000E+00 0.0000E+00 0.0000E+00 0.0000E+00 0.0000E+00 0.0000E+00 0.0000E+00 -0.1000E-02 -0.1600E-01 -0.4600E-01 -0.9600E-01 -0.1900E+00 -0.3240E+00 -0.5230E+00 -0.9440E+00 -0.2682E+01 -0.2045E+01 -0.6110E+00 -0.3140E+00 -0.1700E+00 -0.9000E-01 -0.3600E-01 -0.9000E-02 0.0000E+00
-0.1980E+00 -0.9800E-01 -0.2100E-01 -0.2700E-01 -0.3400E-01 -0.6500E-01 -0.1290E+00 -0.2160E+00 -0.3590E+00 -0.2073E+01 -0.1002E+01 -0.6110E+00 -0.1925E+01 -0.1160E+01 -0.5190E+00 -0.2850E+00 -0.1950E+00 -0.1330E+00 -0.7400E-01 -0.2600E-01 0.0000E+00 0.0000E+00 0.0000E+00 0.0000E+00 0.0000E+00 0.0000E+00 0.0000E+00 0.0000E+00 0.0000E+00 0.0000E+00 0.0000E+00 0.0000E+00 0.0000E+00 0.0000E+00 0.0000E+00 0.0000E+00 0.0000E+00 -0.1000E-01 -0.3400E-01 -0.7000E-01 -0.1240E+00 -0.2080E+00 -0.3760E+00 -0.6520E+00 -0.1060E+01 -0.3195E+01 -0.1655E+01 -0.5790E+00 -0.3010E+00 -0.1650E+00 -0.7600E-01 -0.3900E-01 -0.7000E-02 0.0000E+00 0.0000E+00
-0.2650E+00 -0.1350E+00 -0.4900E-01 -0.7600E-01 -0.8400E-01 -0.1100E+00 -0.1720E+00 -0.2660E+00 -0.9260E+00 -0.1373E+01 -0.2960E+00 -0.2340E+00 -0.4020E+00 -0.1294E+01 -0.1654E+01 -0.6280E+00 -0.3780E+00 -0.2120E+00 -0.1180E+00 -0.5200E-01 0.0000E+00 0.0000E+00 0.0000E+00 0.0000E+00 0.0000E+00 0.0000E+00 0.0000E+00 0.0000E+00 0.0000E+00 0.0000E+00 0.0000E+00 0.0000E+00 0.0000E+00 0.0000E+00 0.0000E+00 -0.2000E-02 -0.1300E-01 -0.4400E-01 -0.5400E-01 -0.1070E+00 -0.2450E+00 -0.3160E+00 -0.6620E+00 -0.1948E+01 -0.3070E+01 -0.9220E+00 -0.4800E+00 -0.2820E+00 -0.1590E+00 -0.8400E-01 -0.3700E-01 -0.1000E-01 0.0000E+00 0.0000E+00 0.0000E+00
-0.3460E+00 -0.2360E+00 -0.1410E+00 -0.1890E+00 -0.1910E+00 -0.1740E+00 -0.2210E+00 -0.3110E+00 -0.1748E+01 -0.3850E+00 -0.2360E+00 -0.1920E+00 -0.1490E+00 -0.2360E+00 -0.5480E+00 -0.2362E+01 -0.6570E+00 -0.3700E+00 -0.1850E+00 -0.9000E-01 0.0000E+00 0.0000E+00 0.0000E+00 0.0000E+00 0.0000E+00 0.0000E+00 0.0000E+00 0.0000E+00 0.0000E+00 0.0000E+00 0.0000E+00 0.0000E+00 0.0000E+00 0.0000E+00 0.0000E+00 -0.1100E-01 -0.2900E-01 -0.5900E-01 -0.9800E-01 -0.1800E+00 -0.3200E+00 -0.8240E+00 -0.2489E+01 -0.1968E+01 -0.6700E+00 -0.3850E+00 -0.2400E+00 -0.1420E+00 -0.8000E-01 -0.3800E-01 -0.9000E-02 0.0000E+00 0.0000E+00 0.0000E+00 0.0000E+00
-0.4840E+00 -0.3830E+00 -0.5570E+00 -0.1003E+01 -0.7050E+00 -0.7710E+00 -0.6260E+00 -0.6720E+00 -0.8880E+00 -0.2400E+00 -0.1250E+00 -0.1100E+00 -0.7000E-01 -0.1130E+00 -0.1950E+00 -0.4180E+00 -0.2033E+01 -0.5450E+00 -0.2440E+00 -0.1410E+00 0.0000E+00 0.0000E+00 0.0000E+00 0.0000E+00 0.0000E+00 0.0000E+00 0.0000E+00 0.0000E+00 0.0000E+00 0.0000E+00 0.0000E+00 0.0000E+00 0.0000E+00 0.0000E+00 -0.7000E-02 -0.3100E-01 -0.5600E-01 -0.1040E+00 -0.2220E+00 -0.4590E+00 -0.2145E+01 -0.2574E+01 -0.8540E+00 -0.5070E+00 -0.2970E+00 -0.1880E+00 -0.1240E+00 -0.6800E-01 -0.2900E-01 -0.6000E-02 0.0000E+00 0.0000E+00 0.0000E+00 0.0000E+00 0.0000E+00
-0.7010E+00 -0.5990E+00 -0.1418E+01 -0.7680E+00 -0.5240E+00 -0.4930E+00 -0.4630E+00 -0.5070E+00 -0.8880E+00 -0.1520E+00 -0.7300E-01 -0.4400E-01 -0.3400E-01 -0.7800E-01 -0.2010E+00 -0.3920E+00 -0.1748E+01 -0.6140E+00 -0.3060E+00 -0.1760E+00 0.0000E+00 0.0000E+00 0.0000E+00 0.0000E+00 0.0000E+00 0.0000E+00 0.0000E+00 0.0000E+00 0.0000E+00 -0.3000E-02 -0.1300E-01 -0.2300E-01 -0.2900E-01 -0.4300E-01 -0.6800E-01 -0.9100E-01 -0.1260E+00 -0.2120E+00 -0.9850E+00 -0.3000E+01 -0.1779E+01 -0.7590E+00 -0.4670E+00 -0.2700E+00 -0.1500E+00 -0.8800E-01 -0.5100E-01 -0.2200E-01 -0.1000E-02 0.0000E+00 0.0000E+00 0.0000E+00 0.0000E+00 0.0000E+00 0.0000E+00
-0.8480E+00 -0.4960E+00 -0.1229E+01 -0.3480E+00 -0.2220E+00 -0.1690E+00 -0.2050E+00 -0.9250E+00 -0.3120E+00 -0.1020E+00 -0.5500E-01 -0.1700E-01 -0.1700E-01 -0.8300E-01 -0.1470E+00 -0.4120E+00 -0.2007E+01 -0.6950E+00 -0.3730E+00 -0.2010E+00 -0.9000E-02 0.0000E+00 0.0000E+00 0.0000E+00 0.0000E+00 0.0000E+00 0.0000E+00 -0.2000E-02 -0.1000E-01 -0.2200E-01 -0.3400E-01 -0.5400E-01 -0.8200E-01 -0.9400E-01 -0.1200E+00 -0.1490E+00 -0.2010E+00 -0.4020E+00 -0.2379E+01 -0.2343E+01 -0.9280E+00 -0.5670E+00 -0.3450E+00 -0.1910E+00 -0.9500E-01 -0.2900E-01 -0.1000E-01 0.0000E+00 0.0000E+00 0.0000E+00 0.0000E+00 0.0000E+00 0.0000E+00 0.0000E+00 0.0000E+00
-0.2141E+01 -0.1574E+01 -0.7500E+00 -0.3420E+00 -0.2150E+00 -0.2110E+00 -0.3040E+00 -0.1122E+01 -0.2820E+00 -0.1550E+00 -0.1100E+00 -0.6600E-01 -0.5700E-01 -0.1090E+00 -0.1560E+00 -0.4850E+00 -0.2381E+01 -0.7050E+00 -0.4100E+00 -0.2540E+00 -0.6800E-01 -0.2000E-01 0.0000E+00 0.0000E+00 0.0000E+00 0.0000E+00 -0.1600E-01 -0.3500E-01 -0.4800E-01 -0.7100E-01 -0.7700E-01 -0.1080E+00 -0.1600E+00 -0.3280E+00 -0.3070E+00 -0.2710E+00 -0.3620E+00 -0.1726E+01 -0.1079E+01 -0.8670E+00 -0.1963E+01 -0.6390E+00 -0.3480E+00 -0.1840E+00 -0.8300E-01 -0.2100E-01 0.0000E+00 0.0000E+00 0.0000E+00 0.0000E+00 0.0000E+00 0.0000E+00 0.0000E+00 0.0000E+00 0.0000E+00
-0.2336E+01 -0.2074E+01 -0.6610E+00 -0.3030E+00 -0.2450E+00 -0.2610E+00 -0.3320E+00 -0.1222E+01 -0.3260E+00 -0.2260E+00 -0.1760E+00 -0.1240E+00 -0.1260E+00 -0.1780E+00 -0.2660E+00 -0.7590E+00 -0.2419E+01 -0.7750E+00 -0.3720E+00 -0.4730E+00 -0.3390E+00 -0.3040E+00 -0.2560E+00 -0.1940E+00 -0.1110E+00 -0.6900E-01 -0.6600E-01 -0.1020E+00 -0.9200E-01 -0.1910E+00 -0.1750E+00 -0.2480E+00 -0.8240E+00 -0.1987E+01 -0.1789E+01 -0.1294E+01 -0.1607E+01 -0.8910E+00 -0.4300E+00 -0.4590E+00 -0.1285E+01 -0.1346E+01 -0.4280E+00 -0.2040E+00 -0.1050E+00 -0.4300E-01 0.0000E+00 0.0000E+00 0.0000E+00 0.0000E+00 0.0000E+00 0.0000E+00 0.0000E+00 0.0000E+00 -0.1000E-02
-0.1509E+01 -0.1288E+01 -0.1496E+01 -0.4190E+00 -0.3650E+00 -0.4290E+00 -0.5020E+00 -0.1495E+01 -0.4780E+00 -0.3740E+00 -0.3610E+00 -0.2790E+00 -0.2330E+00 -0.2730E+00 -0.4770E+00 -0.2278E+01 -0.2332E+01 -0.1326E+01 -0.7170E+00 -0.5710E+00 -0.5310E+00 -0.5720E+00 -0.5300E+00 -0.4380E+00 -0.3820E+00 -0.3210E+00 -0.2980E+00 -0.3070E+00 -0.2490E+00 -0.5140E+00 -0.6650E+00 -0.1389E+01 -0.1079E+01 -0.2730E+00 -0.6760E+00 -0.1013E+01 -0.2690E+00 -0.2420E+00 -0.2290E+00 -0.2580E+00 -0.3970E+00 -0.1766E+01 -0.6250E+00 -0.3050E+00 -0.1400E+00 -0.5500E-01 0.0000E+00 0.0000E+00 0.0000E+00 0.0000E+00 0.0000E+00 0.0000E+00 0.0000E+00 0.0000E+00 -0.2100E-01
-0.1259E+01 -0.6490E+00 -0.7910E+00 -0.1323E+01 -0.7050E+00 -0.2021E+01 -0.2162E+01 -0.2664E+01 -0.2170E+01 -0.2030E+01 -0.1999E+01 -0.1551E+01 -0.6020E+00 -0.5990E+00 -0.1994E+01 -0.1663E+01 -0.5910E+00 -0.2296E+01 -0.1835E+01 -0.9610E+00 -0.9880E+00 -0.1128E+01 -0.1045E+01 -0.8000E+00 -0.6630E+00 -0.6070E+00 -0.5630E+00 -0.5970E+00 -0.7120E+00 -0.2185E+01 -0.1942E+01 -0.3440E+00 -0.2050E+00 -0.1290E+00 -0.1380E+00 -0.1590E+00 -0.1110E+00 -0.1040E+00 -0.1200E+00 -0.1220E+00 -0.2850E+00 -0.4990E+00 -0.1759E+01 -0.4380E+00 -0.1680E+00 -0.5600E-01 0.0000E+00 0.0000E+00 0.0000E+00 0.0000E+00 0.0000E+00 0.0000E+00 0.0000E+00 -0.4000E-02 -0.2700E-01
-0.1103E+01 -0.6340E+00 -0.8160E+00 -0.1748E+01 -0.2912E+01 -0.1580E+01 -0.8280E+00 -0.7230E+00 -0.5760E+00 -0.4220E+00 -0.4540E+00 -0.1925E+01 -0.3135E+01 -0.2258E+01 -0.7380E+00 -0.3880E+00 -0.3890E+00 -0.5420E+00 -0.2456E+01 -0.2861E+01 -0.3155E+01 -0.3422E+01 -0.3217E+01 -0.1396E+01 -0.1246E+01 -0.1094E+01 -0.8920E+00 -0.1126E+01 -0.2866E+01 -0.1684E+01 -0.7000E+00 -0.3990E+00 -0.2510E+00 -0.1480E+00 -0.1040E+00 -0.8800E-01 -0.8300E-01 -0.8000E-01 -0.8300E-01 -0.1380E+00 -0.2950E+00 -0.5190E+00 -0.1762E+01 -0.4130E+00 -0.1550E+00 -0.5000E-01 0.0000E+00 0.0000E+00 0.0000E+00 0.0000E+00 0.0000E+00 0.0000E+00 0.0000E+00 -0.1900E-01 -0.5000E-01
-0.1024E+01 -0.1013E+01 -0.1435E+01 -0.4630E+00 -0.5420E+00 -0.1639E+01 -0.6460E+00 -0.4760E+00 -0.3600E+00 -0.2910E+00 -0.4010E+00 -0.7750E+00 -0.2228E+01 -0.1018E+01 -0.5540E+00 -0.3290E+00 -0.3300E+00 -0.4410E+00 -0.1704E+01 -0.7500E+00 -0.6480E+00 -0.8760E+00 -0.8890E+00 -0.3114E+01 -0.3888E+01 -0.2520E+01 -0.2057E+01 -0.2962E+01 -0.1223E+01 -0.7800E+00 -0.5430E+00 -0.3570E+00 -0.2170E+00 -0.1100E+00 -0.2500E-01 -0.3500E-01 -0.6000E-01 -0.1070E+00 -0.1130E+00 -0.2020E+00 -0.4610E+00 -0.1538E+01 -0.9460E+00 -0.2810E+00 -0.1160E+00 -0.3700E-01 0.0000E+00 0.0000E+00 0.0000E+00 0.0000E+00 0.0000E+00 0.0000E+00 0.0000E+00 -0.5900E-01 -0.8400E-01
-0.1090E+01 -0.1362E+01 -0.3500E+00 -0.2100E+00 -0.3270E+00 -0.7340E+00 -0.1673E+01 -0.5910E+00 -0.3530E+00 -0.3270E+00 -0.3790E+00 -0.6420E+00 -0.9100E+00 -0.2601E+01 -0.5350E+00 -0.4270E+00 -0.8330E+00 -0.1126E+01 -0.6580E+00 -0.3600E+00 -0.1920E+00 -0.2040E+00 -0.5130E+00 -0.8440E+00 -0.1118E+01 -0.3108E+01 -0.3977E+01 -0.2018E+01 -0.9560E+00 -0.9450E+00 -0.8260E+00 -0.4860E+00 -0.2420E+00 -0.1050E+00 -0.3200E-01 -0.4400E-01 -0.1030E+00 -0.1950E+00 -0.3220E+00 -0.6120E+00 -0.1640E+01 -0.1508E+01 -0.3640E+00 -0.1550E+00 -0.6900E-01 -0.2800E-01 0.0000E+00 0.0000E+00 0.0000E+00 0.0000E+00 0.0000E+00 0.0000E+00 -0.9000E-02 -0.5900E-01 -0.1310E+00
-0.1593E+01 -0.1042E+01 -0.2410E+00 -0.1720E+00 -0.1960E+00 -0.2420E+00 -0.3630E+00 -0.1537E+01 -0.1305E+01 -0.1120E+01 -0.4580E+00 -0.6750E+00 -0.7620E+00 -0.1544E+01 -0.1663E+01 -0.1276E+01 -0.7340E+00 -0.3600E+00 -0.2510E+00 -0.1840E+00 -0.1450E+00 -0.1250E+00 -0.3000E+00 -0.4370E+00 -0.5970E+00 -0.8350E+00 -0.1056E+01 -0.2600E+01 -0.2085E+01 -0.2769E+01 -0.2389E+01 -0.5830E+00 -0.2130E+00 -0.1130E+00 -0.5100E-01 -0.4000E-01 -0.8900E-01 -0.3050E+00 -0.7610E+00 -0.1988E+01 -0.1818E+01 -0.4590E+00 -0.2260E+00 -0.1080E+00 -0.4600E-01 -0.1400E-01 0.0000E+00 0.0000E+00 0.0000E+00 0.0000E+00 0.0000E+00 0.0000E+00 -0.2700E-01 -0.8400E-01 -0.1830E+00
-0.2751E+01 -0.5290E+00 -0.1950E+00 -0.1770E+00 -0.1100E+00 -0.1180E+00 -0.1410E+00 -0.2030E+00 -0.2160E+00 -0.4350E+00 -0.1896E+01 -0.2070E+01 -0.1313E+01 -0.1112E+01 -0.3159E+01 -0.8200E+00 -0.4160E+00 -0.2340E+00 -0.1480E+00 -0.4100E-01 -0.4000E-01 -0.7000E-01 -0.1170E+00 -0.1900E+00 -0.2930E+00 -0.3600E+00 -0.5000E+00 -0.5740E+00 -0.4930E+00 -0.6030E+00 -0.2633E+01 -0.5820E+00 -0.3230E+00 -0.1380E+00 -0.8400E-01 -0.8500E-01 -0.1510E+00 -0.5690E+00 -0.2511E+01 -0.1446E+01 -0.4720E+00 -0.2470E+00 -0.1300E+00 -0.6500E-01 -0.2500E-01 -0.3000E-02 0.0000E+00 0.0000E+00 0.0000E+00 0.0000E+00 0.0000E+00 -0.3000E-02 -0.4200E-01 -0.1250E+00 -0.2480E+00
-0.8560E+00 -0.3000E+00 -0.1080E+00 -0.8600E-01 -0.4700E-01 -0.4300E-01 -0.5800E-01 -0.7800E-01 -0.1100E+00 -0.1680E+00 -0.4160E+00 -0.6190E+00 -0.1642E+01 -0.2745E+01 -0.3349E+01 -0.3309E+01 -0.9290E+00 -0.4860E+00 -0.2370E+00 -0.6500E-01 -0.6000E-02 -0.1000E-02 -0.2000E-01 -0.5600E-01 -0.1020E+00 -0.1320E+00 -0.1710E+00 -0.2460E+00 -0.1960E+00 -0.2330E+00 -0.3810E+00 -0.1947E+01 -0.4240E+00 -0.2190E+00 -0.1820E+00 -0.1990E+00 -0.3920E+00 -0.2475E+01 -0.7510E+00 -0.4590E+00 -0.2520E+00 -0.1440E+00 -0.7500E-01 -0.3500E-01 -0.1000E-01 0.0000E+00 0.0000E+00 0.0000E+00 0.0000E+00 0.0000E+00 -0.8000E-02 -0.2600E-01 -0.8300E-01 -0.3000E+00 -0.4160E+00
-0.4940E+00 -0.1720E+00 -0.8800E-01 -0.3800E-01 -0.1600E-01 -0.1800E-01 -0.2800E-01 -0.4800E-01 -0.8500E-01 -0.1210E+00 -0.2040E+00 -0.3540E+00 -0.6350E+00 -0.9030E+00 -0.1283E+01 -0.3790E+01 -0.6310E+00 -0.5560E+00 -0.3040E+00 -0.9700E-01 0.0000E+00 0.0000E+00 0.0000E+00 0.0000E+00 -0.2000E-01 -0.3100E-01 -0.5800E-01 -0.1080E+00 -0.1060E+00 -0.1370E+00 -0.2760E+00 -0.2165E+01 -0.5240E+00 -0.3790E+00 -0.2590E+00 -0.3440E+00 -0.2568E+01 -0.8020E+00 -0.4190E+00 -0.2440E+00 -0.1310E+00 -0.7600E-01 -0.3800E-01 -0.1100E-01 0.0000E+00 0.0000E+00 0.0000E+00 0.0000E+00 -0.7000E-02 -0.2500E-01 -0.7400E-01 -0.1320E+00 -0.2860E+00 -0.4230E+00 -0.8100E+00
