Data/rwc_PM25_RR2030_2002.asc
NCOLS          280
NROWS          320
XLLCORNER            0
YLLCORNER       300000
CELLSIZE         1000
NODATA_VALUE  -0.9990E+03
[rows 150 to 174 of 320, columns 112 to 167 of 280]
0.0000E+00 0.0000E+00 0.0000E+00 0.0000E+00 0.0000E+00 0.0000E+00 0.0000E+00 0.0000E+00 0.0000E+00 0.0000E+00 0.0000E+00 0.8000E-03 0.1110E-01 0.2160E-01 0.4460E-01 0.1940E+00 0.5210E-01 0.1820E-01 0.7300E-02 0.0000E+00 0.0000E+00 0.0000E+00 0.0000E+00 0.0000E+00 0.0000E+00 0.0000E+00 0.1100E-02 0.2200E-02 0.5500E-02 0.1530E-01 0.4860E-01 0.7150E-01 0.2010E-01 0.2070E-01 0.1560E-01 0.1360E-01 0.1320E-01 0.3780E-01 0.1264E+00 0.1317E+00 0.1273E+00 0.4560E-01 0.2500E-01 0.2200E-01 0.1850E-01 0.2180E-01 0.7000E-01 0.6700E-01 0.1130E-01 0.6100E-02 0.2200E-02 0.1100E-02 0.3000E-03 0.0000E+00 0.0000E+00 0.0000E+00
0.0000E+00 0.0000E+00 0.0000E+00 0.0000E+00 0.0000E+00 0.0000E+00 0.0000E+00 0.0000E+00 0.0000E+00 0.0000E+00 0.0000E+00 0.1000E-03 0.1310E-01 0.2110E-01 0.4320E-01 0.1926E+00 0.4910E-01 0.1920E-01 0.1110E-01 0.0000E+00 0.0000E+00 0.0000E+00 0.0000E+00 0.0000E+00 0.0000E+00 0.4000E-03 0.1900E-02 0.4500E-02 0.1020E-01 0.8280E-01 0.7560E-01 0.1660E-01 0.1020E-01 0.7700E-02 0.7100E-02 0.7000E-02 0.6700E-02 0.1350E-01 0.2540E-01 0.2770E-01 0.3000E-01 0.1035E+00 0.9220E-01 0.8390E-01 0.2690E-01 0.2680E-01 0.1114E+00 0.2940E-01 0.1390E-01 0.7200E-02 0.2000E-02 0.1000E-03 0.0000E+00 0.0000E+00 0.0000E+00 0.0000E+00
0.0000E+00 0.0000E+00 0.0000E+00 0.0000E+00 0.0000E+00 0.0000E+00 0.0000E+00 0.0000E+00 0.0000E+00 0.0000E+00 0.0000E+00 0.0000E+00 0.1270E-01 0.2050E-01 0.4250E-01 0.1884E+00 0.4730E-01 0.2190E-01 0.1380E-01 0.0000E+00 0.0000E+00 0.0000E+00 0.0000E+00 0.0000E+00 0.0000E+00 0.1000E-02 0.2900E-02 0.5600E-02 0.1310E-01 0.8000E-01 0.1740E-01 0.9200E-02 0.5600E-02 0.3900E-02 0.3600E-02 0.4000E-02 0.6100E-02 0.1040E-01 0.1220E-01 0.1300E-01 0.1570E-01 0.1720E-01 0.1510E-01 0.7090E-01 0.6220E-01 0.2800E-01 0.1015E+00 0.2980E-01 0.1280E-01 0.1120E-01 0.5700E-02 0.4600E-02 0.4400E-02 0.4700E-02 0.5400E-02 0.6100E-02
0.0000E+00 0.0000E+00 0.0000E+00 0.0000E+00 0.0000E+00 0.0000E+00 0.0000E+00 0.0000E+00 0.0000E+00 0.0000E+00 0.0000E+00 0.0000E+00 0.1210E-01 0.1960E-01 0.4130E-01 0.1889E+00 0.3080E-01 0.2190E-01 0.1390E-01 0.6000E-03 0.0000E+00 0.0000E+00 0.0000E+00 0.0000E+00 0.2000E-03 0.2000E-02 0.5100E-02 0.7700E-02 0.1690E-01 0.7380E-01 0.1220E-01 0.6000E-02 0.2700E-02 0.9000E-03 0.4000E-03 0.6000E-03 0.1100E-02 0.3200E-02 0.5800E-02 0.6800E-02 0.8200E-02 0.8100E-02 0.9200E-02 0.1640E-01 0.9080E-01 0.5780E-01 0.9190E-01 0.3360E-01 0.2200E-01 0.1600E-01 0.1230E-01 0.1120E-01 0.1280E-01 0.1280E-01 0.1350E-01 0.1420E-01
0.0000E+00 0.0000E+00 0.0000E+00 0.0000E+00 0.0000E+00 0.0000E+00 0.0000E+00 0.0000E+00 0.0000E+00 0.0000E+00 0.0000E+00 0.0000E+00 0.1050E-01 0.1920E-01 0.3960E-01 0.1751E+00 0.2700E-01 0.2310E-01 0.1520E-01 0.3200E-02 0.0000E+00 0.0000E+00 0.0000E+00 0.0000E+00 0.9000E-03 0.3500E-02 0.7600E-02 0.1550E-01 0.8040E-01 0.2130E-01 0.8300E-02 0.4500E-02 0.1700E-02 0.3000E-03 0.0000E+00 0.0000E+00 0.0000E+00 0.0000E+00 0.8000E-03 0.1500E-02 0.2700E-02 0.4300E-02 0.7200E-02 0.1290E-01 0.2520E-01 0.1742E+00 0.1064E+00 0.3060E-01 0.2200E-01 0.2950E-01 0.2180E-01 0.1710E-01 0.2050E-01 0.2400E-01 0.3060E-01 0.3270E-01
0.0000E+00 0.0000E+00 0.0000E+00 0.0000E+00 0.0000E+00 0.0000E+00 0.0000E+00 0.0000E+00 0.0000E+00 0.0000E+00 0.0000E+00 0.0000E+00 0.8800E-02 0.1820E-01 0.3830E-01 0.1873E+00 0.2760E-01 0.2580E-01 0.1760E-01 0.6000E-02 0.0000E+00 0.0000E+00 0.0000E+00 0.0000E+00 0.2000E-02 0.5400E-02 0.1040E-01 0.2270E-01 0.9990E-01 0.2020E-01 0.6600E-02 0.3000E-02 0.8000E-03 0.0000E+00 0.0000E+00 0.0000E+00 0.0000E+00 0.0000E+00 0.0000E+00 0.0000E+00 0.3000E-03 0.2000E-02 0.5700E-02 0.1090E-01 0.2160E-01 0.1246E+00 0.1399E+00 0.1037E+00 0.9620E-01 0.1227E+00 0.6850E-01 0.3140E-01 0.3540E-01 0.9570E-01 0.1340E+00 0.1340E+00
0.0000E+00 0.0000E+00 0.0000E+00 0.0000E+00 0.0000E+00 0.0000E+00 0.0000E+00 0.0000E+00 0.0000E+00 0.0000E+00 0.0000E+00 0.0000E+00 0.7000E-02 0.1530E-01 0.3250E-01 0.1342E+00 0.1021E+00 0.3670E-01 0.1920E-01 0.7700E-02 0.1000E-02 0.0000E+00 0.0000E+00 0.6000E-03 0.3200E-02 0.8000E-02 0.1580E-01 0.5490E-01 0.5960E-01 0.1530E-01 0.5700E-02 0.2100E-02 0.3000E-03 0.0000E+00 0.0000E+00 0.0000E+00 0.0000E+00 0.0000E+00 0.3000E-03 0.8000E-03 0.1500E-02 0.3200E-02 0.7200E-02 0.1160E-01 0.2500E-01 0.1463E+00 0.4280E-01 0.2860E-01 0.2410E-01 0.2740E-01 0.8740E-01 0.1245E+00 0.1281E+00 0.6780E-01 0.3750E-01 0.7620E-01
0.0000E+00 0.0000E+00 0.0000E+00 0.0000E+00 0.0000E+00 0.0000E+00 0.0000E+00 0.0000E+00 0.0000E+00 0.0000E+00 0.0000E+00 0.0000E+00 0.4400E-02 0.8300E-02 0.2320E-01 0.4490E-01 0.2008E+00 0.4700E-01 0.2080E-01 0.8000E-02 0.3600E-02 0.7000E-03 0.0000E+00 0.1300E-02 0.4500E-02 0.1020E-01 0.2270E-01 0.1083E+00 0.2000E-01 0.1200E-01 0.3700E-02 0.1200E-02 0.0000E+00 0.0000E+00 0.0000E+00 0.0000E+00 0.5000E-03 0.1100E-02 0.2100E-02 0.3300E-02 0.5100E-02 0.7100E-02 0.1060E-01 0.1590E-01 0.8010E-01 0.6190E-01 0.2390E-01 0.1630E-01 0.1430E-01 0.1460E-01 0.1960E-01 0.2240E-01 0.2310E-01 0.2080E-01 0.2600E-01 0.6950E-01
0.0000E+00 0.0000E+00 0.0000E+00 0.0000E+00 0.0000E+00 0.0000E+00 0.0000E+00 0.0000E+00 0.0000E+00 0.0000E+00 0.0000E+00 0.0000E+00 0.2900E-02 0.9800E-02 0.1720E-01 0.3640E-01 0.1847E+00 0.3230E-01 0.2090E-01 0.9700E-02 0.6300E-02 0.3000E-02 0.1100E-02 0.2400E-02 0.7200E-02 0.1440E-01 0.3160E-01 0.1142E+00 0.2470E-01 0.6800E-02 0.2500E-02 0.6000E-03 0.3000E-03 0.8000E-03 0.1500E-02 0.2500E-02 0.3900E-02 0.5400E-02 0.7800E-02 0.9400E-02 0.1030E-01 0.1410E-01 0.1770E-01 0.2470E-01 0.1294E+00 0.1660E-01 0.9300E-02 0.1000E-01 0.8500E-02 0.8300E-02 0.8300E-02 0.1140E-01 0.1450E-01 0.1640E-01 0.5280E-01 0.2750E-01
0.2000E-03 0.0000E+00 0.0000E+00 0.0000E+00 0.0000E+00 0.0000E+00 0.0000E+00 0.0000E+00 0.0000E+00 0.0000E+00 0.0000E+00 0.0000E+00 0.1100E-02 0.6800E-02 0.1230E-01 0.2170E-01 0.3820E-01 0.1453E+00 0.2690E-01 0.1570E-01 0.1130E-01 0.7500E-02 0.3400E-02 0.5500E-02 0.8000E-02 0.2010E-01 0.9630E-01 0.5480E-01 0.1360E-01 0.6100E-02 0.3300E-02 0.2900E-02 0.3900E-02 0.5100E-02 0.6600E-02 0.7600E-02 0.8500E-02 0.1000E-01 0.1220E-01 0.1880E-01 0.2340E-01 0.7010E-01 0.9810E-01 0.1091E+00 0.2470E-01 0.6900E-02 0.3500E-02 0.3700E-02 0.2800E-02 0.2900E-02 0.2600E-02 0.4600E-02 0.7900E-02 0.1260E-01 0.4690E-01 0.2530E-01
0.9000E-03 0.1000E-03 0.0000E+00 0.0000E+00 0.0000E+00 0.0000E+00 0.0000E+00 0.0000E+00 0.0000E+00 0.0000E+00 0.0000E+00 0.0000E+00 0.0000E+00 0.4000E-02 0.8000E-02 0.1060E-01 0.2150E-01 0.1155E+00 0.1156E+00 0.2670E-01 0.1810E-01 0.1120E-01 0.5100E-02 0.5000E-02 0.8200E-02 0.2700E-01 0.1193E+00 0.3170E-01 0.1570E-01 0.9600E-02 0.7900E-02 0.7800E-02 0.8800E-02 0.9200E-02 0.1060E-01 0.1390E-01 0.1960E-01 0.2160E-01 0.2360E-01 0.1087E+00 0.1268E+00 0.5260E-01 0.1910E-01 0.1450E-01 0.7900E-02 0.4000E-02 0.2300E-02 0.1600E-02 0.2000E-03 0.0000E+00 0.0000E+00 0.1000E-02 0.3600E-02 0.7100E-02 0.1390E-01 0.5330E-01
0.1400E-02 0.4000E-03 0.0000E+00 0.0000E+00 0.0000E+00 0.0000E+00 0.0000E+00 0.0000E+00 0.0000E+00 0.0000E+00 0.0000E+00 0.0000E+00 0.0000E+00 0.1700E-02 0.4600E-02 0.6800E-02 0.1400E-01 0.2250E-01 0.8560E-01 0.1383E+00 0.4420E-01 0.1720E-01 0.7100E-02 0.6900E-02 0.8200E-02 0.2350E-01 0.1140E+00 0.3670E-01 0.1670E-01 0.1530E-01 0.1550E-01 0.1620E-01 0.1790E-01 0.1880E-01 0.2260E-01 0.6980E-01 0.1028E+00 0.1266E+00 0.1226E+00 0.3990E-01 0.2190E-01 0.1350E-01 0.7600E-02 0.6700E-02 0.3500E-02 0.3000E-02 0.1800E-02 0.8000E-03 0.0000E+00 0.0000E+00 0.0000E+00 0.8000E-03 0.2800E-02 0.5300E-02 0.1210E-01 0.7020E-01
0.2100E-02 0.7000E-03 0.0000E+00 0.0000E+00 0.0000E+00 0.0000E+00 0.0000E+00 0.7000E-03 0.2600E-02 0.4800E-02 0.8400E-02 0.1170E-01 0.1390E-01 0.1640E-01 0.1880E-01 0.2050E-01 0.1720E-01 0.1470E-01 0.2540E-01 0.2910E-01 0.2037E+00 0.2940E-01 0.1170E-01 0.8000E-02 0.9000E-02 0.1270E-01 0.7530E-01 0.6850E-01 0.2880E-01 0.3160E-01 0.3450E-01 0.8970E-01 0.1051E+00 0.1051E+00 0.1170E+00 0.5670E-01 0.1730E-01 0.1590E-01 0.1770E-01 0.1400E-01 0.1040E-01 0.6000E-02 0.3800E-02 0.3300E-02 0.2000E-02 0.1200E-02 0.6000E-03 0.0000E+00 0.0000E+00 0.0000E+00 0.0000E+00 0.3000E-03 0.1900E-02 0.4300E-02 0.9600E-02 0.2500E-01
0.1550E-01 0.1690E-01 0.1760E-01 0.1890E-01 0.1930E-01 0.1900E-01 0.1880E-01 0.1530E-01 0.1600E-01 0.1410E-01 0.1940E-01 0.2630E-01 0.2200E-01 0.1590E-01 0.2710E-01 0.2800E-01 0.1570E-01 0.1930E-01 0.3070E-01 0.2670E-01 0.5330E-01 0.1283E+00 0.2110E-01 0.1190E-01 0.1030E-01 0.1090E-01 0.2950E-01 0.1845E+00 0.1644E+00 0.1433E+00 0.1511E+00 0.3040E-01 0.1470E-01 0.1380E-01 0.1330E-01 0.1160E-01 0.1000E-01 0.9400E-02 0.8600E-02 0.9100E-02 0.8200E-02 0.5800E-02 0.3200E-02 0.1900E-02 0.3000E-03 0.0000E+00 0.0000E+00 0.0000E+00 0.0000E+00 0.0000E+00 0.0000E+00 0.0000E+00 0.1200E-02 0.2500E-02 0.6600E-02 0.1210E-01
0.2540E-01 0.2700E-01 0.2600E-01 0.2970E-01 0.3010E-01 0.2970E-01 0.1670E-01 0.1240E-01 0.1350E-01 0.1720E-01 0.2740E-01 0.5730E-01 0.6120E-01 0.3120E-01 0.4290E-01 0.5840E-01 0.4930E-01 0.3740E-01 0.2770E-01 0.2580E-01 0.3080E-01 0.1401E+00 0.3060E-01 0.1990E-01 0.1770E-01 0.1680E-01 0.3850E-01 0.2056E+00 0.5430E-01 0.4670E-01 0.3000E-01 0.1390E-01 0.1130E-01 0.1030E-01 0.1050E-01 0.1060E-01 0.9500E-02 0.9100E-02 0.8700E-02 0.8500E-02 0.7700E-02 0.6100E-02 0.4500E-02 0.3600E-02 0.2100E-02 0.1600E-02 0.8000E-03 0.0000E+00 0.0000E+00 0.0000E+00 0.0000E+00 0.0000E+00 0.6000E-03 0.2000E-02 0.5000E-02 0.8800E-02
0.4890E-01 0.5540E-01 0.5790E-01 0.4720E-01 0.4770E-01 0.5810E-01 0.3230E-01 0.2840E-01 0.3040E-01 0.3540E-01 0.1500E+00 0.2354E+00 0.2226E+00 0.2185E+00 0.2243E+00 0.2216E+00 0.2197E+00 0.1665E+00 0.5130E-01 0.3850E-01 0.5570E-01 0.2329E+00 0.4430E-01 0.2840E-01 0.2340E-01 0.2510E-01 0.6090E-01 0.2362E+00 0.6040E-01 0.4050E-01 0.2630E-01 0.1290E-01 0.1270E-01 0.1030E-01 0.9200E-02 0.9300E-02 0.9400E-02 0.1130E-01 0.1370E-01 0.1490E-01 0.1460E-01 0.1140E-01 0.8800E-02 0.8500E-02 0.5900E-02 0.4800E-02 0.7400E-02 0.6900E-02 0.6600E-02 0.3300E-02 0.2800E-02 0.4100E-02 0.1800E-02 0.1000E-02 0.3600E-02 0.7300E-02
0.2062E+00 0.2176E+00 0.2193E+00 0.2227E+00 0.2265E+00 0.2222E+00 0.2175E+00 0.2158E+00 0.2163E+00 0.2199E+00 0.1086E+00 0.5570E-01 0.5150E-01 0.5000E-01 0.4930E-01 0.4770E-01 0.4450E-01 0.5040E-01 0.2039E+00 0.2099E+00 0.2466E+00 0.3207E+00 0.7670E-01 0.4140E-01 0.3590E-01 0.4030E-01 0.2270E+00 0.9210E-01 0.6300E-01 0.2970E-01 0.2360E-01 0.2630E-01 0.2530E-01 0.2280E-01 0.1590E-01 0.1470E-01 0.2210E-01 0.5430E-01 0.8410E-01 0.8640E-01 0.8370E-01 0.3630E-01 0.1620E-01 0.1810E-01 0.1420E-01 0.1230E-01 0.1270E-01 0.1310E-01 0.1370E-01 0.1320E-01 0.1320E-01 0.1120E-01 0.8600E-02 0.5200E-02 0.8200E-02 0.1080E-01
0.4710E-01 0.4910E-01 0.4960E-01 0.4980E-01 0.3980E-01 0.5060E-01 0.4950E-01 0.4830E-01 0.4720E-01 0.3790E-01 0.2030E-01 0.2630E-01 0.2470E-01 0.2330E-01 0.2230E-01 0.2190E-01 0.2250E-01 0.3210E-01 0.5150E-01 0.6780E-01 0.1178E+00 0.2906E+00 0.2366E+00 0.1688E+00 0.1567E+00 0.5520E-01 0.2677E+00 0.1800E+00 0.1451E+00 0.1216E+00 0.8890E-01 0.9040E-01 0.9420E-01 0.9570E-01 0.8630E-01 0.6790E-01 0.6840E-01 0.4450E-01 0.1350E-01 0.1270E-01 0.1410E-01 0.5240E-01 0.8130E-01 0.8010E-01 0.2490E-01 0.2490E-01 0.2490E-01 0.2740E-01 0.2950E-01 0.2520E-01 0.2660E-01 0.1870E-01 0.1440E-01 0.1280E-01 0.1320E-01 0.1430E-01
0.2340E-01 0.2330E-01 0.2310E-01 0.2330E-01 0.2440E-01 0.2410E-01 0.2320E-01 0.2270E-01 0.2170E-01 0.1920E-01 0.1800E-01 0.1600E-01 0.1310E-01 0.7300E-02 0.1200E-01 0.1320E-01 0.1410E-01 0.2180E-01 0.3370E-01 0.5420E-01 0.1965E+00 0.4600E-01 0.3740E-01 0.4390E-01 0.3880E-01 0.2156E+00 0.2641E+00 0.7020E-01 0.4440E-01 0.3080E-01 0.2060E-01 0.1890E-01 0.1070E-01 0.1650E-01 0.1140E-01 0.9500E-02 0.8700E-02 0.7800E-02 0.6100E-02 0.5800E-02 0.6700E-02 0.9000E-02 0.1200E-01 0.4110E-01 0.8910E-01 0.9970E-01 0.9050E-01 0.1079E+00 0.1105E+00 0.1110E+00 0.9140E-01 0.3120E-01 0.2840E-01 0.2600E-01 0.2440E-01 0.2530E-01
0.1440E-01 0.1410E-01 0.1060E-01 0.1480E-01 0.1480E-01 0.1460E-01 0.1420E-01 0.1290E-01 0.1080E-01 0.8500E-02 0.6100E-02 0.3400E-02 0.1100E-02 0.3000E-03 0.0000E+00 0.1700E-02 0.3500E-02 0.1250E-01 0.2400E-01 0.4620E-01 0.1863E+00 0.3200E-01 0.2210E-01 0.3430E-01 0.4140E-01 0.7380E-01 0.1355E+00 0.4010E-01 0.1510E-01 0.1600E-01 0.9600E-02 0.9000E-02 0.8300E-02 0.7500E-02 0.6800E-02 0.5700E-02 0.5000E-02 0.4100E-02 0.3700E-02 0.3600E-02 0.4000E-02 0.4700E-02 0.6000E-02 0.8600E-02 0.1300E-01 0.1690E-01 0.1860E-01 0.2160E-01 0.2200E-01 0.2310E-01 0.4300E-01 0.1054E+00 0.1041E+00 0.1015E+00 0.9620E-01 0.8360E-01
0.2200E-02 0.5000E-03 0.0000E+00 0.0000E+00 0.0000E+00 0.0000E+00 0.0000E+00 0.0000E+00 0.0000E+00 0.0000E+00 0.0000E+00 0.0000E+00 0.0000E+00 0.0000E+00 0.0000E+00 0.0000E+00 0.0000E+00 0.7100E-02 0.1420E-01 0.2600E-01 0.1712E+00 0.2590E-01 0.1790E-01 0.2010E-01 0.4500E-01 0.1573E+00 0.2940E-01 0.1390E-01 0.8700E-02 0.9700E-02 0.5900E-02 0.5500E-02 0.4900E-02 0.4300E-02 0.3900E-02 0.3100E-02 0.2300E-02 0.1400E-02 0.1100E-02 0.1200E-02 0.1400E-02 0.2200E-02 0.3100E-02 0.3900E-02 0.5000E-02 0.8400E-02 0.8800E-02 0.6300E-02 0.6600E-02 0.6300E-02 0.1380E-01 0.1750E-01 0.1420E-01 0.1190E-01 0.1190E-01 0.1550E-01
0.4000E-03 0.0000E+00 0.0000E+00 0.0000E+00 0.0000E+00 0.0000E+00 0.0000E+00 0.0000E+00 0.0000E+00 0.0000E+00 0.0000E+00 0.0000E+00 0.0000E+00 0.0000E+00 0.0000E+00 0.0000E+00 0.0000E+00 0.6100E-02 0.6800E-02 0.1450E-01 0.1256E+00 0.2590E-01 0.1920E-01 0.1810E-01 0.4980E-01 0.1530E+00 0.1950E-01 0.8600E-02 0.4000E-02 0.1400E-02 0.0000E+00 0.0000E+00 0.0000E+00 0.0000E+00 0.0000E+00 0.0000E+00 0.0000E+00 0.0000E+00 0.0000E+00 0.0000E+00 0.1000E-03 0.9000E-03 0.1500E-02 0.1800E-02 0.2300E-02 0.2800E-02 0.3200E-02 0.3400E-02 0.3500E-02 0.3800E-02 0.6000E-02 0.8000E-02 0.5400E-02 0.5600E-02 0.5900E-02 0.9900E-02
0.0000E+00 0.0000E+00 0.0000E+00 0.0000E+00 0.0000E+00 0.0000E+00 0.0000E+00 0.0000E+00 0.0000E+00 0.0000E+00 0.0000E+00 0.0000E+00 0.0000E+00 0.0000E+00 0.0000E+00 0.0000E+00 0.0000E+00 0.3700E-02 0.6600E-02 0.1080E-01 0.3440E-01 0.1171E+00 0.2720E-01 0.2140E-01 0.1369E+00 0.5520E-01 0.2200E-01 0.6200E-02 0.2000E-02 0.4000E-03 0.0000E+00 0.0000E+00 0.0000E+00 0.0000E+00 0.0000E+00 0.0000E+00 0.0000E+00 0.0000E+00 0.0000E+00 0.0000E+00 0.0000E+00 0.0000E+00 0.0000E+00 0.0000E+00 0.0000E+00 0.0000E+00 0.0000E+00 0.1000E-03 0.5000E-03 0.1100E-02 0.1800E-02 0.2800E-02 0.4100E-02 0.3300E-02 0.3800E-02 0.9400E-02
0.0000E+00 0.0000E+00 0.0000E+00 0.0000E+00 0.0000E+00 0.0000E+00 0.0000E+00 0.0000E+00 0.0000E+00 0.0000E+00 0.0000E+00 0.0000E+00 0.0000E+00 0.0000E+00 0.0000E+00 0.0000E+00 0.0000E+00 0.2400E-02 0.7000E-02 0.9400E-02 0.2840E-01 0.1454E+00 0.2850E-01 0.3760E-01 0.1356E+00 0.3710E-01 0.1690E-01 0.8900E-02 0.2000E-02 0.0000E+00 0.0000E+00 0.0000E+00 0.0000E+00 0.0000E+00 0.0000E+00 0.0000E+00 0.0000E+00 0.0000E+00 0.0000E+00 0.0000E+00 0.0000E+00 0.0000E+00 0.0000E+00 0.0000E+00 0.0000E+00 0.0000E+00 0.0000E+00 0.0000E+00 0.0000E+00 0.0000E+00 0.0000E+00 0.0000E+00 0.0000E+00 0.4000E-03 0.1000E-02 0.2300E-02
0.0000E+00 0.0000E+00 0.0000E+00 0.0000E+00 0.0000E+00 0.0000E+00 0.0000E+00 0.0000E+00 0.0000E+00 0.0000E+00 0.0000E+00 0.0000E+00 0.0000E+00 0.0000E+00 0.0000E+00 0.0000E+00 0.0000E+00 0.8000E-03 0.5700E-02 0.1090E-01 0.2920E-01 0.1630E+00 0.4630E-01 0.4350E-01 0.1340E+00 0.3370E-01 0.1410E-01 0.6700E-02 0.1000E-02 0.0000E+00 0.0000E+00 0.0000E+00 0.0000E+00 0.0000E+00 0.0000E+00 0.0000E+00 0.0000E+00 0.0000E+00 0.0000E+00 0.0000E+00 0.0000E+00 0.0000E+00 0.0000E+00 0.0000E+00 0.0000E+00 0.0000E+00 0.0000E+00 0.0000E+00 0.0000E+00 0.0000E+00 0.0000E+00 0.0000E+00 0.0000E+00 0.0000E+00 0.1000E-03 0.1300E-02
