Data/rwc_PM25_RR2025_2002.asc
NCOLS          280
NROWS          320
XLLCORNER            0
YLLCORNER       300000
CELLSIZE         1000
NODATA_VALUE  -0.9990E+03
[rows 225 to 249 of 320, columns 168 to 223 of 280]
0.0000E+00 0.0000E+00 0.0000E+00 0.0000E+00 0.0000E+00 0.0000E+00 0.0000E+00 0.0000E+00 0.0000E+00 0.0000E+00 0.0000E+00 0.0000E+00 0.0000E+00 0.0000E+00 0.0000E+00 0.0000E+00 0.0000E+00 0.0000E+00 0.0000E+00 0.0000E+00 0.0000E+00 0.0000E+00 0.0000E+00 0.0000E+00 0.0000E+00 0.7000E-03 0.3900E-02 0.5400E-02 0.9600E-02 0.7290E-01 0.1620E-01 0.8300E-02 0.5300E-02 0.1400E-02 0.0000E+00 0.0000E+00 0.0000E+00 0.0000E+00 0.0000E+00 0.0000E+00 0.0000E+00 0.0000E+00 0.0000E+00 -0.9990E+03 -0.9990E+03 -0.9990E+03 -0.9990E+03 -0.9990E+03 -0.9990E+03 -0.9990E+03 -0.9990E+03 -0.9990E+03 -0.9990E+03 -0.9990E+03 -0.9990E+03 -0.9990E+03
0.0000E+00 0.0000E+00 0.0000E+00 0.0000E+00 0.0000E+00 0.0000E+00 0.0000E+00 0.0000E+00 0.0000E+00 0.0000E+00 0.0000E+00 0.0000E+00 0.0000E+00 0.0000E+00 0.0000E+00 0.0000E+00 0.0000E+00 0.0000E+00 0.0000E+00 0.0000E+00 0.0000E+00 0.0000E+00 0.0000E+00 0.0000E+00 0.0000E+00 0.5000E-03 0.2600E-02 0.4200E-02 0.9500E-02 0.7060E-01 0.1520E-01 0.1120E-01 0.7600E-02 0.3800E-02 0.1300E-02 0.0000E+00 0.0000E+00 0.0000E+00 0.0000E+00 0.0000E+00 0.0000E+00 0.0000E+00 0.0000E+00 0.0000E+00 -0.9990E+03 -0.9990E+03 -0.9990E+03 -0.9990E+03 -0.9990E+03 -0.9990E+03 -0.9990E+03 -0.9990E+03 -0.9990E+03 -0.9990E+03 -0.9990E+03 -0.9990E+03
0.0000E+00 0.0000E+00 0.0000E+00 0.0000E+00 0.0000E+00 0.0000E+00 0.0000E+00 0.0000E+00 0.0000E+00 0.0000E+00 0.0000E+00 0.0000E+00 0.0000E+00 0.0000E+00 0.0000E+00 0.0000E+00 0.0000E+00 0.0000E+00 0.0000E+00 0.0000E+00 0.0000E+00 0.0000E+00 0.0000E+00 0.0000E+00 0.0000E+00 0.1000E-03 0.1900E-02 0.3700E-02 0.9400E-02 0.8690E-01 0.2630E-01 0.1800E-01 0.1130E-01 0.6900E-02 0.3100E-02 0.9000E-03 0.0000E+00 0.0000E+00 0.0000E+00 0.0000E+00 0.0000E+00 0.0000E+00 0.0000E+00 0.0000E+00 0.0000E+00 -0.9990E+03 -0.9990E+03 -0.9990E+03 -0.9990E+03 -0.9990E+03 -0.9990E+03 -0.9990E+03 -0.9990E+03 -0.9990E+03 -0.9990E+03 -0.9990E+03
0.0000E+00 0.0000E+00 0.0000E+00 0.0000E+00 0.0000E+00 0.0000E+00 0.0000E+00 0.0000E+00 0.0000E+00 0.0000E+00 0.0000E+00 0.0000E+00 0.0000E+00 0.0000E+00 0.0000E+00 0.0000E+00 0.0000E+00 0.0000E+00 0.0000E+00 0.0000E+00 0.0000E+00 0.0000E+00 0.0000E+00 0.0000E+00 0.0000E+00 0.0000E+00 0.1700E-02 0.4100E-02 0.9000E-02 0.2080E-01 0.1203E+00 0.3110E-01 0.1890E-01 0.1070E-01 0.5900E-02 0.1600E-02 0.0000E+00 0.0000E+00 0.0000E+00 0.0000E+00 0.0000E+00 0.0000E+00 0.0000E+00 0.0000E+00 0.0000E+00 -0.9990E+03 -0.9990E+03 -0.9990E+03 -0.9990E+03 -0.9990E+03 -0.9990E+03 -0.9990E+03 -0.9990E+03 -0.9990E+03 -0.9990E+03 -0.9990E+03
0.0000E+00 0.0000E+00 0.0000E+00 0.0000E+00 0.0000E+00 0.0000E+00 0.0000E+00 0.0000E+00 0.0000E+00 0.0000E+00 0.0000E+00 0.0000E+00 0.0000E+00 0.0000E+00 0.0000E+00 0.0000E+00 0.0000E+00 0.0000E+00 0.0000E+00 0.0000E+00 0.0000E+00 0.0000E+00 0.0000E+00 0.0000E+00 0.0000E+00 0.0000E+00 0.1100E-02 0.3000E-02 0.6500E-02 0.1360E-01 0.2640E-01 0.1193E+00 0.3130E-01 0.1710E-01 0.8700E-02 0.4100E-02 0.9000E-03 0.0000E+00 0.0000E+00 0.0000E+00 0.0000E+00 0.0000E+00 0.0000E+00 0.0000E+00 0.0000E+00 -0.9990E+03 -0.9990E+03 -0.9990E+03 -0.9990E+03 -0.9990E+03 -0.9990E+03 -0.9990E+03 -0.9990E+03 -0.9990E+03 -0.9990E+03 -0.9990E+03
0.0000E+00 0.0000E+00 0.0000E+00 0.0000E+00 0.0000E+00 0.0000E+00 0.0000E+00 0.0000E+00 0.0000E+00 0.0000E+00 0.0000E+00 0.0000E+00 0.0000E+00 0.0000E+00 0.0000E+00 0.0000E+00 0.0000E+00 0.0000E+00 0.0000E+00 0.0000E+00 0.0000E+00 0.0000E+00 0.0000E+00 0.0000E+00 0.0000E+00 0.0000E+00 0.6000E-03 0.2000E-02 0.4700E-02 0.8900E-02 0.1680E-01 0.5350E-01 0.9090E-01 0.2410E-01 0.1160E-01 0.5700E-02 0.1400E-02 0.0000E+00 0.0000E+00 0.0000E+00 0.0000E+00 0.0000E+00 0.0000E+00 0.0000E+00 0.0000E+00 -0.9990E+03 -0.9990E+03 -0.9990E+03 -0.9990E+03 -0.9990E+03 -0.9990E+03 -0.9990E+03 -0.9990E+03 -0.9990E+03 -0.9990E+03 -0.9990E+03
0.0000E+00 0.0000E+00 0.0000E+00 0.0000E+00 0.0000E+00 0.0000E+00 0.0000E+00 0.0000E+00 0.0000E+00 0.0000E+00 0.0000E+00 0.0000E+00 0.0000E+00 0.0000E+00 0.0000E+00 0.0000E+00 0.0000E+00 0.0000E+00 0.0000E+00 0.0000E+00 0.0000E+00 0.0000E+00 0.0000E+00 0.0000E+00 0.0000E+00 0.0000E+00 0.0000E+00 0.9000E-03 0.1800E-02 0.5000E-02 0.1130E-01 0.1930E-01 0.1030E+00 0.2930E-01 0.1610E-01 0.8100E-02 0.3000E-02 0.4000E-03 0.0000E+00 0.0000E+00 0.0000E+00 0.0000E+00 0.0000E+00 0.0000E+00 0.0000E+00 0.0000E+00 -0.9990E+03 -0.9990E+03 -0.9990E+03 -0.9990E+03 -0.9990E+03 -0.9990E+03 -0.9990E+03 -0.9990E+03 -0.9990E+03 -0.9990E+03
0.0000E+00 0.0000E+00 0.0000E+00 0.0000E+00 0.0000E+00 0.0000E+00 0.0000E+00 0.0000E+00 0.0000E+00 0.0000E+00 0.0000E+00 0.0000E+00 0.0000E+00 0.0000E+00 0.0000E+00 0.0000E+00 0.0000E+00 0.0000E+00 0.0000E+00 0.0000E+00 0.0000E+00 0.0000E+00 0.0000E+00 0.0000E+00 0.0000E+00 0.0000E+00 0.0000E+00 0.0000E+00 0.1300E-02 0.3800E-02 0.7100E-02 0.1450E-01 0.4790E-01 0.8350E-01 0.2250E-01 0.1090E-01 0.5600E-02 0.2000E-02 0.0000E+00 0.0000E+00 0.0000E+00 0.0000E+00 0.0000E+00 0.0000E+00 0.0000E+00 0.0000E+00 -0.9990E+03 -0.9990E+03 -0.9990E+03 -0.9990E+03 -0.9990E+03 -0.9990E+03 -0.9990E+03 -0.9990E+03 -0.9990E+03 -0.9990E+03
0.0000E+00 0.0000E+00 0.0000E+00 0.0000E+00 0.0000E+00 0.0000E+00 0.0000E+00 0.0000E+00 0.0000E+00 0.0000E+00 0.0000E+00 0.0000E+00 0.0000E+00 0.0000E+00 0.0000E+00 0.0000E+00 0.0000E+00 0.0000E+00 0.0000E+00 0.0000E+00 0.0000E+00 0.0000E+00 0.0000E+00 0.0000E+00 0.0000E+00 0.0000E+00 0.0000E+00 0.0000E+00 0.2000E-03 0.2100E-02 0.5200E-02 0.9800E-02 0.1870E-01 0.9630E-01 0.2600E-01 0.1560E-01 0.9600E-02 0.5100E-02 0.1900E-02 0.8000E-03 0.0000E+00 0.0000E+00 0.0000E+00 0.0000E+00 0.0000E+00 0.0000E+00 -0.9990E+03 -0.9990E+03 -0.9990E+03 -0.9990E+03 -0.9990E+03 -0.9990E+03 -0.9990E+03 -0.9990E+03 -0.9990E+03 -0.9990E+03
0.0000E+00 0.0000E+00 0.0000E+00 0.0000E+00 0.0000E+00 0.0000E+00 0.0000E+00 0.0000E+00 0.0000E+00 0.0000E+00 0.0000E+00 0.0000E+00 0.0000E+00 0.0000E+00 0.0000E+00 0.0000E+00 0.0000E+00 0.0000E+00 0.0000E+00 0.0000E+00 0.0000E+00 0.0000E+00 0.0000E+00 0.0000E+00 0.0000E+00 0.0000E+00 0.0000E+00 0.0000E+00 0.0000E+00 0.9000E-03 0.3300E-02 0.5800E-02 0.8800E-02 0.4460E-01 0.6870E-01 0.2210E-01 0.1490E-01 0.9800E-02 0.3900E-02 0.2900E-02 0.7000E-03 0.0000E+00 0.0000E+00 0.0000E+00 0.0000E+00 -0.9990E+03 -0.9990E+03 -0.9990E+03 -0.9990E+03 -0.9990E+03 -0.9990E+03 -0.9990E+03 -0.9990E+03 -0.9990E+03 -0.9990E+03 -0.9990E+03
0.1800E-02 0.3200E-02 0.3500E-02 0.4300E-02 0.7800E-02 0.8600E-02 0.8700E-02 0.8500E-02 0.6600E-02 0.5200E-02 0.4900E-02 0.6400E-02 0.5400E-02 0.4500E-02 0.1900E-02 0.9000E-03 0.2000E-03 0.0000E+00 0.0000E+00 0.0000E+00 0.0000E+00 0.0000E+00 0.0000E+00 0.0000E+00 0.0000E+00 0.0000E+00 0.0000E+00 0.0000E+00 0.0000E+00 0.2000E-03 0.1900E-02 0.4600E-02 0.6800E-02 0.1060E-01 0.1136E+00 0.3640E-01 0.2700E-01 0.1710E-01 0.5800E-02 0.5100E-02 0.2500E-02 0.1000E-03 0.0000E+00 0.0000E+00 0.0000E+00 -0.9990E+03 -0.9990E+03 -0.9990E+03 -0.9990E+03 -0.9990E+03 -0.9990E+03 -0.9990E+03 -0.9990E+03 -0.9990E+03 -0.9990E+03 -0.9990E+03
0.3900E-02 0.6400E-02 0.6700E-02 0.7300E-02 0.1350E-01 0.1400E-01 0.1340E-01 0.1310E-01 0.1340E-01 0.1440E-01 0.1320E-01 0.1370E-01 0.1220E-01 0.9700E-02 0.8300E-02 0.5900E-02 0.4100E-02 0.2400E-02 0.9000E-03 0.0000E+00 0.0000E+00 0.0000E+00 0.0000E+00 0.0000E+00 0.0000E+00 0.0000E+00 0.0000E+00 0.0000E+00 0.0000E+00 0.0000E+00 0.8000E-03 0.2800E-02 0.4100E-02 0.1030E-01 0.1760E-01 0.1129E+00 0.8220E-01 0.2980E-01 0.1330E-01 0.8600E-02 0.4800E-02 0.1600E-02 0.0000E+00 0.0000E+00 0.0000E+00 -0.9990E+03 -0.9990E+03 -0.9990E+03 -0.9990E+03 -0.9990E+03 -0.9990E+03 -0.9990E+03 -0.9990E+03 -0.9990E+03 -0.9990E+03 -0.9990E+03
0.9600E-02 0.1310E-01 0.1750E-01 0.2700E-01 0.2660E-01 0.2840E-01 0.2090E-01 0.2180E-01 0.3030E-01 0.2920E-01 0.1940E-01 0.2110E-01 0.2690E-01 0.1860E-01 0.8800E-02 0.7700E-02 0.8900E-02 0.6500E-02 0.4200E-02 0.2400E-02 0.1100E-02 0.0000E+00 0.0000E+00 0.0000E+00 0.0000E+00 0.0000E+00 0.0000E+00 0.0000E+00 0.0000E+00 0.0000E+00 0.2000E-03 0.1600E-02 0.3600E-02 0.6700E-02 0.1320E-01 0.2400E-01 0.8500E-01 0.8180E-01 0.2330E-01 0.1270E-01 0.7000E-02 0.2800E-02 0.0000E+00 0.0000E+00 0.0000E+00 -0.9990E+03 -0.9990E+03 -0.9990E+03 -0.9990E+03 -0.9990E+03 -0.9990E+03 -0.9990E+03 -0.9990E+03 -0.9990E+03 -0.9990E+03 -0.9990E+03
0.1820E-01 0.5750E-01 0.9540E-01 0.1153E+00 0.1124E+00 0.1113E+00 0.1035E+00 0.1032E+00 0.1177E+00 0.1151E+00 0.1045E+00 0.1105E+00 0.1027E+00 0.4280E-01 0.2540E-01 0.1550E-01 0.1560E-01 0.1220E-01 0.9700E-02 0.7400E-02 0.5400E-02 0.3200E-02 0.2100E-02 0.7000E-03 0.0000E+00 0.0000E+00 0.0000E+00 0.0000E+00 0.0000E+00 0.0000E+00 0.2000E-03 0.2000E-02 0.3800E-02 0.7800E-02 0.1290E-01 0.2110E-01 0.3180E-01 0.1144E+00 0.5150E-01 0.1650E-01 0.1660E-01 0.9900E-02 0.5400E-02 0.4200E-02 0.2600E-02 -0.9990E+03 -0.9990E+03 -0.9990E+03 -0.9990E+03 -0.9990E+03 -0.9990E+03 -0.9990E+03 -0.9990E+03 -0.9990E+03 -0.9990E+03 -0.9990E+03
0.1040E+00 0.7250E-01 0.2470E-01 0.2220E-01 0.2080E-01 0.1510E-01 0.2050E-01 0.2040E-01 0.2180E-01 0.2180E-01 0.2040E-01 0.1300E-01 0.1240E-01 0.7880E-01 0.1045E+00 0.8420E-01 0.2420E-01 0.1610E-01 0.1810E-01 0.1350E-01 0.1130E-01 0.9000E-02 0.5700E-02 0.4300E-02 0.2300E-02 0.1000E-02 0.0000E+00 0.0000E+00 0.7000E-03 0.1600E-02 0.3500E-02 0.4200E-02 0.4700E-02 0.1290E-01 0.1830E-01 0.2380E-01 0.2900E-01 0.4160E-01 0.1324E+00 0.3210E-01 0.2310E-01 0.1120E-01 0.8600E-02 0.7000E-02 0.4900E-02 -0.9990E+03 -0.9990E+03 -0.9990E+03 -0.9990E+03 -0.9990E+03 -0.9990E+03 -0.9990E+03 -0.9990E+03 -0.9990E+03 -0.9990E+03 -0.9990E+03
0.2490E-01 0.1660E-01 0.1210E-01 0.1040E-01 0.9900E-02 0.8200E-02 0.9300E-02 0.9400E-02 0.1010E-01 0.1010E-01 0.1020E-01 0.4900E-02 0.6000E-02 0.1350E-01 0.2010E-01 0.4010E-01 0.8390E-01 0.9930E-01 0.2840E-01 0.2700E-01 0.2240E-01 0.1130E-01 0.1070E-01 0.1010E-01 0.9500E-02 0.8900E-02 0.8700E-02 0.8900E-02 0.6500E-02 0.6100E-02 0.1110E-01 0.1340E-01 0.1540E-01 0.2250E-01 0.2830E-01 0.2800E-01 0.3170E-01 0.4740E-01 0.1232E+00 0.5040E-01 0.3790E-01 0.2620E-01 0.1500E-01 0.1420E-01 0.8500E-02 0.3900E-02 -0.9990E+03 -0.9990E+03 -0.9990E+03 -0.9990E+03 -0.9990E+03 -0.9990E+03 -0.9990E+03 -0.9990E+03 -0.9990E+03 -0.9990E+03
0.1180E-01 0.8800E-02 0.7100E-02 0.6200E-02 0.5900E-02 0.5700E-02 0.3600E-02 0.5600E-02 0.5800E-02 0.5500E-02 0.3500E-02 0.5900E-02 0.4600E-02 0.7800E-02 0.1000E-01 0.8000E-02 0.1210E-01 0.2550E-01 0.9530E-01 0.1035E+00 0.6780E-01 0.2920E-01 0.2440E-01 0.1760E-01 0.1330E-01 0.1400E-01 0.1400E-01 0.1270E-01 0.9700E-02 0.1010E-01 0.1830E-01 0.2720E-01 0.3520E-01 0.7060E-01 0.1203E+00 0.1097E+00 0.9780E-01 0.1198E+00 0.2149E+00 0.1111E+00 0.1133E+00 0.8880E-01 0.6300E-01 0.5870E-01 0.1320E-01 0.5700E-02 -0.9990E+03 -0.9990E+03 -0.9990E+03 -0.9990E+03 -0.9990E+03 -0.9990E+03 -0.9990E+03 -0.9990E+03 -0.9990E+03 -0.9990E+03
0.4400E-02 0.3400E-02 0.2000E-02 0.9000E-03 0.3000E-03 0.0000E+00 0.0000E+00 0.0000E+00 0.0000E+00 0.0000E+00 0.3000E-03 0.1500E-02 0.2400E-02 0.2800E-02 0.5000E-02 0.6200E-02 0.8900E-02 0.1230E-01 0.1700E-01 0.2130E-01 0.6080E-01 0.1011E+00 0.8550E-01 0.2860E-01 0.2760E-01 0.2590E-01 0.2900E-01 0.2660E-01 0.2740E-01 0.3060E-01 0.3810E-01 0.1212E+00 0.1218E+00 0.8940E-01 0.2700E-01 0.2430E-01 0.2650E-01 0.3200E-01 0.1382E+00 0.3030E-01 0.2210E-01 0.1570E-01 0.9100E-02 0.2390E-01 0.4220E-01 -0.9990E+03 -0.9990E+03 -0.9990E+03 -0.9990E+03 -0.9990E+03 -0.9990E+03 -0.9990E+03 -0.9990E+03 -0.9990E+03 -0.9990E+03 -0.9990E+03
0.3300E-02 0.1200E-02 0.3000E-03 0.0000E+00 0.0000E+00 0.0000E+00 0.0000E+00 0.0000E+00 0.0000E+00 0.0000E+00 0.0000E+00 0.0000E+00 0.2000E-03 0.7000E-03 0.1700E-02 0.2900E-02 0.4400E-02 0.6200E-02 0.8100E-02 0.1090E-01 0.1450E-01 0.2020E-01 0.4600E-01 0.9520E-01 0.9790E-01 0.1019E+00 0.1038E+00 0.1031E+00 0.1023E+00 0.1070E+00 0.1083E+00 0.2760E-01 0.2230E-01 0.1700E-01 0.1200E-01 0.1310E-01 0.1550E-01 0.2440E-01 0.9620E-01 0.2260E-01 0.1470E-01 0.1180E-01 0.6300E-02 0.6700E-02 0.5300E-02 0.1900E-02 -0.9990E+03 -0.9990E+03 -0.9990E+03 -0.9990E+03 -0.9990E+03 -0.9990E+03 -0.9990E+03 -0.9990E+03 -0.9990E+03 -0.9990E+03
0.4600E-02 0.2300E-02 0.1100E-02 0.0000E+00 0.0000E+00 0.0000E+00 0.0000E+00 0.0000E+00 0.0000E+00 0.0000E+00 0.0000E+00 0.0000E+00 0.0000E+00 0.0000E+00 0.0000E+00 0.7000E-03 0.1600E-02 0.2800E-02 0.4100E-02 0.5300E-02 0.4500E-02 0.1030E-01 0.1360E-01 0.1620E-01 0.1220E-01 0.1890E-01 0.1980E-01 0.1910E-01 0.1810E-01 0.1910E-01 0.1800E-01 0.1280E-01 0.1040E-01 0.7600E-02 0.6600E-02 0.8700E-02 0.8800E-02 0.1840E-01 0.1043E+00 0.2330E-01 0.1900E-01 0.1200E-01 0.6100E-02 0.4300E-02 0.2500E-02 0.9000E-03 -0.9990E+03 -0.9990E+03 -0.9990E+03 -0.9990E+03 -0.9990E+03 -0.9990E+03 -0.9990E+03 -0.9990E+03 -0.9990E+03 -0.9990E+03
0.1100E-01 0.6900E-02 0.3800E-02 0.1500E-02 0.0000E+00 0.0000E+00 0.0000E+00 0.0000E+00 0.0000E+00 0.0000E+00 0.0000E+00 0.0000E+00 0.0000E+00 0.0000E+00 0.0000E+00 0.0000E+00 0.0000E+00 0.4000E-03 0.1200E-02 0.2100E-02 0.3500E-02 0.5000E-02 0.6400E-02 0.7300E-02 0.8100E-02 0.5900E-02 0.9000E-02 0.8900E-02 0.8800E-02 0.8000E-02 0.8000E-02 0.6400E-02 0.2500E-02 0.1700E-02 0.2000E-02 0.3200E-02 0.4800E-02 0.9600E-02 0.3050E-01 0.1111E+00 0.5080E-01 0.1350E-01 0.5800E-02 0.3700E-02 0.6000E-03 0.3000E-03 -0.9990E+03 -0.9990E+03 -0.9990E+03 -0.9990E+03 -0.9990E+03 -0.9990E+03 -0.9990E+03 -0.9990E+03 -0.9990E+03 -0.9990E+03
0.2040E-01 0.1240E-01 0.5100E-02 0.3900E-02 0.1400E-02 0.0000E+00 0.0000E+00 0.0000E+00 0.0000E+00 0.0000E+00 0.0000E+00 0.0000E+00 0.0000E+00 0.0000E+00 0.0000E+00 0.0000E+00 0.0000E+00 0.0000E+00 0.0000E+00 0.2000E-03 0.9000E-03 0.1000E-02 0.2300E-02 0.3600E-02 0.4500E-02 0.5100E-02 0.5300E-02 0.5400E-02 0.4800E-02 0.4000E-02 0.3000E-02 0.2000E-02 0.1200E-02 0.5000E-03 0.0000E+00 0.1200E-02 0.3400E-02 0.6900E-02 0.1180E-01 0.1710E-01 0.1037E+00 0.2010E-01 0.8300E-02 0.3300E-02 0.3000E-03 -0.9990E+03 -0.9990E+03 -0.9990E+03 -0.9990E+03 -0.9990E+03 -0.9990E+03 -0.9990E+03 -0.9990E+03 -0.9990E+03 -0.9990E+03 -0.9990E+03
0.3670E-01 0.1740E-01 0.1180E-01 0.6500E-02 0.2900E-02 0.6000E-03 0.0000E+00 0.0000E+00 0.0000E+00 0.0000E+00 0.0000E+00 0.0000E+00 0.0000E+00 0.0000E+00 0.0000E+00 0.0000E+00 0.0000E+00 0.0000E+00 0.0000E+00 0.0000E+00 0.0000E+00 0.0000E+00 0.0000E+00 0.0000E+00 0.0000E+00 0.0000E+00 0.0000E+00 0.0000E+00 0.0000E+00 0.0000E+00 0.0000E+00 0.0000E+00 0.0000E+00 0.0000E+00 0.0000E+00 0.9000E-03 0.3100E-02 0.6500E-02 0.7900E-02 0.1450E-01 0.8430E-01 0.3060E-01 0.8700E-02 0.2800E-02 -0.9990E+03 -0.9990E+03 -0.9990E+03 -0.9990E+03 -0.9990E+03 -0.9990E+03 -0.9990E+03 -0.9990E+03 -0.9990E+03 -0.9990E+03 -0.9990E+03 -0.9990E+03
0.1436E+00 0.2440E-01 0.1780E-01 0.1000E-01 0.4700E-02 0.1800E-02 0.3000E-03 0.0000E+00 0.0000E+00 0.0000E+00 0.0000E+00 0.0000E+00 0.0000E+00 0.0000E+00 0.0000E+00 0.0000E+00 0.0000E+00 0.0000E+00 0.0000E+00 0.0000E+00 0.0000E+00 0.0000E+00 0.0000E+00 0.0000E+00 0.0000E+00 0.0000E+00 0.0000E+00 0.0000E+00 0.0000E+00 0.0000E+00 0.0000E+00 0.0000E+00 0.0000E+00 0.0000E+00 0.2000E-03 0.9000E-03 0.2500E-02 0.7600E-02 0.9900E-02 0.6050E-01 0.2090E-01 0.2410E-01 0.6800E-02 -0.9990E+03 -0.9990E+03 -0.9990E+03 -0.9990E+03 -0.9990E+03 -0.9990E+03 -0.9990E+03 -0.9990E+03 -0.9990E+03 -0.9990E+03 -0.9990E+03 -0.9990E+03 -0.9990E+03
0.3510E-01 0.1296E+00 0.2910E-01 0.1580E-01 0.8200E-02 0.4700E-02 0.2300E-02 0.5000E-03 0.0000E+00 0.0000E+00 0.0000E+00 0.0000E+00 0.0000E+00 0.0000E+00 0.0000E+00 0.0000E+00 0.0000E+00 0.0000E+00 0.0000E+00 0.0000E+00 0.0000E+00 0.0000E+00 0.0000E+00 0.0000E+00 0.0000E+00 0.0000E+00 0.0000E+00 0.0000E+00 0.0000E+00 0.0000E+00 0.0000E+00 0.0000E+00 0.0000E+00 0.1000E-03 0.7000E-03 0.2000E-02 0.4200E-02 0.1030E-01 0.1640E-01 0.8120E-01 0.1420E-01 0.5600E-02 -0.9990E+03 -0.9990E+03 -0.9990E+03 -0.9990E+03 -0.9990E+03 -0.9990E+03 -0.9990E+03 -0.9990E+03 -0.9990E+03 -0.9990E+03 -0.9990E+03 -0.9990E+03 -0.9990E+03 -0.9990E+03
