Data/rwc_NO2_RR2020_2002.asc
NCOLS          280
NROWS          320
XLLCORNER            0
YLLCORNER       300000
CELLSIZE         1000
NODATA_VALUE  -0.9990E+03
[rows 225 to 249 of 320, columns 112 to 167 of 280]
0.1871E+01 0.5563E+01 0.7834E+01 0.1950E+01 0.1111E+01 0.5350E+00 0.4750E+00 0.3640E+00 0.3560E+00 0.5880E+00 0.6350E+00 0.5600E+00 0.6300E+00 0.1317E+01 0.2334E+01 0.6418E+01 0.5354E+01 0.6088E+01 0.5061E+01 0.5544E+01 0.5224E+01 0.5229E+01 0.4973E+01 0.7467E+01 0.2418E+01 0.1302E+01 0.1308E+01 0.5492E+01 0.3735E+01 0.1666E+01 0.1592E+01 0.1105E+01 0.7070E+00 0.6120E+00 0.4590E+00 0.2990E+00 0.1780E+00 0.1350E+00 0.1990E+00 0.3290E+00 0.5570E+00 0.1345E+01 0.5705E+01 0.1469E+01 0.7760E+00 0.4580E+00 0.4660E+00 0.5590E+00 0.1161E+01 0.4946E+01 0.1018E+01 0.3990E+00 0.1470E+00 0.0000E+00 0.0000E+00 0.0000E+00
0.7620E+01 0.4766E+01 0.1478E+01 0.8300E+00 0.4360E+00 0.4420E+00 0.4210E+00 0.2410E+00 0.2120E+00 0.2290E+00 0.3730E+00 0.4510E+00 0.4830E+00 0.6450E+00 0.8600E+00 0.1148E+01 0.1173E+01 0.9560E+00 0.8960E+00 0.7800E+00 0.7500E+00 0.7610E+00 0.1065E+01 0.1156E+01 0.7770E+00 0.5700E+00 0.7750E+00 0.1080E+01 0.2523E+01 0.6492E+01 0.6471E+01 0.1891E+01 0.1687E+01 0.1060E+01 0.8130E+00 0.5960E+00 0.4360E+00 0.2800E+00 0.2350E+00 0.3070E+00 0.4550E+00 0.9640E+00 0.4769E+01 0.3904E+01 0.1175E+01 0.6140E+00 0.5600E+00 0.7220E+00 0.3124E+01 0.2954E+01 0.7170E+00 0.3500E+00 0.1430E+00 0.0000E+00 0.0000E+00 0.0000E+00
0.1801E+01 0.1345E+01 0.5850E+00 0.2650E+00 0.2000E+00 0.1350E+00 0.5800E-01 0.1500E-01 0.0000E+00 0.1600E-01 0.4600E-01 0.1090E+00 0.2120E+00 0.2920E+00 0.4270E+00 0.4890E+00 0.5250E+00 0.4060E+00 0.4280E+00 0.3190E+00 0.3270E+00 0.3930E+00 0.4680E+00 0.4480E+00 0.4190E+00 0.4000E+00 0.4540E+00 0.5740E+00 0.8260E+00 0.1239E+01 0.1637E+01 0.6379E+01 0.6667E+01 0.2712E+01 0.1519E+01 0.1168E+01 0.8640E+00 0.6540E+00 0.5700E+00 0.5630E+00 0.6570E+00 0.8860E+00 0.1441E+01 0.6419E+01 0.1678E+01 0.1056E+01 0.8770E+00 0.1011E+01 0.3928E+01 0.8440E+00 0.5190E+00 0.2710E+00 0.1300E+00 0.0000E+00 0.0000E+00 0.0000E+00
0.9520E+00 0.6920E+00 0.2330E+00 0.1810E+00 0.1030E+00 0.4500E-01 0.1000E-02 0.0000E+00 0.0000E+00 0.0000E+00 0.0000E+00 0.7000E-02 0.5800E-01 0.9700E-01 0.1520E+00 0.2030E+00 0.2350E+00 0.2640E+00 0.2660E+00 0.2170E+00 0.2470E+00 0.2220E+00 0.1940E+00 0.1380E+00 0.1510E+00 0.1550E+00 0.1990E+00 0.2740E+00 0.4220E+00 0.5810E+00 0.8330E+00 0.1044E+01 0.1317E+01 0.5552E+01 0.6586E+01 0.2897E+01 0.1530E+01 0.7650E+00 0.5950E+00 0.7930E+00 0.8480E+00 0.9750E+00 0.1162E+01 0.1781E+01 0.5595E+01 0.1494E+01 0.1087E+01 0.1145E+01 0.4162E+01 0.8740E+00 0.4630E+00 0.2820E+00 0.1140E+00 0.4000E-02 0.0000E+00 0.0000E+00
0.3780E+00 0.3720E+00 0.1130E+00 0.4800E-01 0.2100E-01 0.0000E+00 0.0000E+00 0.0000E+00 0.0000E+00 0.0000E+00 0.0000E+00 0.0000E+00 0.0000E+00 0.0000E+00 0.0000E+00 0.0000E+00 0.0000E+00 0.0000E+00 0.0000E+00 0.0000E+00 0.0000E+00 0.0000E+00 0.0000E+00 0.0000E+00 0.0000E+00 0.1100E-01 0.6800E-01 0.1150E+00 0.2220E+00 0.3110E+00 0.4110E+00 0.5720E+00 0.7930E+00 0.8680E+00 0.1292E+01 0.5447E+01 0.6291E+01 0.1058E+01 0.1001E+01 0.1304E+01 0.1510E+01 0.1084E+01 0.9600E+00 0.1095E+01 0.3471E+01 0.4856E+01 0.2001E+01 0.1588E+01 0.2547E+01 0.2730E+01 0.6660E+00 0.2780E+00 0.8700E-01 0.5000E-02 0.0000E+00 0.0000E+00
-0.9990E+03 -0.9990E+03 0.0000E+00 0.0000E+00 0.0000E+00 0.0000E+00 0.0000E+00 0.0000E+00 0.0000E+00 0.0000E+00 0.0000E+00 0.0000E+00 0.0000E+00 0.0000E+00 0.0000E+00 0.0000E+00 0.0000E+00 0.0000E+00 0.0000E+00 0.0000E+00 0.0000E+00 0.0000E+00 0.0000E+00 0.0000E+00 0.0000E+00 0.0000E+00 0.0000E+00 0.0000E+00 0.4800E-01 0.1090E+00 0.1550E+00 0.2790E+00 0.3950E+00 0.3670E+00 0.4830E+00 0.1164E+01 0.2431E+01 0.6107E+01 0.5989E+01 0.6105E+01 0.5631E+01 0.5113E+01 0.1357E+01 0.1511E+01 0.2285E+01 0.7906E+01 0.7452E+01 0.5917E+01 0.4660E+01 0.3931E+01 0.6460E+00 0.2350E+00 0.7200E-01 0.5000E-02 0.0000E+00 0.0000E+00
-0.9990E+03 -0.9990E+03 -0.9990E+03 0.0000E+00 0.0000E+00 0.0000E+00 0.0000E+00 0.0000E+00 0.0000E+00 0.0000E+00 0.0000E+00 0.0000E+00 0.0000E+00 0.0000E+00 0.0000E+00 0.0000E+00 0.0000E+00 0.0000E+00 0.0000E+00 0.0000E+00 0.0000E+00 0.0000E+00 0.0000E+00 0.0000E+00 0.0000E+00 0.0000E+00 0.0000E+00 0.0000E+00 0.0000E+00 0.0000E+00 0.2400E-01 0.9200E-01 0.1550E+00 0.1790E+00 0.3270E+00 0.5470E+00 0.8120E+00 0.8020E+00 0.9850E+00 0.1126E+01 0.1010E+01 0.2605E+01 0.5389E+01 0.6718E+01 0.1035E+02 0.8556E+01 0.1741E+01 0.1173E+01 0.6830E+00 0.8370E+00 0.7350E+00 0.1770E+00 0.6000E-01 0.4000E-02 0.0000E+00 0.0000E+00
-0.9990E+03 -0.9990E+03 -0.9990E+03 -0.9990E+03 0.0000E+00 0.0000E+00 0.0000E+00 0.0000E+00 0.0000E+00 0.0000E+00 0.0000E+00 0.0000E+00 0.0000E+00 0.0000E+00 0.0000E+00 0.0000E+00 0.0000E+00 0.0000E+00 0.0000E+00 0.0000E+00 0.0000E+00 0.0000E+00 0.0000E+00 0.0000E+00 0.0000E+00 0.0000E+00 0.0000E+00 0.0000E+00 0.0000E+00 0.0000E+00 0.0000E+00 0.0000E+00 0.3500E-01 0.9000E-01 0.1610E+00 0.2440E+00 0.2130E+00 0.2830E+00 0.4550E+00 0.5140E+00 0.5560E+00 0.9500E+00 0.1596E+01 0.2926E+01 0.1169E+02 0.2380E+01 0.1172E+01 0.8640E+00 0.4120E+00 0.1990E+00 0.1390E+00 0.9800E-01 0.4400E-01 0.4000E-02 0.0000E+00 0.0000E+00
-0.9990E+03 -0.9990E+03 -0.9990E+03 -0.9990E+03 0.0000E+00 0.0000E+00 0.0000E+00 0.0000E+00 0.0000E+00 0.0000E+00 0.0000E+00 0.0000E+00 0.0000E+00 0.0000E+00 0.0000E+00 0.0000E+00 0.0000E+00 -0.9990E+03 -0.9990E+03 0.0000E+00 0.0000E+00 0.0000E+00 0.0000E+00 0.0000E+00 0.0000E+00 0.0000E+00 0.0000E+00 0.0000E+00 0.0000E+00 0.0000E+00 0.0000E+00 0.0000E+00 0.0000E+00 0.5000E-02 0.4900E-01 0.9200E-01 0.1040E+00 0.1470E+00 0.1600E+00 0.2560E+00 0.3220E+00 0.7140E+00 0.1284E+01 0.2438E+01 0.1046E+02 0.2289E+01 0.1334E+01 0.7760E+00 0.3510E+00 0.1030E+00 0.7200E-01 0.4700E-01 0.2500E-01 0.3000E-02 0.0000E+00 0.0000E+00
-0.9990E+03 -0.9990E+03 -0.9990E+03 -0.9990E+03 0.0000E+00 0.0000E+00 0.0000E+00 0.0000E+00 0.0000E+00 0.0000E+00 0.0000E+00 0.0000E+00 0.0000E+00 0.0000E+00 0.0000E+00 0.0000E+00 0.0000E+00 -0.9990E+03 -0.9990E+03 -0.9990E+03 -0.9990E+03 0.0000E+00 0.0000E+00 0.0000E+00 0.0000E+00 0.0000E+00 0.0000E+00 0.0000E+00 0.0000E+00 0.0000E+00 0.0000E+00 0.0000E+00 0.0000E+00 0.0000E+00 0.0000E+00 0.0000E+00 0.0000E+00 0.0000E+00 0.9000E-02 0.3500E-01 0.7300E-01 0.4620E+00 0.1039E+01 0.1662E+01 0.1190E+02 0.3459E+01 0.1553E+01 0.7300E+00 0.2710E+00 0.9000E-02 0.6000E-02 0.5000E-02 0.4000E-02 0.2000E-02 0.0000E+00 0.0000E+00
-0.9990E+03 -0.9990E+03 -0.9990E+03 0.0000E+00 0.0000E+00 0.0000E+00 0.0000E+00 0.0000E+00 0.0000E+00 0.0000E+00 0.0000E+00 0.0000E+00 0.0000E+00 0.0000E+00 0.0000E+00 0.0000E+00 0.0000E+00 -0.9990E+03 -0.9990E+03 -0.9990E+03 -0.9990E+03 -0.9990E+03 0.0000E+00 0.0000E+00 0.0000E+00 0.0000E+00 0.0000E+00 0.0000E+00 0.0000E+00 0.0000E+00 0.0000E+00 0.0000E+00 0.0000E+00 0.0000E+00 0.0000E+00 0.0000E+00 0.0000E+00 0.0000E+00 0.0000E+00 0.0000E+00 0.1000E-02 0.2740E+00 0.7490E+00 0.1033E+01 0.1820E+01 0.1303E+02 0.2216E+01 0.7190E+00 0.2970E+00 0.2000E-02 0.0000E+00 0.0000E+00 0.0000E+00 0.0000E+00 0.9000E-02 0.3600E-01
-0.9990E+03 -0.9990E+03 -0.9990E+03 0.0000E+00 0.0000E+00 0.0000E+00 0.0000E+00 0.0000E+00 0.0000E+00 0.0000E+00 0.0000E+00 0.0000E+00 0.0000E+00 0.0000E+00 0.0000E+00 0.0000E+00 0.0000E+00 -0.9990E+03 -0.9990E+03 -0.9990E+03 -0.9990E+03 -0.9990E+03 0.0000E+00 0.0000E+00 0.0000E+00 0.0000E+00 0.0000E+00 0.0000E+00 0.0000E+00 0.0000E+00 0.0000E+00 0.0000E+00 0.0000E+00 0.0000E+00 0.0000E+00 0.0000E+00 0.0000E+00 0.0000E+00 0.0000E+00 0.0000E+00 0.0000E+00 0.1670E+00 0.5610E+00 0.8940E+00 0.1577E+01 0.8769E+01 0.1482E+01 0.6630E+00 0.3310E+00 0.9000E-02 0.0000E+00 0.0000E+00 0.7000E-02 0.3800E-01 0.8300E-01 0.1270E+00
0.0000E+00 0.0000E+00 0.0000E+00 0.0000E+00 0.0000E+00 0.0000E+00 0.0000E+00 0.0000E+00 0.0000E+00 0.0000E+00 0.0000E+00 0.0000E+00 0.0000E+00 0.0000E+00 0.0000E+00 0.0000E+00 -0.9990E+03 -0.9990E+03 -0.9990E+03 -0.9990E+03 -0.9990E+03 -0.9990E+03 -0.9990E+03 0.0000E+00 0.0000E+00 0.0000E+00 0.0000E+00 0.0000E+00 0.0000E+00 0.0000E+00 0.0000E+00 0.0000E+00 0.0000E+00 0.0000E+00 0.0000E+00 0.0000E+00 0.0000E+00 0.0000E+00 0.0000E+00 0.0000E+00 0.0000E+00 0.9100E-01 0.3970E+00 0.5890E+00 0.1189E+01 0.7955E+01 0.1567E+01 0.1003E+01 0.7300E+00 0.4500E+00 0.3930E+00 0.3810E+00 0.4520E+00 0.4290E+00 0.3680E+00 0.3410E+00
0.0000E+00 0.0000E+00 0.0000E+00 0.0000E+00 0.0000E+00 0.0000E+00 0.0000E+00 0.0000E+00 0.0000E+00 0.0000E+00 0.0000E+00 0.0000E+00 0.0000E+00 0.0000E+00 0.0000E+00 -0.9990E+03 -0.9990E+03 -0.9990E+03 -0.9990E+03 -0.9990E+03 -0.9990E+03 -0.9990E+03 0.0000E+00 0.0000E+00 0.0000E+00 0.0000E+00 0.0000E+00 0.0000E+00 0.0000E+00 0.0000E+00 0.0000E+00 0.0000E+00 0.0000E+00 0.0000E+00 0.0000E+00 0.0000E+00 0.0000E+00 0.0000E+00 0.5000E-02 0.2800E-01 0.6900E-01 0.1240E+00 0.3930E+00 0.6100E+00 0.1165E+01 0.7640E+01 0.1638E+01 0.1122E+01 0.1013E+01 0.8280E+00 0.6330E+00 0.6310E+00 0.9550E+00 0.6100E+00 0.5450E+00 0.6330E+00
0.0000E+00 0.0000E+00 0.0000E+00 0.0000E+00 0.0000E+00 0.0000E+00 0.0000E+00 0.0000E+00 0.0000E+00 0.0000E+00 0.0000E+00 0.0000E+00 0.0000E+00 0.0000E+00 -0.9990E+03 -0.9990E+03 -0.9990E+03 -0.9990E+03 -0.9990E+03 -0.9990E+03 -0.9990E+03 0.0000E+00 0.0000E+00 0.0000E+00 0.0000E+00 0.0000E+00 0.0000E+00 0.0000E+00 0.0000E+00 0.0000E+00 0.0000E+00 0.0000E+00 0.0000E+00 0.0000E+00 0.0000E+00 0.0000E+00 0.0000E+00 0.1600E-01 0.5600E-01 0.1140E+00 0.1920E+00 0.2860E+00 0.5570E+00 0.7160E+00 0.1218E+01 0.6512E+01 0.3076E+01 0.2159E+01 0.2345E+01 0.1704E+01 0.1537E+01 0.1553E+01 0.2027E+01 0.1561E+01 0.1079E+01 0.2766E+01
-0.9990E+03 -0.9990E+03 -0.9990E+03 -0.9990E+03 -0.9990E+03 -0.9990E+03 -0.9990E+03 -0.9990E+03 -0.9990E+03 0.0000E+00 0.0000E+00 0.0000E+00 0.0000E+00 -0.9990E+03 -0.9990E+03 -0.9990E+03 -0.9990E+03 -0.9990E+03 -0.9990E+03 -0.9990E+03 -0.9990E+03 0.0000E+00 0.0000E+00 0.0000E+00 0.0000E+00 0.0000E+00 0.0000E+00 0.0000E+00 0.0000E+00 0.0000E+00 0.0000E+00 0.0000E+00 0.0000E+00 0.0000E+00 0.0000E+00 0.1000E-01 0.5100E-01 0.9400E-01 0.1770E+00 0.2890E+00 0.3800E+00 0.7350E+00 0.1230E+01 0.1116E+01 0.3163E+01 0.6032E+01 0.1207E+02 0.1037E+02 0.8419E+01 0.8762E+01 0.9787E+01 0.8307E+01 0.7054E+01 0.6679E+01 0.6450E+01 0.4789E+01
-0.9990E+03 -0.9990E+03 -0.9990E+03 -0.9990E+03 -0.9990E+03 -0.9990E+03 -0.9990E+03 -0.9990E+03 -0.9990E+03 -0.9990E+03 0.0000E+00 0.0000E+00 -0.9990E+03 -0.9990E+03 -0.9990E+03 -0.9990E+03 -0.9990E+03 -0.9990E+03 -0.9990E+03 -0.9990E+03 -0.9990E+03 0.0000E+00 0.0000E+00 0.0000E+00 0.0000E+00 0.0000E+00 0.0000E+00 0.0000E+00 0.0000E+00 0.0000E+00 0.0000E+00 0.0000E+00 0.0000E+00 0.0000E+00 0.1400E-01 0.5100E-01 0.1180E+00 0.2070E+00 0.3510E+00 0.4880E+00 0.8310E+00 0.2357E+01 0.5606E+01 0.5098E+01 0.4070E+01 0.1816E+01 0.1736E+01 0.1399E+01 0.1265E+01 0.1283E+01 0.1478E+01 0.6615E+01 0.2271E+01 0.1365E+01 0.1219E+01 0.9450E+00
-0.9990E+03 -0.9990E+03 -0.9990E+03 -0.9990E+03 -0.9990E+03 -0.9990E+03 -0.9990E+03 -0.9990E+03 -0.9990E+03 -0.9990E+03 -0.9990E+03 -0.9990E+03 -0.9990E+03 -0.9990E+03 -0.9990E+03 -0.9990E+03 -0.9990E+03 -0.9990E+03 -0.9990E+03 -0.9990E+03 -0.9990E+03 0.0000E+00 0.0000E+00 0.0000E+00 0.0000E+00 0.0000E+00 0.0000E+00 0.0000E+00 0.0000E+00 0.0000E+00 0.0000E+00 0.0000E+00 0.5000E-02 0.3400E-01 0.7400E-01 0.1420E+00 0.2620E+00 0.4380E+00 0.8080E+00 0.1264E+01 0.4599E+01 0.5231E+01 0.1065E+01 0.1021E+01 0.9050E+00 0.8240E+00 0.5620E+00 0.5290E+00 0.6410E+00 0.9540E+00 0.1266E+01 0.5092E+01 0.1658E+01 0.9510E+00 0.7010E+00 0.3450E+00
-0.9990E+03 -0.9990E+03 -0.9990E+03 -0.9990E+03 -0.9990E+03 -0.9990E+03 -0.9990E+03 -0.9990E+03 -0.9990E+03 -0.9990E+03 -0.9990E+03 -0.9990E+03 -0.9990E+03 -0.9990E+03 -0.9990E+03 -0.9990E+03 -0.9990E+03 -0.9990E+03 -0.9990E+03 -0.9990E+03 -0.9990E+03 -0.9990E+03 0.0000E+00 0.0000E+00 0.0000E+00 0.0000E+00 0.0000E+00 0.0000E+00 0.0000E+00 0.0000E+00 0.0000E+00 0.7000E-02 0.4300E-01 0.9300E-01 0.1710E+00 0.3010E+00 0.5310E+00 0.9750E+00 0.2990E+01 0.6405E+01 0.1709E+01 0.7270E+00 0.4800E+00 0.4680E+00 0.4690E+00 0.4260E+00 0.4360E+00 0.4120E+00 0.4110E+00 0.5590E+00 0.1048E+01 0.3820E+01 0.4490E+01 0.1311E+01 0.7180E+00 0.3110E+00
-0.9990E+03 -0.9990E+03 -0.9990E+03 -0.9990E+03 -0.9990E+03 -0.9990E+03 -0.9990E+03 -0.9990E+03 -0.9990E+03 -0.9990E+03 -0.9990E+03 -0.9990E+03 -0.9990E+03 -0.9990E+03 -0.9990E+03 -0.9990E+03 -0.9990E+03 -0.9990E+03 -0.9990E+03 -0.9990E+03 -0.9990E+03 -0.9990E+03 -0.9990E+03 0.0000E+00 0.0000E+00 0.0000E+00 0.0000E+00 0.0000E+00 0.0000E+00 0.0000E+00 0.9000E-02 0.2500E-01 0.9000E-01 0.1140E+00 0.2160E+00 0.5090E+00 0.8830E+00 0.3886E+01 0.3300E+01 0.1070E+01 0.5990E+00 0.4140E+00 0.3000E+00 0.1540E+00 0.1240E+00 0.7600E-01 0.4100E-01 0.1100E-01 0.7500E-01 0.2170E+00 0.4780E+00 0.9870E+00 0.5508E+01 0.1147E+01 0.7760E+00 0.4370E+00
-0.9990E+03 -0.9990E+03 -0.9990E+03 -0.9990E+03 -0.9990E+03 -0.9990E+03 -0.9990E+03 -0.9990E+03 -0.9990E+03 -0.9990E+03 -0.9990E+03 -0.9990E+03 -0.9990E+03 -0.9990E+03 -0.9990E+03 -0.9990E+03 -0.9990E+03 -0.9990E+03 -0.9990E+03 -0.9990E+03 -0.9990E+03 -0.9990E+03 -0.9990E+03 0.0000E+00 0.0000E+00 0.0000E+00 0.0000E+00 0.0000E+00 0.0000E+00 0.9000E-02 0.2800E-01 0.7300E-01 0.1850E+00 0.3590E+00 0.7540E+00 0.1899E+01 0.5016E+01 0.1422E+01 0.4860E+00 0.4320E+00 0.2770E+00 0.1440E+00 0.1080E+00 0.4200E-01 0.2200E-01 0.0000E+00 0.0000E+00 0.0000E+00 0.3600E-01 0.1290E+00 0.3130E+00 0.4990E+00 0.1759E+01 0.4698E+01 0.1106E+01 0.7020E+00
-0.9990E+03 -0.9990E+03 -0.9990E+03 -0.9990E+03 -0.9990E+03 -0.9990E+03 -0.9990E+03 -0.9990E+03 -0.9990E+03 -0.9990E+03 -0.9990E+03 -0.9990E+03 -0.9990E+03 -0.9990E+03 -0.9990E+03 -0.9990E+03 -0.9990E+03 -0.9990E+03 -0.9990E+03 -0.9990E+03 -0.9990E+03 -0.9990E+03 -0.9990E+03 -0.9990E+03 0.0000E+00 0.0000E+00 0.0000E+00 0.4000E-02 0.1700E-01 0.4500E-01 0.7900E-01 0.1780E+00 0.3460E+00 0.7420E+00 0.2725E+01 0.4046E+01 0.1069E+01 0.3820E+00 0.3090E+00 0.2080E+00 0.1200E+00 0.6400E-01 0.2700E-01 0.3000E-02 0.0000E+00 0.0000E+00 0.0000E+00 0.0000E+00 0.1200E-01 0.6900E-01 0.1780E+00 0.3270E+00 0.5820E+00 0.4409E+01 0.1730E+01 0.1374E+01
-0.9990E+03 -0.9990E+03 -0.9990E+03 -0.9990E+03 -0.9990E+03 -0.9990E+03 -0.9990E+03 -0.9990E+03 -0.9990E+03 -0.9990E+03 -0.9990E+03 -0.9990E+03 -0.9990E+03 -0.9990E+03 -0.9990E+03 -0.9990E+03 -0.9990E+03 -0.9990E+03 -0.9990E+03 -0.9990E+03 -0.9990E+03 -0.9990E+03 -0.9990E+03 -0.9990E+03 -0.9990E+03 0.0000E+00 0.0000E+00 0.6000E-02 0.2200E-01 0.6000E-01 0.1160E+00 0.2870E+00 0.6570E+00 0.2487E+01 0.2975E+01 0.6090E+00 0.4410E+00 0.2750E+00 0.1580E+00 0.8300E-01 0.3500E-01 0.1200E-01 0.0000E+00 0.0000E+00 0.0000E+00 0.0000E+00 0.0000E+00 0.0000E+00 0.0000E+00 0.3700E-01 0.1060E+00 0.1800E+00 0.3290E+00 0.8820E+00 0.5135E+01 0.5497E+01
-0.9990E+03 -0.9990E+03 -0.9990E+03 -0.9990E+03 -0.9990E+03 -0.9990E+03 -0.9990E+03 -0.9990E+03 -0.9990E+03 -0.9990E+03 -0.9990E+03 -0.9990E+03 -0.9990E+03 -0.9990E+03 -0.9990E+03 -0.9990E+03 -0.9990E+03 -0.9990E+03 -0.9990E+03 -0.9990E+03 -0.9990E+03 -0.9990E+03 -0.9990E+03 -0.9990E+03 -0.9990E+03 0.0000E+00 0.0000E+00 0.7000E-02 0.2900E-01 0.8000E-01 0.2330E+00 0.5490E+00 0.2958E+01 0.1954E+01 0.6410E+00 0.2690E+00 0.1630E+00 0.1370E+00 0.7400E-01 0.3000E-01 0.2000E-02 0.0000E+00 0.0000E+00 0.0000E+00 0.0000E+00 0.0000E+00 0.0000E+00 0.0000E+00 0.0000E+00 0.6000E-02 0.5600E-01 0.1090E+00 0.2040E+00 0.5290E+00 0.1012E+01 0.2503E+01
-0.9990E+03 -0.9990E+03 -0.9990E+03 -0.9990E+03 -0.9990E+03 -0.9990E+03 -0.9990E+03 -0.9990E+03 -0.9990E+03 -0.9990E+03 -0.9990E+03 -0.9990E+03 -0.9990E+03 -0.9990E+03 -0.9990E+03 -0.9990E+03 -0.9990E+03 -0.9990E+03 -0.9990E+03 -0.9990E+03 -0.9990E+03 -0.9990E+03 -0.9990E+03 -0.9990E+03 -0.9990E+03 0.0000E+00 0.0000E+00 0.8000E-02 0.3600E-01 0.1180E+00 0.1246E+01 0.2922E+01 0.1541E+01 0.3580E+00 0.2290E+00 0.1130E+00 0.6500E-01 0.5500E-01 0.2100E-01 0.0000E+00 0.0000E+00 0.0000E+00 0.0000E+00 0.0000E+00 0.0000E+00 0.0000E+00 0.0000E+00 0.0000E+00 0.0000E+00 0.0000E+00 0.2200E-01 0.6100E-01 0.1160E+00 0.2940E+00 0.5310E+00 0.8380E+00
