Data/rwc_PM25_RR2030_2002.asc
NCOLS          280
NROWS          320
XLLCORNER            0
YLLCORNER       300000
CELLSIZE         1000
NODATA_VALUE  -0.9990E+03
[rows 125 to 149 of 320, columns 224 to 279 of 280]
0.0000E+00 0.0000E+00 0.0000E+00 0.0000E+00 0.0000E+00 0.0000E+00 0.0000E+00 0.0000E+00 0.0000E+00 0.0000E+00 0.0000E+00 0.0000E+00 0.1100E-02 0.2000E-02 0.4200E-02 0.1940E-01 0.5000E-02 0.2300E-02 0.1400E-02 0.3000E-03 0.0000E+00 0.0000E+00 0.0000E+00 0.0000E+00 0.0000E+00 0.0000E+00 0.0000E+00 0.0000E+00 0.0000E+00 0.0000E+00 0.0000E+00 0.0000E+00 0.0000E+00 0.0000E+00 0.0000E+00 0.0000E+00 0.0000E+00 0.0000E+00 0.0000E+00 0.0000E+00 0.0000E+00 0.0000E+00 0.0000E+00 -0.9990E+03 -0.9990E+03 -0.9990E+03 -0.9990E+03 -0.9990E+03 -0.9990E+03 -0.9990E+03 -0.9990E+03 -0.9990E+03 -0.9990E+03 -0.9990E+03 -0.9990E+03 -0.9990E+03
0.0000E+00 0.0000E+00 0.0000E+00 0.0000E+00 0.0000E+00 0.0000E+00 0.0000E+00 0.0000E+00 0.0000E+00 0.0000E+00 0.0000E+00 0.0000E+00 0.1000E-02 0.2000E-02 0.4000E-02 0.1910E-01 0.4500E-02 0.2500E-02 0.1700E-02 0.5000E-03 0.0000E+00 0.0000E+00 0.0000E+00 0.0000E+00 0.0000E+00 0.0000E+00 0.0000E+00 0.0000E+00 0.0000E+00 0.0000E+00 0.0000E+00 0.0000E+00 0.0000E+00 0.0000E+00 0.0000E+00 0.0000E+00 0.0000E+00 0.0000E+00 0.0000E+00 0.0000E+00 0.0000E+00 0.0000E+00 0.0000E+00 -0.9990E+03 -0.9990E+03 -0.9990E+03 -0.9990E+03 -0.9990E+03 -0.9990E+03 -0.9990E+03 -0.9990E+03 -0.9990E+03 -0.9990E+03 -0.9990E+03 -0.9990E+03 -0.9990E+03
0.0000E+00 0.0000E+00 0.0000E+00 0.0000E+00 0.0000E+00 0.0000E+00 0.0000E+00 0.0000E+00 0.0000E+00 0.0000E+00 0.0000E+00 0.2000E-03 0.1100E-02 0.1300E-02 0.2200E-02 0.1400E-01 0.7800E-02 0.3900E-02 0.1900E-02 0.5000E-03 0.0000E+00 0.0000E+00 0.0000E+00 0.0000E+00 0.0000E+00 0.0000E+00 0.0000E+00 0.0000E+00 0.0000E+00 0.0000E+00 0.0000E+00 0.0000E+00 0.0000E+00 0.0000E+00 0.0000E+00 0.0000E+00 0.0000E+00 0.0000E+00 0.0000E+00 0.0000E+00 0.0000E+00 0.0000E+00 0.0000E+00 0.0000E+00 -0.9990E+03 -0.9990E+03 -0.9990E+03 -0.9990E+03 -0.9990E+03 -0.9990E+03 -0.9990E+03 -0.9990E+03 -0.9990E+03 -0.9990E+03 -0.9990E+03 -0.9990E+03
0.0000E+00 0.0000E+00 0.0000E+00 0.0000E+00 0.0000E+00 0.0000E+00 0.0000E+00 0.0000E+00 0.0000E+00 0.0000E+00 0.1000E-03 0.4000E-03 0.1300E-02 0.1300E-02 0.1800E-02 0.4100E-02 0.2370E-01 0.4500E-02 0.1700E-02 0.5000E-03 0.0000E+00 0.0000E+00 0.0000E+00 0.0000E+00 0.0000E+00 0.0000E+00 0.0000E+00 0.0000E+00 0.0000E+00 0.0000E+00 0.0000E+00 0.0000E+00 0.0000E+00 0.0000E+00 0.0000E+00 0.0000E+00 0.0000E+00 0.0000E+00 0.0000E+00 0.0000E+00 0.0000E+00 0.0000E+00 0.0000E+00 0.0000E+00 0.0000E+00 -0.9990E+03 -0.9990E+03 -0.9990E+03 -0.9990E+03 -0.9990E+03 -0.9990E+03 -0.9990E+03 -0.9990E+03 -0.9990E+03 -0.9990E+03 -0.9990E+03
0.6000E-03 0.5000E-03 0.6000E-03 0.5000E-03 0.4000E-03 0.3000E-03 0.2000E-03 0.1000E-03 0.0000E+00 0.0000E+00 0.2000E-03 0.6000E-03 0.1500E-02 0.2900E-02 0.5500E-02 0.1740E-01 0.1510E-01 0.3100E-02 0.1300E-02 0.5000E-03 0.0000E+00 0.0000E+00 0.0000E+00 0.0000E+00 0.0000E+00 0.0000E+00 0.0000E+00 0.0000E+00 0.0000E+00 0.0000E+00 0.0000E+00 0.0000E+00 0.0000E+00 0.0000E+00 0.0000E+00 0.0000E+00 0.0000E+00 0.0000E+00 0.0000E+00 0.0000E+00 0.0000E+00 0.0000E+00 0.0000E+00 0.0000E+00 0.0000E+00 0.0000E+00 -0.9990E+03 -0.9990E+03 -0.9990E+03 -0.9990E+03 -0.9990E+03 -0.9990E+03 -0.9990E+03 -0.9990E+03 -0.9990E+03 -0.9990E+03
0.1200E-02 0.9000E-03 0.9000E-03 0.8000E-03 0.9000E-03 0.9000E-03 0.9000E-03 0.9000E-03 0.1000E-02 0.1000E-02 0.1000E-02 0.1600E-02 0.2600E-02 0.5700E-02 0.2220E-01 0.1210E-01 0.4000E-02 0.2100E-02 0.8000E-03 0.3000E-03 0.0000E+00 0.0000E+00 0.0000E+00 0.0000E+00 0.0000E+00 0.0000E+00 0.0000E+00 0.0000E+00 0.0000E+00 0.0000E+00 0.0000E+00 0.0000E+00 0.0000E+00 0.0000E+00 0.0000E+00 0.0000E+00 0.0000E+00 0.0000E+00 0.0000E+00 0.0000E+00 0.0000E+00 0.0000E+00 0.0000E+00 0.0000E+00 0.0000E+00 0.0000E+00 -0.9990E+03 -0.9990E+03 -0.9990E+03 -0.9990E+03 -0.9990E+03 -0.9990E+03 -0.9990E+03 -0.9990E+03 -0.9990E+03 -0.9990E+03
0.2600E-02 0.1800E-02 0.1700E-02 0.1800E-02 0.1900E-02 0.1200E-02 0.1300E-02 0.1500E-02 0.1700E-02 0.1900E-02 0.2000E-02 0.2700E-02 0.4500E-02 0.2060E-01 0.6700E-02 0.3500E-02 0.2000E-02 0.1600E-02 0.3000E-03 0.1000E-03 0.0000E+00 0.0000E+00 0.0000E+00 0.0000E+00 0.0000E+00 0.0000E+00 0.0000E+00 0.0000E+00 0.0000E+00 0.0000E+00 0.0000E+00 0.0000E+00 0.0000E+00 0.0000E+00 0.0000E+00 0.0000E+00 0.0000E+00 0.0000E+00 0.0000E+00 0.0000E+00 0.0000E+00 0.0000E+00 0.0000E+00 0.0000E+00 0.0000E+00 0.0000E+00 -0.9990E+03 -0.9990E+03 -0.9990E+03 -0.9990E+03 -0.9990E+03 -0.9990E+03 -0.9990E+03 -0.9990E+03 -0.9990E+03 -0.9990E+03
0.1040E-01 0.8900E-02 0.9600E-02 0.9300E-02 0.9400E-02 0.2300E-02 0.2600E-02 0.3200E-02 0.3800E-02 0.4300E-02 0.4800E-02 0.5500E-02 0.5400E-02 0.4900E-02 0.2250E-01 0.4800E-02 0.2100E-02 0.9000E-03 0.1000E-03 0.0000E+00 0.0000E+00 0.0000E+00 0.0000E+00 0.0000E+00 0.0000E+00 0.0000E+00 0.0000E+00 0.0000E+00 0.0000E+00 0.0000E+00 0.0000E+00 0.0000E+00 0.0000E+00 0.0000E+00 0.0000E+00 0.0000E+00 0.0000E+00 0.0000E+00 0.0000E+00 0.0000E+00 0.0000E+00 0.0000E+00 0.0000E+00 0.0000E+00 0.0000E+00 0.0000E+00 -0.9990E+03 -0.9990E+03 -0.9990E+03 -0.9990E+03 -0.9990E+03 -0.9990E+03 -0.9990E+03 -0.9990E+03 -0.9990E+03 -0.9990E+03
0.1400E-02 0.1400E-02 0.1300E-02 0.1400E-02 0.4900E-02 0.1040E-01 0.1100E-01 0.1280E-01 0.1600E-01 0.1690E-01 0.1520E-01 0.1580E-01 0.5200E-02 0.5700E-02 0.2420E-01 0.5700E-02 0.2300E-02 0.1000E-02 0.0000E+00 0.0000E+00 0.0000E+00 0.0000E+00 0.0000E+00 0.0000E+00 0.0000E+00 0.0000E+00 0.0000E+00 0.0000E+00 0.0000E+00 0.0000E+00 0.0000E+00 0.0000E+00 0.0000E+00 0.0000E+00 0.0000E+00 0.0000E+00 0.0000E+00 0.0000E+00 0.0000E+00 0.0000E+00 0.0000E+00 0.0000E+00 0.0000E+00 0.0000E+00 0.0000E+00 0.0000E+00 -0.9990E+03 -0.9990E+03 -0.9990E+03 -0.9990E+03 -0.9990E+03 -0.9990E+03 -0.9990E+03 -0.9990E+03 -0.9990E+03 -0.9990E+03
0.7000E-03 0.8000E-03 0.7000E-03 0.7000E-03 0.9000E-03 0.1200E-02 0.1500E-02 0.2300E-02 0.2500E-02 0.3100E-02 0.4300E-02 0.9600E-02 0.2990E-01 0.1620E-01 0.3700E-01 0.1000E-01 0.4400E-02 0.2400E-02 0.1500E-02 0.1200E-02 0.1100E-02 0.3000E-03 0.0000E+00 0.0000E+00 0.0000E+00 0.0000E+00 0.0000E+00 0.0000E+00 0.0000E+00 0.0000E+00 0.0000E+00 0.0000E+00 0.0000E+00 0.0000E+00 0.0000E+00 0.0000E+00 0.0000E+00 0.0000E+00 0.0000E+00 0.0000E+00 0.0000E+00 0.0000E+00 0.0000E+00 0.0000E+00 0.0000E+00 0.0000E+00 -0.9990E+03 -0.9990E+03 -0.9990E+03 -0.9990E+03 -0.9990E+03 -0.9990E+03 -0.9990E+03 -0.9990E+03 -0.9990E+03 -0.9990E+03
0.5000E-03 0.5000E-03 0.5000E-03 0.5000E-03 0.5000E-03 0.7000E-03 0.9000E-03 0.1000E-02 0.1100E-02 0.1500E-02 0.3000E-02 0.5400E-02 0.1130E-01 0.7050E-01 0.2490E-01 0.7700E-02 0.5200E-02 0.4700E-02 0.3900E-02 0.3500E-02 0.4200E-02 0.2900E-02 0.1700E-02 0.7000E-03 0.0000E+00 0.0000E+00 0.0000E+00 0.0000E+00 0.0000E+00 0.0000E+00 0.0000E+00 0.0000E+00 0.0000E+00 0.0000E+00 0.0000E+00 0.0000E+00 0.1000E-03 0.2000E-03 0.5000E-03 0.7000E-03 0.1200E-02 0.1600E-02 0.1600E-02 0.1100E-02 0.8000E-03 -0.9990E+03 -0.9990E+03 -0.9990E+03 -0.9990E+03 -0.9990E+03 -0.9990E+03 -0.9990E+03 -0.9990E+03 -0.9990E+03 -0.9990E+03 -0.9990E+03
0.0000E+00 0.0000E+00 0.1000E-03 0.1000E-03 0.2000E-03 0.3000E-03 0.5000E-03 0.6000E-03 0.7000E-03 0.9000E-03 0.2000E-02 0.4500E-02 0.9000E-02 0.3000E-01 0.5180E-01 0.9900E-02 0.9000E-02 0.1000E-01 0.9900E-02 0.8600E-02 0.1080E-01 0.8500E-02 0.5800E-02 0.3000E-02 0.1100E-02 0.0000E+00 0.0000E+00 0.0000E+00 0.0000E+00 0.0000E+00 0.0000E+00 0.0000E+00 0.0000E+00 0.0000E+00 0.0000E+00 0.1000E-03 0.3000E-03 0.6000E-03 0.9000E-03 0.1700E-02 0.2600E-02 0.3200E-02 0.3100E-02 0.1800E-02 0.2000E-02 -0.9990E+03 -0.9990E+03 -0.9990E+03 -0.9990E+03 -0.9990E+03 -0.9990E+03 -0.9990E+03 -0.9990E+03 -0.9990E+03 -0.9990E+03 -0.9990E+03
0.0000E+00 0.0000E+00 0.0000E+00 0.0000E+00 0.0000E+00 0.0000E+00 0.0000E+00 0.0000E+00 0.0000E+00 0.2000E-03 0.1100E-02 0.2900E-02 0.4900E-02 0.8400E-02 0.1870E-01 0.5180E-01 0.5740E-01 0.7470E-01 0.4620E-01 0.2790E-01 0.2530E-01 0.1590E-01 0.9100E-02 0.6000E-02 0.2900E-02 0.1100E-02 0.0000E+00 0.0000E+00 0.0000E+00 0.4000E-03 0.8000E-03 0.1400E-02 0.1800E-02 0.2000E-02 0.1500E-02 0.1600E-02 0.1400E-02 0.2000E-02 0.2600E-02 0.4300E-02 0.5800E-02 0.7600E-02 0.8000E-02 0.5900E-02 0.3000E-02 -0.9990E+03 -0.9990E+03 -0.9990E+03 -0.9990E+03 -0.9990E+03 -0.9990E+03 -0.9990E+03 -0.9990E+03 -0.9990E+03 -0.9990E+03 -0.9990E+03
0.0000E+00 0.0000E+00 0.0000E+00 0.0000E+00 0.0000E+00 0.0000E+00 0.0000E+00 0.0000E+00 0.2000E-03 0.3000E-03 0.1800E-02 0.3200E-02 0.5500E-02 0.8000E-02 0.1210E-01 0.1680E-01 0.2130E-01 0.2540E-01 0.6000E-01 0.9320E-01 0.8880E-01 0.3330E-01 0.1980E-01 0.1230E-01 0.6600E-02 0.6700E-02 0.4900E-02 0.3300E-02 0.2900E-02 0.2800E-02 0.2900E-02 0.3300E-02 0.3600E-02 0.3900E-02 0.3200E-02 0.2600E-02 0.2300E-02 0.3800E-02 0.6000E-02 0.1500E-01 0.2310E-01 0.3270E-01 0.3380E-01 0.2950E-01 0.4000E-02 -0.9990E+03 -0.9990E+03 -0.9990E+03 -0.9990E+03 -0.9990E+03 -0.9990E+03 -0.9990E+03 -0.9990E+03 -0.9990E+03 -0.9990E+03 -0.9990E+03
0.0000E+00 0.0000E+00 0.0000E+00 0.3000E-03 0.1200E-02 0.2100E-02 0.1900E-02 0.2500E-02 0.3100E-02 0.5700E-02 0.6800E-02 0.7800E-02 0.9100E-02 0.1140E-01 0.1380E-01 0.1720E-01 0.2400E-01 0.2970E-01 0.6430E-01 0.1006E+00 0.8940E-01 0.1108E+00 0.3300E-01 0.1150E-01 0.8700E-02 0.1130E-01 0.8800E-02 0.6700E-02 0.5900E-02 0.4800E-02 0.6100E-02 0.8100E-02 0.1030E-01 0.1150E-01 0.9400E-02 0.5100E-02 0.3900E-02 0.7100E-02 0.1820E-01 0.2700E-01 0.6900E-02 0.5900E-02 0.5000E-02 0.4000E-02 -0.9990E+03 -0.9990E+03 -0.9990E+03 -0.9990E+03 -0.9990E+03 -0.9990E+03 -0.9990E+03 -0.9990E+03 -0.9990E+03 -0.9990E+03 -0.9990E+03 -0.9990E+03
0.0000E+00 0.1000E-03 0.6000E-03 0.1100E-02 0.3200E-02 0.5100E-02 0.5000E-02 0.5700E-02 0.6000E-02 0.6600E-02 0.1090E-01 0.1080E-01 0.8300E-02 0.2070E-01 0.2410E-01 0.2770E-01 0.6940E-01 0.8900E-01 0.7050E-01 0.2570E-01 0.2510E-01 0.5550E-01 0.1111E+00 0.2170E-01 0.1660E-01 0.2090E-01 0.1610E-01 0.9400E-02 0.7100E-02 0.6700E-02 0.1050E-01 0.1700E-01 0.6310E-01 0.4920E-01 0.3510E-01 0.2010E-01 0.1150E-01 0.3120E-01 0.2070E-01 0.5400E-02 0.3500E-02 0.2600E-02 0.2100E-02 0.1500E-02 -0.9990E+03 -0.9990E+03 -0.9990E+03 -0.9990E+03 -0.9990E+03 -0.9990E+03 -0.9990E+03 -0.9990E+03 -0.9990E+03 -0.9990E+03 -0.9990E+03 -0.9990E+03
0.4000E-03 0.1000E-02 0.1900E-02 0.2900E-02 0.7100E-02 0.1120E-01 0.1850E-01 0.1480E-01 0.1400E-01 0.1410E-01 0.2990E-01 0.3670E-01 0.2090E-01 0.8340E-01 0.8540E-01 0.8060E-01 0.3690E-01 0.1750E-01 0.1410E-01 0.7900E-02 0.9000E-02 0.1850E-01 0.6100E-01 0.1445E+00 0.9350E-01 0.6760E-01 0.6470E-01 0.6380E-01 0.1870E-01 0.9700E-02 0.2020E-01 0.6590E-01 0.1410E-01 0.7800E-02 0.7800E-02 0.1710E-01 0.2450E-01 0.6300E-02 0.4100E-02 0.2700E-02 0.2200E-02 0.1600E-02 0.1200E-02 0.6000E-03 -0.9990E+03 -0.9990E+03 -0.9990E+03 -0.9990E+03 -0.9990E+03 -0.9990E+03 -0.9990E+03 -0.9990E+03 -0.9990E+03 -0.9990E+03 -0.9990E+03 -0.9990E+03
0.2300E-02 0.3100E-02 0.6000E-02 0.1140E-01 0.1690E-01 0.2400E-01 0.8070E-01 0.8350E-01 0.7420E-01 0.8370E-01 0.7640E-01 0.4830E-01 0.6820E-01 0.1950E-01 0.1440E-01 0.1250E-01 0.1060E-01 0.7900E-02 0.4500E-02 0.5200E-02 0.9600E-02 0.1400E-01 0.1610E-01 0.8560E-01 0.3340E-01 0.1640E-01 0.1060E-01 0.9100E-02 0.3840E-01 0.5470E-01 0.5490E-01 0.1030E-01 0.6100E-02 0.4800E-02 0.3300E-02 0.2900E-02 0.3300E-02 0.2100E-02 0.1500E-02 0.1200E-02 0.7000E-03 0.3000E-03 0.1000E-03 0.0000E+00 -0.9990E+03 -0.9990E+03 -0.9990E+03 -0.9990E+03 -0.9990E+03 -0.9990E+03 -0.9990E+03 -0.9990E+03 -0.9990E+03 -0.9990E+03 -0.9990E+03 -0.9990E+03
0.9800E-02 0.8300E-02 0.1430E-01 0.1560E-01 0.5050E-01 0.8280E-01 0.3210E-01 0.1720E-01 0.1300E-01 0.1550E-01 0.1370E-01 0.1200E-01 0.1130E-01 0.8700E-02 0.7200E-02 0.6100E-02 0.4500E-02 0.3600E-02 0.2000E-02 0.2100E-02 0.5100E-02 0.9300E-02 0.1050E-01 0.3350E-01 0.6940E-01 0.1340E-01 0.7600E-02 0.5700E-02 0.5300E-02 0.6600E-02 0.8200E-02 0.4500E-02 0.4100E-02 0.3000E-02 0.2000E-02 0.1900E-02 0.1600E-02 0.1200E-02 0.6000E-03 0.6000E-03 0.2000E-03 0.1000E-03 0.0000E+00 0.0000E+00 -0.9990E+03 -0.9990E+03 -0.9990E+03 -0.9990E+03 -0.9990E+03 -0.9990E+03 -0.9990E+03 -0.9990E+03 -0.9990E+03 -0.9990E+03 -0.9990E+03 -0.9990E+03
0.2220E-01 0.2570E-01 0.2330E-01 0.7330E-01 0.7330E-01 0.1890E-01 0.1140E-01 0.8400E-02 0.7300E-02 0.6700E-02 0.6400E-02 0.5900E-02 0.5400E-02 0.4500E-02 0.3400E-02 0.2700E-02 0.1900E-02 0.1200E-02 0.6000E-03 0.3000E-03 0.1500E-02 0.3700E-02 0.7300E-02 0.1760E-01 0.6870E-01 0.1340E-01 0.7400E-02 0.5300E-02 0.3300E-02 0.3000E-02 0.2600E-02 0.1700E-02 0.1300E-02 0.1300E-02 0.7000E-03 0.3000E-03 0.3000E-03 0.3000E-03 0.2000E-03 0.1000E-03 0.0000E+00 0.0000E+00 0.0000E+00 0.0000E+00 0.0000E+00 -0.9990E+03 -0.9990E+03 -0.9990E+03 -0.9990E+03 -0.9990E+03 -0.9990E+03 -0.9990E+03 -0.9990E+03 -0.9990E+03 -0.9990E+03 -0.9990E+03
0.8430E-01 0.9570E-01 0.1008E+00 0.4470E-01 0.1640E-01 0.9800E-02 0.6600E-02 0.5000E-02 0.4100E-02 0.3700E-02 0.3200E-02 0.2600E-02 0.2000E-02 0.1100E-02 0.7000E-03 0.4000E-03 0.0000E+00 0.0000E+00 0.0000E+00 0.0000E+00 0.6000E-03 0.2900E-02 0.6400E-02 0.1590E-01 0.8040E-01 0.1280E-01 0.7200E-02 0.5000E-02 0.3700E-02 0.2600E-02 0.1100E-02 0.8000E-03 0.6000E-03 0.3000E-03 0.0000E+00 0.0000E+00 0.0000E+00 0.0000E+00 0.0000E+00 0.0000E+00 0.0000E+00 0.0000E+00 0.0000E+00 0.0000E+00 0.0000E+00 0.0000E+00 -0.9990E+03 -0.9990E+03 -0.9990E+03 -0.9990E+03 -0.9990E+03 -0.9990E+03 -0.9990E+03 -0.9990E+03 -0.9990E+03 -0.9990E+03
0.4190E-01 0.2090E-01 0.1700E-01 0.1170E-01 0.7300E-02 0.4500E-02 0.2600E-02 0.1400E-02 0.4000E-03 0.1000E-03 0.0000E+00 0.0000E+00 0.0000E+00 0.0000E+00 0.0000E+00 0.0000E+00 0.0000E+00 0.0000E+00 0.0000E+00 0.0000E+00 0.1000E-03 0.3000E-02 0.4400E-02 0.1420E-01 0.8090E-01 0.1810E-01 0.1170E-01 0.1030E-01 0.5000E-02 0.2800E-02 0.1000E-02 0.2000E-03 0.0000E+00 0.0000E+00 0.0000E+00 0.0000E+00 0.0000E+00 0.0000E+00 0.0000E+00 0.0000E+00 0.0000E+00 0.0000E+00 0.0000E+00 0.0000E+00 0.0000E+00 0.0000E+00 -0.9990E+03 -0.9990E+03 -0.9990E+03 -0.9990E+03 -0.9990E+03 -0.9990E+03 -0.9990E+03 -0.9990E+03 -0.9990E+03 -0.9990E+03
0.1240E-01 0.9600E-02 0.7100E-02 0.5100E-02 0.3600E-02 0.2200E-02 0.7000E-03 0.3000E-03 0.0000E+00 0.0000E+00 0.0000E+00 0.0000E+00 0.0000E+00 0.0000E+00 0.0000E+00 0.0000E+00 0.0000E+00 0.0000E+00 0.0000E+00 0.0000E+00 0.0000E+00 0.2100E-02 0.3900E-02 0.8100E-02 0.1620E-01 0.7110E-01 0.5040E-01 0.1720E-01 0.9300E-02 0.5500E-02 0.2600E-02 0.1800E-02 0.1500E-02 0.1200E-02 0.9000E-03 0.8000E-03 0.7000E-03 0.6000E-03 0.4000E-03 0.1000E-03 0.0000E+00 0.0000E+00 0.0000E+00 0.0000E+00 0.0000E+00 0.0000E+00 -0.9990E+03 -0.9990E+03 -0.9990E+03 -0.9990E+03 -0.9990E+03 -0.9990E+03 -0.9990E+03 -0.9990E+03 -0.9990E+03 -0.9990E+03
0.6500E-02 0.5000E-02 0.3700E-02 0.2500E-02 0.1600E-02 0.7000E-03 0.2000E-03 0.0000E+00 0.0000E+00 0.0000E+00 0.0000E+00 0.0000E+00 0.0000E+00 0.0000E+00 0.0000E+00 0.0000E+00 0.0000E+00 0.0000E+00 0.0000E+00 0.0000E+00 0.0000E+00 0.1100E-02 0.2000E-02 0.4600E-02 0.8200E-02 0.1240E-01 0.4190E-01 0.5320E-01 0.1260E-01 0.7800E-02 0.3600E-02 0.2900E-02 0.2300E-02 0.1900E-02 0.1500E-02 0.1400E-02 0.1300E-02 0.9000E-03 0.6000E-03 0.4000E-03 0.3000E-03 -0.9990E+03 -0.9990E+03 -0.9990E+03 -0.9990E+03 -0.9990E+03 -0.9990E+03 -0.9990E+03 -0.9990E+03 -0.9990E+03 -0.9990E+03 -0.9990E+03 -0.9990E+03 -0.9990E+03 -0.9990E+03 -0.9990E+03
0.2100E-02 0.1500E-02 0.8000E-03 0.1000E-03 0.0000E+00 0.0000E+00 0.0000E+00 0.0000E+00 0.0000E+00 0.0000E+00 0.0000E+00 0.0000E+00 0.0000E+00 0.0000E+00 0.0000E+00 0.0000E+00 0.0000E+00 0.0000E+00 0.0000E+00 0.0000E+00 0.0000E+00 0.6000E-03 0.1400E-02 0.2300E-02 0.4500E-02 0.6900E-02 0.1200E-01 0.4870E-01 0.3770E-01 0.1000E-01 0.9900E-02 0.5300E-02 0.4100E-02 0.3800E-02 0.3300E-02 0.3400E-02 0.3800E-02 0.1600E-02 0.8000E-03 0.4000E-03 -0.9990E+03 -0.9990E+03 -0.9990E+03 -0.9990E+03 -0.9990E+03 -0.9990E+03 -0.9990E+03 -0.9990E+03 -0.9990E+03 -0.9990E+03 -0.9990E+03 -0.9990E+03 -0.9990E+03 -0.9990E+03 -0.9990E+03 -0.9990E+03
