Data/rwc_PM10_RR2030_2002.asc
NCOLS          280
NROWS          320
XLLCORNER            0
YLLCORNER       300000
CELLSIZE         1000
NODATA_VALUE  -0.9990E+03
[rows 125 to 149 of 320, columns 224 to 279 of 280]
0.0000E+00 0.0000E+00 0.0000E+00 0.0000E+00 0.0000E+00 0.0000E+00 0.0000E+00 0.0000E+00 0.0000E+00 0.0000E+00 0.0000E+00 0.0000E+00 0.3100E-02 0.6100E-02 0.1410E-01 0.8180E-01 0.1740E-01 0.7400E-02 0.4200E-02 0.8000E-03 0.0000E+00 0.0000E+00 0.0000E+00 0.0000E+00 0.0000E+00 0.0000E+00 0.0000E+00 0.0000E+00 0.0000E+00 0.0000E+00 0.0000E+00 0.0000E+00 0.0000E+00 0.0000E+00 0.0000E+00 0.0000E+00 0.0000E+00 0.0000E+00 0.0000E+00 0.0000E+00 0.0000E+00 0.0000E+00 0.0000E+00 -0.9990E+03 -0.9990E+03 -0.9990E+03 -0.9990E+03 -0.9990E+03 -0.9990E+03 -0.9990E+03 -0.9990E+03 -0.9990E+03 -0.9990E+03 -0.9990E+03 -0.9990E+03 -0.9990E+03
0.0000E+00 0.0000E+00 0.0000E+00 0.0000E+00 0.0000E+00 0.0000E+00 0.0000E+00 0.0000E+00 0.0000E+00 0.0000E+00 0.0000E+00 0.0000E+00 0.3000E-02 0.6100E-02 0.1360E-01 0.8100E-01 0.1630E-01 0.8200E-02 0.5200E-02 0.1500E-02 0.0000E+00 0.0000E+00 0.0000E+00 0.0000E+00 0.0000E+00 0.0000E+00 0.0000E+00 0.0000E+00 0.0000E+00 0.0000E+00 0.0000E+00 0.0000E+00 0.0000E+00 0.0000E+00 0.0000E+00 0.0000E+00 0.0000E+00 0.0000E+00 0.0000E+00 0.0000E+00 0.0000E+00 0.0000E+00 0.0000E+00 -0.9990E+03 -0.9990E+03 -0.9990E+03 -0.9990E+03 -0.9990E+03 -0.9990E+03 -0.9990E+03 -0.9990E+03 -0.9990E+03 -0.9990E+03 -0.9990E+03 -0.9990E+03 -0.9990E+03
0.0000E+00 0.0000E+00 0.0000E+00 0.0000E+00 0.0000E+00 0.0000E+00 0.0000E+00 0.0000E+00 0.0000E+00 0.0000E+00 0.0000E+00 0.4000E-03 0.3000E-02 0.4200E-02 0.8000E-02 0.6070E-01 0.3030E-01 0.1300E-01 0.5900E-02 0.1700E-02 0.0000E+00 0.0000E+00 0.0000E+00 0.0000E+00 0.0000E+00 0.0000E+00 0.0000E+00 0.0000E+00 0.0000E+00 0.0000E+00 0.0000E+00 0.0000E+00 0.0000E+00 0.0000E+00 0.0000E+00 0.0000E+00 0.0000E+00 0.0000E+00 0.0000E+00 0.0000E+00 0.0000E+00 0.0000E+00 0.0000E+00 0.0000E+00 -0.9990E+03 -0.9990E+03 -0.9990E+03 -0.9990E+03 -0.9990E+03 -0.9990E+03 -0.9990E+03 -0.9990E+03 -0.9990E+03 -0.9990E+03 -0.9990E+03 -0.9990E+03
0.0000E+00 0.0000E+00 0.0000E+00 0.0000E+00 0.0000E+00 0.0000E+00 0.0000E+00 0.0000E+00 0.0000E+00 0.0000E+00 0.4000E-03 0.1100E-02 0.3600E-02 0.4500E-02 0.6800E-02 0.1600E-01 0.1005E+00 0.1610E-01 0.5600E-02 0.1700E-02 0.0000E+00 0.0000E+00 0.0000E+00 0.0000E+00 0.0000E+00 0.0000E+00 0.0000E+00 0.0000E+00 0.0000E+00 0.0000E+00 0.0000E+00 0.0000E+00 0.0000E+00 0.0000E+00 0.0000E+00 0.0000E+00 0.0000E+00 0.0000E+00 0.0000E+00 0.0000E+00 0.0000E+00 0.0000E+00 0.0000E+00 0.0000E+00 0.0000E+00 -0.9990E+03 -0.9990E+03 -0.9990E+03 -0.9990E+03 -0.9990E+03 -0.9990E+03 -0.9990E+03 -0.9990E+03 -0.9990E+03 -0.9990E+03 -0.9990E+03
0.2000E-02 0.1800E-02 0.1700E-02 0.1400E-02 0.1200E-02 0.9000E-03 0.5000E-03 0.2000E-03 0.0000E+00 0.0000E+00 0.5000E-03 0.1800E-02 0.4400E-02 0.9400E-02 0.1960E-01 0.7180E-01 0.6310E-01 0.1090E-01 0.4300E-02 0.1400E-02 0.0000E+00 0.0000E+00 0.0000E+00 0.0000E+00 0.0000E+00 0.0000E+00 0.0000E+00 0.0000E+00 0.0000E+00 0.0000E+00 0.0000E+00 0.0000E+00 0.0000E+00 0.0000E+00 0.0000E+00 0.0000E+00 0.0000E+00 0.0000E+00 0.0000E+00 0.0000E+00 0.0000E+00 0.0000E+00 0.0000E+00 0.0000E+00 0.0000E+00 0.0000E+00 -0.9990E+03 -0.9990E+03 -0.9990E+03 -0.9990E+03 -0.9990E+03 -0.9990E+03 -0.9990E+03 -0.9990E+03 -0.9990E+03 -0.9990E+03
0.4000E-02 0.2900E-02 0.2900E-02 0.2800E-02 0.2900E-02 0.2800E-02 0.2600E-02 0.2800E-02 0.3000E-02 0.3000E-02 0.3200E-02 0.5000E-02 0.8100E-02 0.2030E-01 0.9320E-01 0.4930E-01 0.1400E-01 0.6600E-02 0.2500E-02 0.8000E-03 0.0000E+00 0.0000E+00 0.0000E+00 0.0000E+00 0.0000E+00 0.0000E+00 0.0000E+00 0.0000E+00 0.0000E+00 0.0000E+00 0.0000E+00 0.0000E+00 0.0000E+00 0.0000E+00 0.0000E+00 0.0000E+00 0.0000E+00 0.0000E+00 0.0000E+00 0.0000E+00 0.0000E+00 0.0000E+00 0.0000E+00 0.0000E+00 0.0000E+00 0.0000E+00 -0.9990E+03 -0.9990E+03 -0.9990E+03 -0.9990E+03 -0.9990E+03 -0.9990E+03 -0.9990E+03 -0.9990E+03 -0.9990E+03 -0.9990E+03
0.9200E-02 0.6500E-02 0.6400E-02 0.6400E-02 0.6900E-02 0.4400E-02 0.4300E-02 0.4800E-02 0.5400E-02 0.6000E-02 0.6300E-02 0.8500E-02 0.1470E-01 0.8600E-01 0.2700E-01 0.1290E-01 0.6900E-02 0.4800E-02 0.9000E-03 0.4000E-03 0.0000E+00 0.0000E+00 0.0000E+00 0.0000E+00 0.0000E+00 0.0000E+00 0.0000E+00 0.0000E+00 0.0000E+00 0.0000E+00 0.0000E+00 0.0000E+00 0.0000E+00 0.0000E+00 0.0000E+00 0.0000E+00 0.0000E+00 0.0000E+00 0.0000E+00 0.0000E+00 0.0000E+00 0.0000E+00 0.0000E+00 0.0000E+00 0.0000E+00 0.0000E+00 -0.9990E+03 -0.9990E+03 -0.9990E+03 -0.9990E+03 -0.9990E+03 -0.9990E+03 -0.9990E+03 -0.9990E+03 -0.9990E+03 -0.9990E+03
0.4420E-01 0.3810E-01 0.4160E-01 0.4020E-01 0.3980E-01 0.8900E-02 0.9000E-02 0.1120E-01 0.1350E-01 0.1490E-01 0.1580E-01 0.1760E-01 0.1730E-01 0.1840E-01 0.9750E-01 0.1740E-01 0.7200E-02 0.3200E-02 0.4000E-03 0.1000E-03 0.0000E+00 0.0000E+00 0.0000E+00 0.0000E+00 0.0000E+00 0.0000E+00 0.0000E+00 0.0000E+00 0.0000E+00 0.0000E+00 0.0000E+00 0.0000E+00 0.0000E+00 0.0000E+00 0.0000E+00 0.0000E+00 0.0000E+00 0.0000E+00 0.0000E+00 0.0000E+00 0.0000E+00 0.0000E+00 0.0000E+00 0.0000E+00 0.0000E+00 0.0000E+00 -0.9990E+03 -0.9990E+03 -0.9990E+03 -0.9990E+03 -0.9990E+03 -0.9990E+03 -0.9990E+03 -0.9990E+03 -0.9990E+03 -0.9990E+03
0.5000E-02 0.4800E-02 0.4500E-02 0.5200E-02 0.2080E-01 0.4510E-01 0.4730E-01 0.5460E-01 0.6750E-01 0.7090E-01 0.6190E-01 0.6250E-01 0.1960E-01 0.2170E-01 0.1037E+00 0.2080E-01 0.8200E-02 0.3400E-02 0.1000E-03 0.0000E+00 0.0000E+00 0.0000E+00 0.0000E+00 0.0000E+00 0.0000E+00 0.0000E+00 0.0000E+00 0.0000E+00 0.0000E+00 0.0000E+00 0.0000E+00 0.0000E+00 0.0000E+00 0.0000E+00 0.0000E+00 0.0000E+00 0.0000E+00 0.0000E+00 0.0000E+00 0.0000E+00 0.0000E+00 0.0000E+00 0.0000E+00 0.0000E+00 0.0000E+00 0.0000E+00 -0.9990E+03 -0.9990E+03 -0.9990E+03 -0.9990E+03 -0.9990E+03 -0.9990E+03 -0.9990E+03 -0.9990E+03 -0.9990E+03 -0.9990E+03
0.2300E-02 0.2400E-02 0.2200E-02 0.2500E-02 0.3300E-02 0.4400E-02 0.5400E-02 0.7600E-02 0.8600E-02 0.1050E-01 0.1400E-01 0.3440E-01 0.1245E+00 0.6390E-01 0.1507E+00 0.3350E-01 0.1470E-01 0.8300E-02 0.5000E-02 0.3700E-02 0.2900E-02 0.7000E-03 0.0000E+00 0.0000E+00 0.0000E+00 0.0000E+00 0.0000E+00 0.0000E+00 0.0000E+00 0.0000E+00 0.0000E+00 0.0000E+00 0.0000E+00 0.0000E+00 0.0000E+00 0.0000E+00 0.0000E+00 0.0000E+00 0.0000E+00 0.0000E+00 0.0000E+00 0.0000E+00 0.0000E+00 0.0000E+00 0.0000E+00 0.0000E+00 -0.9990E+03 -0.9990E+03 -0.9990E+03 -0.9990E+03 -0.9990E+03 -0.9990E+03 -0.9990E+03 -0.9990E+03 -0.9990E+03 -0.9990E+03
0.1500E-02 0.1400E-02 0.1400E-02 0.1400E-02 0.1700E-02 0.2200E-02 0.2800E-02 0.3200E-02 0.3300E-02 0.4600E-02 0.9100E-02 0.1720E-01 0.4000E-01 0.2990E+00 0.9470E-01 0.2750E-01 0.1810E-01 0.1600E-01 0.1310E-01 0.1160E-01 0.1240E-01 0.8300E-02 0.4800E-02 0.2000E-02 0.0000E+00 0.0000E+00 0.0000E+00 0.0000E+00 0.0000E+00 0.0000E+00 0.0000E+00 0.0000E+00 0.0000E+00 0.0000E+00 0.0000E+00 0.0000E+00 0.2000E-03 0.5000E-03 0.1300E-02 0.2100E-02 0.3700E-02 0.4800E-02 0.5100E-02 0.3800E-02 0.2800E-02 -0.9990E+03 -0.9990E+03 -0.9990E+03 -0.9990E+03 -0.9990E+03 -0.9990E+03 -0.9990E+03 -0.9990E+03 -0.9990E+03 -0.9990E+03 -0.9990E+03
0.0000E+00 0.0000E+00 0.2000E-03 0.4000E-03 0.6000E-03 0.1000E-02 0.1400E-02 0.1700E-02 0.2000E-02 0.2400E-02 0.6100E-02 0.1370E-01 0.3000E-01 0.1207E+00 0.2142E+00 0.3750E-01 0.3310E-01 0.3700E-01 0.3500E-01 0.2940E-01 0.3340E-01 0.2580E-01 0.1700E-01 0.8500E-02 0.2900E-02 0.0000E+00 0.0000E+00 0.0000E+00 0.0000E+00 0.0000E+00 0.0000E+00 0.0000E+00 0.0000E+00 0.0000E+00 0.0000E+00 0.2000E-03 0.8000E-03 0.1900E-02 0.2900E-02 0.5500E-02 0.8200E-02 0.1020E-01 0.1010E-01 0.6400E-02 0.6300E-02 -0.9990E+03 -0.9990E+03 -0.9990E+03 -0.9990E+03 -0.9990E+03 -0.9990E+03 -0.9990E+03 -0.9990E+03 -0.9990E+03 -0.9990E+03 -0.9990E+03
0.0000E+00 0.0000E+00 0.0000E+00 0.0000E+00 0.0000E+00 0.0000E+00 0.0000E+00 0.0000E+00 0.1000E-03 0.5000E-03 0.3300E-02 0.8500E-02 0.1540E-01 0.2790E-01 0.6890E-01 0.2104E+00 0.2312E+00 0.3033E+00 0.1766E+00 0.9270E-01 0.8320E-01 0.5100E-01 0.2880E-01 0.1800E-01 0.8300E-02 0.2900E-02 0.0000E+00 0.0000E+00 0.0000E+00 0.1100E-02 0.2200E-02 0.3800E-02 0.5400E-02 0.6200E-02 0.5200E-02 0.5300E-02 0.4700E-02 0.6100E-02 0.8400E-02 0.1460E-01 0.2010E-01 0.2710E-01 0.2850E-01 0.2140E-01 0.1030E-01 -0.9990E+03 -0.9990E+03 -0.9990E+03 -0.9990E+03 -0.9990E+03 -0.9990E+03 -0.9990E+03 -0.9990E+03 -0.9990E+03 -0.9990E+03 -0.9990E+03
0.0000E+00 0.0000E+00 0.0000E+00 0.0000E+00 0.0000E+00 0.0000E+00 0.0000E+00 0.1000E-03 0.6000E-03 0.1000E-02 0.5000E-02 0.9100E-02 0.1620E-01 0.2410E-01 0.3730E-01 0.5250E-01 0.6700E-01 0.8320E-01 0.2303E+00 0.3726E+00 0.3556E+00 0.1151E+00 0.6320E-01 0.3730E-01 0.2110E-01 0.1930E-01 0.1430E-01 0.1010E-01 0.8300E-02 0.7700E-02 0.8200E-02 0.1000E-01 0.1180E-01 0.1310E-01 0.1110E-01 0.9100E-02 0.8100E-02 0.1230E-01 0.2070E-01 0.6100E-01 0.1013E+00 0.1417E+00 0.1471E+00 0.1296E+00 0.1490E-01 -0.9990E+03 -0.9990E+03 -0.9990E+03 -0.9990E+03 -0.9990E+03 -0.9990E+03 -0.9990E+03 -0.9990E+03 -0.9990E+03 -0.9990E+03 -0.9990E+03
0.0000E+00 0.0000E+00 0.0000E+00 0.8000E-03 0.3000E-02 0.5900E-02 0.6300E-02 0.8600E-02 0.1070E-01 0.1670E-01 0.2000E-01 0.2330E-01 0.2710E-01 0.3500E-01 0.4290E-01 0.5330E-01 0.7860E-01 0.1008E+00 0.2486E+00 0.4111E+00 0.3583E+00 0.4532E+00 0.1152E+00 0.4210E-01 0.3040E-01 0.3430E-01 0.2690E-01 0.2060E-01 0.1780E-01 0.1500E-01 0.1860E-01 0.2570E-01 0.3670E-01 0.3980E-01 0.3260E-01 0.1890E-01 0.1440E-01 0.2590E-01 0.7580E-01 0.1156E+00 0.2480E-01 0.2050E-01 0.1740E-01 0.1400E-01 -0.9990E+03 -0.9990E+03 -0.9990E+03 -0.9990E+03 -0.9990E+03 -0.9990E+03 -0.9990E+03 -0.9990E+03 -0.9990E+03 -0.9990E+03 -0.9990E+03 -0.9990E+03
0.0000E+00 0.4000E-03 0.1700E-02 0.3700E-02 0.9200E-02 0.1540E-01 0.1680E-01 0.1960E-01 0.2050E-01 0.2250E-01 0.3520E-01 0.3630E-01 0.2990E-01 0.7130E-01 0.8280E-01 0.9630E-01 0.2815E+00 0.3680E+00 0.2851E+00 0.8700E-01 0.8240E-01 0.2119E+00 0.4562E+00 0.8410E-01 0.6220E-01 0.7020E-01 0.5530E-01 0.3520E-01 0.2560E-01 0.2270E-01 0.3460E-01 0.6130E-01 0.2660E+00 0.2072E+00 0.1513E+00 0.8670E-01 0.4790E-01 0.1342E+00 0.8890E-01 0.1940E-01 0.1130E-01 0.8200E-02 0.6700E-02 0.4700E-02 -0.9990E+03 -0.9990E+03 -0.9990E+03 -0.9990E+03 -0.9990E+03 -0.9990E+03 -0.9990E+03 -0.9990E+03 -0.9990E+03 -0.9990E+03 -0.9990E+03 -0.9990E+03
0.1100E-02 0.2900E-02 0.5800E-02 0.9700E-02 0.2200E-01 0.3560E-01 0.6320E-01 0.5390E-01 0.5150E-01 0.5290E-01 0.1126E+00 0.1540E+00 0.8570E-01 0.3508E+00 0.3603E+00 0.3383E+00 0.1445E+00 0.5880E-01 0.4560E-01 0.2690E-01 0.3080E-01 0.6120E-01 0.2379E+00 0.6019E+00 0.3815E+00 0.2864E+00 0.2687E+00 0.2686E+00 0.7770E-01 0.3720E-01 0.8190E-01 0.2797E+00 0.5180E-01 0.2760E-01 0.2700E-01 0.7130E-01 0.1039E+00 0.2290E-01 0.1400E-01 0.8500E-02 0.6400E-02 0.4800E-02 0.3500E-02 0.1900E-02 -0.9990E+03 -0.9990E+03 -0.9990E+03 -0.9990E+03 -0.9990E+03 -0.9990E+03 -0.9990E+03 -0.9990E+03 -0.9990E+03 -0.9990E+03 -0.9990E+03 -0.9990E+03
0.7700E-02 0.1090E-01 0.1940E-01 0.3530E-01 0.5550E-01 0.8470E-01 0.3368E+00 0.3526E+00 0.3158E+00 0.3536E+00 0.3217E+00 0.1976E+00 0.2859E+00 0.6950E-01 0.4930E-01 0.4210E-01 0.3350E-01 0.2410E-01 0.1460E-01 0.1570E-01 0.2770E-01 0.4170E-01 0.5690E-01 0.3508E+00 0.1154E+00 0.5760E-01 0.3820E-01 0.3380E-01 0.1647E+00 0.2320E+00 0.2309E+00 0.3820E-01 0.2010E-01 0.1500E-01 0.1080E-01 0.1000E-01 0.1100E-01 0.6900E-02 0.4800E-02 0.3700E-02 0.2200E-02 0.9000E-03 0.4000E-03 0.0000E+00 -0.9990E+03 -0.9990E+03 -0.9990E+03 -0.9990E+03 -0.9990E+03 -0.9990E+03 -0.9990E+03 -0.9990E+03 -0.9990E+03 -0.9990E+03 -0.9990E+03 -0.9990E+03
0.3070E-01 0.2810E-01 0.4560E-01 0.5720E-01 0.2017E+00 0.3503E+00 0.1230E+00 0.5840E-01 0.4450E-01 0.5190E-01 0.4580E-01 0.3920E-01 0.3760E-01 0.2720E-01 0.2190E-01 0.1850E-01 0.1330E-01 0.1040E-01 0.5900E-02 0.6100E-02 0.1390E-01 0.2650E-01 0.3500E-01 0.1313E+00 0.2799E+00 0.4830E-01 0.2640E-01 0.1970E-01 0.1850E-01 0.2300E-01 0.2690E-01 0.1490E-01 0.1210E-01 0.8800E-02 0.6100E-02 0.5600E-02 0.4700E-02 0.3500E-02 0.2000E-02 0.1600E-02 0.6000E-03 0.2000E-03 0.0000E+00 0.0000E+00 -0.9990E+03 -0.9990E+03 -0.9990E+03 -0.9990E+03 -0.9990E+03 -0.9990E+03 -0.9990E+03 -0.9990E+03 -0.9990E+03 -0.9990E+03 -0.9990E+03 -0.9990E+03
0.7570E-01 0.8830E-01 0.8480E-01 0.3080E+00 0.3035E+00 0.6630E-01 0.3650E-01 0.2580E-01 0.2210E-01 0.2020E-01 0.1920E-01 0.1740E-01 0.1600E-01 0.1320E-01 0.9900E-02 0.7900E-02 0.5200E-02 0.3300E-02 0.1500E-02 0.8000E-03 0.4500E-02 0.1240E-01 0.2350E-01 0.5730E-01 0.2873E+00 0.4860E-01 0.2550E-01 0.1800E-01 0.1070E-01 0.9400E-02 0.8100E-02 0.5500E-02 0.3900E-02 0.3400E-02 0.1900E-02 0.9000E-03 0.1000E-02 0.8000E-03 0.6000E-03 0.3000E-03 0.0000E+00 0.0000E+00 0.0000E+00 0.0000E+00 0.0000E+00 -0.9990E+03 -0.9990E+03 -0.9990E+03 -0.9990E+03 -0.9990E+03 -0.9990E+03 -0.9990E+03 -0.9990E+03 -0.9990E+03 -0.9990E+03 -0.9990E+03
0.3486E+00 0.4021E+00 0.4261E+00 0.1794E+00 0.5630E-01 0.3060E-01 0.1970E-01 0.1450E-01 0.1160E-01 0.1040E-01 0.9000E-02 0.7300E-02 0.5500E-02 0.3200E-02 0.1900E-02 0.1000E-02 0.0000E+00 0.0000E+00 0.0000E+00 0.0000E+00 0.1500E-02 0.9200E-02 0.1950E-01 0.5240E-01 0.3334E+00 0.4720E-01 0.2490E-01 0.1710E-01 0.1110E-01 0.7400E-02 0.3600E-02 0.2300E-02 0.1700E-02 0.8000E-03 0.0000E+00 0.0000E+00 0.0000E+00 0.0000E+00 0.0000E+00 0.0000E+00 0.0000E+00 0.0000E+00 0.0000E+00 0.0000E+00 0.0000E+00 0.0000E+00 -0.9990E+03 -0.9990E+03 -0.9990E+03 -0.9990E+03 -0.9990E+03 -0.9990E+03 -0.9990E+03 -0.9990E+03 -0.9990E+03 -0.9990E+03
0.1640E+00 0.7190E-01 0.5770E-01 0.3810E-01 0.2280E-01 0.1330E-01 0.7400E-02 0.3800E-02 0.1200E-02 0.2000E-03 0.0000E+00 0.0000E+00 0.0000E+00 0.0000E+00 0.0000E+00 0.0000E+00 0.0000E+00 0.0000E+00 0.0000E+00 0.0000E+00 0.3000E-03 0.8500E-02 0.1420E-01 0.4760E-01 0.3365E+00 0.7080E-01 0.4170E-01 0.3260E-01 0.1560E-01 0.8400E-02 0.3300E-02 0.8000E-03 0.0000E+00 0.0000E+00 0.0000E+00 0.0000E+00 0.0000E+00 0.0000E+00 0.0000E+00 0.0000E+00 0.0000E+00 0.0000E+00 0.0000E+00 0.0000E+00 0.0000E+00 0.0000E+00 -0.9990E+03 -0.9990E+03 -0.9990E+03 -0.9990E+03 -0.9990E+03 -0.9990E+03 -0.9990E+03 -0.9990E+03 -0.9990E+03 -0.9990E+03
0.3980E-01 0.2970E-01 0.2190E-01 0.1540E-01 0.1060E-01 0.6300E-02 0.2200E-02 0.8000E-03 0.0000E+00 0.0000E+00 0.0000E+00 0.0000E+00 0.0000E+00 0.0000E+00 0.0000E+00 0.0000E+00 0.0000E+00 0.0000E+00 0.0000E+00 0.0000E+00 0.0000E+00 0.5900E-02 0.1150E-01 0.2540E-01 0.5610E-01 0.2923E+00 0.2013E+00 0.5870E-01 0.2990E-01 0.1700E-01 0.8900E-02 0.6000E-02 0.4800E-02 0.4000E-02 0.3200E-02 0.2700E-02 0.2300E-02 0.1700E-02 0.1100E-02 0.4000E-03 0.0000E+00 0.0000E+00 0.0000E+00 0.0000E+00 0.0000E+00 0.0000E+00 -0.9990E+03 -0.9990E+03 -0.9990E+03 -0.9990E+03 -0.9990E+03 -0.9990E+03 -0.9990E+03 -0.9990E+03 -0.9990E+03 -0.9990E+03
0.1910E-01 0.1460E-01 0.1060E-01 0.7000E-02 0.4300E-02 0.1800E-02 0.4000E-03 0.0000E+00 0.0000E+00 0.0000E+00 0.0000E+00 0.0000E+00 0.0000E+00 0.0000E+00 0.0000E+00 0.0000E+00 0.0000E+00 0.0000E+00 0.0000E+00 0.0000E+00 0.0000E+00 0.3000E-02 0.6100E-02 0.1350E-01 0.2530E-01 0.4200E-01 0.1672E+00 0.2153E+00 0.4460E-01 0.2570E-01 0.1300E-01 0.1000E-01 0.7800E-02 0.6500E-02 0.5400E-02 0.4800E-02 0.4400E-02 0.3100E-02 0.2000E-02 0.1200E-02 0.8000E-03 -0.9990E+03 -0.9990E+03 -0.9990E+03 -0.9990E+03 -0.9990E+03 -0.9990E+03 -0.9990E+03 -0.9990E+03 -0.9990E+03 -0.9990E+03 -0.9990E+03 -0.9990E+03 -0.9990E+03 -0.9990E+03 -0.9990E+03
0.6000E-02 0.4100E-02 0.2100E-02 0.4000E-03 0.0000E+00 0.0000E+00 0.0000E+00 0.0000E+00 0.0000E+00 0.0000E+00 0.0000E+00 0.0000E+00 0.0000E+00 0.0000E+00 0.0000E+00 0.0000E+00 0.0000E+00 0.0000E+00 0.0000E+00 0.0000E+00 0.0000E+00 0.1400E-02 0.3700E-02 0.6500E-02 0.1310E-01 0.2140E-01 0.4000E-01 0.1986E+00 0.1585E+00 0.3730E-01 0.3520E-01 0.2000E-01 0.1530E-01 0.1400E-01 0.1240E-01 0.1250E-01 0.1340E-01 0.5700E-02 0.3000E-02 0.1600E-02 -0.9990E+03 -0.9990E+03 -0.9990E+03 -0.9990E+03 -0.9990E+03 -0.9990E+03 -0.9990E+03 -0.9990E+03 -0.9990E+03 -0.9990E+03 -0.9990E+03 -0.9990E+03 -0.9990E+03 -0.9990E+03 -0.9990E+03 -0.9990E+03
