Data/rwc_PM25_RR2030_2002.asc
NCOLS          280
NROWS          320
XLLCORNER            0
YLLCORNER       300000
CELLSIZE         1000
NODATA_VALUE  -0.9990E+03
[rows 150 to 174 of 320, columns 56 to 111 of 280]
-0.9990E+03 -0.9990E+03 -0.9990E+03 -0.9990E+03 -0.9990E+03 -0.9990E+03 -0.9990E+03 -0.9990E+03 -0.9990E+03 -0.9990E+03 -0.9990E+03 -0.9990E+03 -0.9990E+03 -0.9990E+03 -0.9990E+03 -0.9990E+03 -0.9990E+03 -0.9990E+03 -0.9990E+03 -0.9990E+03 -0.9990E+03 -0.9990E+03 -0.9990E+03 -0.9990E+03 -0.9990E+03 -0.9990E+03 -0.9990E+03 -0.9990E+03 -0.9990E+03 0.0000E+00 0.0000E+00 0.0000E+00 0.4000E-03 0.9000E-03 0.2200E-02 0.6100E-02 0.1400E-01 0.3690E-01 0.6150E-01 0.2870E-01 0.1310E-01 0.1220E-01 0.1080E-01 0.1370E-01 0.2010E-01 0.3330E-01 0.1202E+00 0.4400E-01 0.1580E-01 0.1370E-01 0.7600E-02 0.3500E-02 0.1000E-02 0.0000E+00 0.0000E+00 0.0000E+00
-0.9990E+03 -0.9990E+03 -0.9990E+03 -0.9990E+03 -0.9990E+03 -0.9990E+03 -0.9990E+03 -0.9990E+03 -0.9990E+03 -0.9990E+03 -0.9990E+03 -0.9990E+03 -0.9990E+03 -0.9990E+03 -0.9990E+03 -0.9990E+03 -0.9990E+03 -0.9990E+03 -0.9990E+03 -0.9990E+03 -0.9990E+03 -0.9990E+03 -0.9990E+03 -0.9990E+03 -0.9990E+03 -0.9990E+03 -0.9990E+03 -0.9990E+03 0.0000E+00 0.0000E+00 0.0000E+00 0.0000E+00 0.7000E-03 0.1400E-02 0.4100E-02 0.1180E-01 0.6580E-01 0.5080E-01 0.1110E-01 0.9500E-02 0.8000E-02 0.8400E-02 0.1140E-01 0.1680E-01 0.2600E-01 0.4480E-01 0.1171E+00 0.1890E-01 0.1490E-01 0.7800E-02 0.3600E-02 0.1000E-02 0.0000E+00 0.0000E+00 0.0000E+00 0.0000E+00
-0.9990E+03 -0.9990E+03 -0.9990E+03 -0.9990E+03 -0.9990E+03 -0.9990E+03 -0.9990E+03 -0.9990E+03 -0.9990E+03 -0.9990E+03 -0.9990E+03 -0.9990E+03 -0.9990E+03 -0.9990E+03 -0.9990E+03 -0.9990E+03 -0.9990E+03 -0.9990E+03 -0.9990E+03 -0.9990E+03 -0.9990E+03 -0.9990E+03 -0.9990E+03 -0.9990E+03 -0.9990E+03 -0.9990E+03 -0.9990E+03 -0.9990E+03 0.0000E+00 0.0000E+00 0.0000E+00 0.2000E-03 0.1100E-02 0.2100E-02 0.5200E-02 0.4510E-01 0.1640E-01 0.8500E-02 0.5500E-02 0.6200E-02 0.6400E-02 0.8400E-02 0.1300E-01 0.1930E-01 0.3600E-01 0.1428E+00 0.3580E-01 0.1500E-01 0.8200E-02 0.3500E-02 0.1000E-02 0.0000E+00 0.0000E+00 0.0000E+00 0.0000E+00 0.0000E+00
-0.9990E+03 -0.9990E+03 -0.9990E+03 -0.9990E+03 -0.9990E+03 -0.9990E+03 -0.9990E+03 -0.9990E+03 -0.9990E+03 -0.9990E+03 -0.9990E+03 -0.9990E+03 -0.9990E+03 -0.9990E+03 -0.9990E+03 -0.9990E+03 -0.9990E+03 -0.9990E+03 -0.9990E+03 -0.9990E+03 -0.9990E+03 -0.9990E+03 -0.9990E+03 -0.9990E+03 -0.9990E+03 -0.9990E+03 -0.9990E+03 0.0000E+00 0.0000E+00 0.0000E+00 0.0000E+00 0.5000E-03 0.1900E-02 0.3000E-02 0.7100E-02 0.4780E-01 0.8500E-02 0.5200E-02 0.3700E-02 0.4700E-02 0.7300E-02 0.1210E-01 0.2320E-01 0.4220E-01 0.1203E+00 0.1026E+00 0.2350E-01 0.1020E-01 0.5300E-02 0.1700E-02 0.1000E-03 0.0000E+00 0.0000E+00 0.0000E+00 0.0000E+00 0.0000E+00
-0.9990E+03 -0.9990E+03 -0.9990E+03 -0.9990E+03 -0.9990E+03 -0.9990E+03 -0.9990E+03 -0.9990E+03 -0.9990E+03 -0.9990E+03 -0.9990E+03 -0.9990E+03 -0.9990E+03 -0.9990E+03 -0.9990E+03 -0.9990E+03 -0.9990E+03 -0.9990E+03 -0.9990E+03 -0.9990E+03 -0.9990E+03 -0.9990E+03 -0.9990E+03 -0.9990E+03 -0.9990E+03 -0.9990E+03 0.0000E+00 0.0000E+00 0.0000E+00 0.1000E-03 0.5000E-03 0.1200E-02 0.3300E-02 0.6000E-02 0.1200E-01 0.5180E-01 0.8100E-02 0.4400E-02 0.3600E-02 0.4400E-02 0.8400E-02 0.2030E-01 0.6280E-01 0.1518E+00 0.7370E-01 0.2680E-01 0.1340E-01 0.5200E-02 0.3200E-02 0.7000E-03 0.0000E+00 0.0000E+00 0.0000E+00 0.0000E+00 0.0000E+00 0.0000E+00
-0.9990E+03 -0.9990E+03 -0.9990E+03 -0.9990E+03 -0.9990E+03 -0.9990E+03 -0.9990E+03 -0.9990E+03 -0.9990E+03 -0.9990E+03 -0.9990E+03 -0.9990E+03 -0.9990E+03 -0.9990E+03 -0.9990E+03 -0.9990E+03 -0.9990E+03 -0.9990E+03 -0.9990E+03 -0.9990E+03 -0.9990E+03 -0.9990E+03 -0.9990E+03 -0.9990E+03 -0.9990E+03 -0.9990E+03 0.0000E+00 0.0000E+00 0.1000E-03 0.4000E-03 0.1000E-02 0.2200E-02 0.4800E-02 0.8900E-02 0.3760E-01 0.2840E-01 0.6600E-02 0.4600E-02 0.5200E-02 0.7000E-02 0.1140E-01 0.3370E-01 0.1609E+00 0.3390E-01 0.2250E-01 0.1380E-01 0.7500E-02 0.2100E-02 0.1800E-02 0.0000E+00 0.0000E+00 0.0000E+00 0.0000E+00 0.0000E+00 0.0000E+00 0.0000E+00
-0.9990E+03 -0.9990E+03 -0.9990E+03 -0.9990E+03 -0.9990E+03 -0.9990E+03 -0.9990E+03 -0.9990E+03 -0.9990E+03 -0.9990E+03 -0.9990E+03 -0.9990E+03 -0.9990E+03 -0.9990E+03 -0.9990E+03 -0.9990E+03 -0.9990E+03 -0.9990E+03 -0.9990E+03 -0.9990E+03 -0.9990E+03 -0.9990E+03 -0.9990E+03 -0.9990E+03 -0.9990E+03 0.0000E+00 0.0000E+00 0.1000E-03 0.4000E-03 0.9000E-03 0.1700E-02 0.3800E-02 0.7800E-02 0.1740E-01 0.4730E-01 0.8200E-02 0.6100E-02 0.6300E-02 0.9200E-02 0.1600E-01 0.4340E-01 0.1308E+00 0.4360E-01 0.2050E-01 0.1250E-01 0.7800E-02 0.4000E-02 0.2000E-02 0.4000E-03 0.0000E+00 0.0000E+00 0.0000E+00 0.0000E+00 0.0000E+00 0.0000E+00 0.0000E+00
-0.9990E+03 -0.9990E+03 -0.9990E+03 -0.9990E+03 -0.9990E+03 -0.9990E+03 -0.9990E+03 -0.9990E+03 -0.9990E+03 -0.9990E+03 -0.9990E+03 -0.9990E+03 -0.9990E+03 -0.9990E+03 -0.9990E+03 -0.9990E+03 -0.9990E+03 -0.9990E+03 -0.9990E+03 -0.9990E+03 -0.9990E+03 -0.9990E+03 -0.9990E+03 -0.9990E+03 0.0000E+00 0.0000E+00 0.1000E-03 0.4000E-03 0.1000E-02 0.1700E-02 0.3000E-02 0.5500E-02 0.2470E-01 0.5540E-01 0.1070E-01 0.6800E-02 0.7300E-02 0.1050E-01 0.2260E-01 0.9810E-01 0.8550E-01 0.3050E-01 0.1980E-01 0.1370E-01 0.1000E-01 0.6900E-02 0.4100E-02 0.2200E-02 0.7000E-03 0.3000E-03 0.1000E-03 0.0000E+00 0.0000E+00 0.0000E+00 0.0000E+00 0.0000E+00
-0.9990E+03 -0.9990E+03 -0.9990E+03 -0.9990E+03 -0.9990E+03 -0.9990E+03 -0.9990E+03 -0.9990E+03 -0.9990E+03 -0.9990E+03 -0.9990E+03 -0.9990E+03 -0.9990E+03 -0.9990E+03 -0.9990E+03 -0.9990E+03 -0.9990E+03 -0.9990E+03 -0.9990E+03 -0.9990E+03 -0.9990E+03 -0.9990E+03 -0.9990E+03 0.0000E+00 0.0000E+00 0.2000E-03 0.5000E-03 0.1100E-02 0.2100E-02 0.3700E-02 0.6500E-02 0.3100E-01 0.2750E-01 0.1270E-01 0.1060E-01 0.7900E-02 0.1360E-01 0.3950E-01 0.1623E+00 0.7380E-01 0.2270E-01 0.1430E-01 0.1410E-01 0.1040E-01 0.8300E-02 0.5300E-02 0.4100E-02 0.2600E-02 0.1900E-02 0.1600E-02 0.1700E-02 0.1700E-02 0.1400E-02 0.9000E-03 0.3000E-03 0.0000E+00
-0.9990E+03 -0.9990E+03 -0.9990E+03 -0.9990E+03 -0.9990E+03 -0.9990E+03 -0.9990E+03 -0.9990E+03 -0.9990E+03 -0.9990E+03 -0.9990E+03 -0.9990E+03 -0.9990E+03 -0.9990E+03 -0.9990E+03 -0.9990E+03 -0.9990E+03 -0.9990E+03 -0.9990E+03 -0.9990E+03 -0.9990E+03 -0.9990E+03 0.0000E+00 0.0000E+00 0.0000E+00 0.3000E-03 0.9000E-03 0.1800E-02 0.3300E-02 0.6500E-02 0.3240E-01 0.2810E-01 0.9500E-02 0.9600E-02 0.7800E-02 0.1270E-01 0.4940E-01 0.1732E+00 0.7400E-01 0.2910E-01 0.4700E-01 0.4670E-01 0.1830E-01 0.1280E-01 0.6300E-02 0.5900E-02 0.1000E-01 0.4300E-02 0.3100E-02 0.2400E-02 0.4300E-02 0.4400E-02 0.3600E-02 0.2700E-02 0.1600E-02 0.8000E-03
-0.9990E+03 -0.9990E+03 -0.9990E+03 -0.9990E+03 -0.9990E+03 -0.9990E+03 -0.9990E+03 -0.9990E+03 -0.9990E+03 -0.9990E+03 -0.9990E+03 -0.9990E+03 -0.9990E+03 -0.9990E+03 -0.9990E+03 -0.9990E+03 -0.9990E+03 -0.9990E+03 -0.9990E+03 -0.9990E+03 -0.9990E+03 0.0000E+00 0.0000E+00 0.0000E+00 0.0000E+00 0.4000E-03 0.1300E-02 0.3000E-02 0.7000E-02 0.2930E-01 0.3610E-01 0.1200E-01 0.8700E-02 0.1020E-01 0.1150E-01 0.4620E-01 0.1773E+00 0.3340E-01 0.2080E-01 0.1640E-01 0.1370E-01 0.1310E-01 0.3470E-01 0.4170E-01 0.4560E-01 0.4230E-01 0.4090E-01 0.2170E-01 0.5500E-02 0.5100E-02 0.9300E-02 0.9800E-02 0.6900E-02 0.4900E-02 0.3200E-02 0.1900E-02
-0.9990E+03 -0.9990E+03 -0.9990E+03 -0.9990E+03 -0.9990E+03 -0.9990E+03 -0.9990E+03 -0.9990E+03 -0.9990E+03 -0.9990E+03 -0.9990E+03 -0.9990E+03 -0.9990E+03 -0.9990E+03 -0.9990E+03 -0.9990E+03 -0.9990E+03 -0.9990E+03 -0.9990E+03 -0.9990E+03 0.0000E+00 0.0000E+00 0.0000E+00 0.0000E+00 0.0000E+00 0.5000E-03 0.1700E-02 0.5300E-02 0.4020E-01 0.4010E-01 0.1290E-01 0.1140E-01 0.1450E-01 0.2350E-01 0.4860E-01 0.1798E+00 0.4500E-01 0.2320E-01 0.1210E-01 0.9600E-02 0.7400E-02 0.7000E-02 0.8000E-02 0.9400E-02 0.9900E-02 0.9600E-02 0.1010E-01 0.2930E-01 0.2990E-01 0.3300E-01 0.4880E-01 0.3780E-01 0.1270E-01 0.9700E-02 0.5500E-02 0.2900E-02
-0.9990E+03 -0.9990E+03 -0.9990E+03 -0.9990E+03 -0.9990E+03 -0.9990E+03 -0.9990E+03 -0.9990E+03 -0.9990E+03 -0.9990E+03 -0.9990E+03 -0.9990E+03 -0.9990E+03 -0.9990E+03 -0.9990E+03 -0.9990E+03 -0.9990E+03 -0.9990E+03 -0.9990E+03 0.0000E+00 0.0000E+00 0.0000E+00 0.0000E+00 0.0000E+00 0.3000E-03 0.9000E-03 0.2300E-02 0.5800E-02 0.3500E-01 0.2390E-01 0.1230E-01 0.1050E-01 0.2440E-01 0.5090E-01 0.1760E+00 0.6800E-01 0.2420E-01 0.1340E-01 0.8200E-02 0.5000E-02 0.3600E-02 0.3000E-02 0.3600E-02 0.4300E-02 0.4600E-02 0.4700E-02 0.5200E-02 0.6700E-02 0.7600E-02 0.8900E-02 0.1110E-01 0.2370E-01 0.5200E-01 0.2920E-01 0.8900E-02 0.4300E-02
-0.9990E+03 -0.9990E+03 -0.9990E+03 -0.9990E+03 -0.9990E+03 -0.9990E+03 -0.9990E+03 -0.9990E+03 -0.9990E+03 -0.9990E+03 -0.9990E+03 -0.9990E+03 -0.9990E+03 -0.9990E+03 -0.9990E+03 -0.9990E+03 -0.9990E+03 -0.9990E+03 0.0000E+00 0.0000E+00 0.0000E+00 0.0000E+00 0.0000E+00 0.0000E+00 0.3000E-03 0.1300E-02 0.3400E-02 0.6600E-02 0.9900E-02 0.3320E-01 0.1430E-01 0.1730E-01 0.7260E-01 0.1704E+00 0.4290E-01 0.1980E-01 0.1050E-01 0.7300E-02 0.3400E-02 0.1500E-02 0.7000E-03 0.1100E-02 0.1600E-02 0.1200E-02 0.1300E-02 0.2700E-02 0.2900E-02 0.3400E-02 0.3800E-02 0.4500E-02 0.5800E-02 0.9300E-02 0.1450E-01 0.5110E-01 0.2250E-01 0.1560E-01
-0.9990E+03 -0.9990E+03 -0.9990E+03 -0.9990E+03 -0.9990E+03 -0.9990E+03 -0.9990E+03 -0.9990E+03 -0.9990E+03 -0.9990E+03 -0.9990E+03 -0.9990E+03 -0.9990E+03 -0.9990E+03 -0.9990E+03 -0.9990E+03 -0.9990E+03 -0.9990E+03 0.0000E+00 0.0000E+00 0.0000E+00 0.0000E+00 0.0000E+00 0.0000E+00 0.4000E-03 0.1700E-02 0.5100E-02 0.1070E-01 0.1470E-01 0.3630E-01 0.2740E-01 0.5850E-01 0.1536E+00 0.4140E-01 0.2190E-01 0.1300E-01 0.7200E-02 0.3800E-02 0.1600E-02 0.0000E+00 0.0000E+00 0.0000E+00 0.0000E+00 0.0000E+00 0.2000E-03 0.5000E-03 0.7000E-03 0.1200E-02 0.1800E-02 0.2500E-02 0.4200E-02 0.7900E-02 0.1210E-01 0.1960E-01 0.5010E-01 0.1530E-01
-0.9990E+03 -0.9990E+03 -0.9990E+03 -0.9990E+03 -0.9990E+03 -0.9990E+03 -0.9990E+03 -0.9990E+03 -0.9990E+03 -0.9990E+03 -0.9990E+03 -0.9990E+03 -0.9990E+03 -0.9990E+03 -0.9990E+03 -0.9990E+03 -0.9990E+03 0.0000E+00 0.0000E+00 0.0000E+00 0.0000E+00 0.0000E+00 0.0000E+00 0.0000E+00 0.7000E-03 0.2800E-02 0.8500E-02 0.7260E-01 0.2510E-01 0.3820E-01 0.1381E+00 0.1244E+00 0.4350E-01 0.2650E-01 0.1810E-01 0.1300E-01 0.8300E-02 0.4300E-02 0.2600E-02 0.1600E-02 0.9000E-03 0.4000E-03 0.0000E+00 0.0000E+00 0.0000E+00 0.0000E+00 0.0000E+00 0.0000E+00 0.1000E-03 0.6000E-03 0.2900E-02 0.8200E-02 0.1330E-01 0.2440E-01 0.5980E-01 0.2840E-01
-0.9990E+03 -0.9990E+03 -0.9990E+03 -0.9990E+03 -0.9990E+03 -0.9990E+03 -0.9990E+03 -0.9990E+03 -0.9990E+03 -0.9990E+03 -0.9990E+03 -0.9990E+03 -0.9990E+03 -0.9990E+03 -0.9990E+03 -0.9990E+03 0.0000E+00 0.0000E+00 0.0000E+00 0.0000E+00 0.0000E+00 0.0000E+00 0.0000E+00 0.2000E-03 0.1600E-02 0.4600E-02 0.1030E-01 0.2250E-01 0.1095E+00 0.2328E+00 0.1046E+00 0.4100E-01 0.2830E-01 0.2350E-01 0.1650E-01 0.1030E-01 0.7000E-02 0.6000E-02 0.5300E-02 0.4300E-02 0.3200E-02 0.2900E-02 0.2600E-02 0.1200E-02 0.2000E-03 0.0000E+00 0.0000E+00 0.0000E+00 0.2000E-03 0.2000E-02 0.5300E-02 0.1160E-01 0.1960E-01 0.4480E-01 0.1733E+00 0.1713E+00
-0.9990E+03 -0.9990E+03 -0.9990E+03 -0.9990E+03 -0.9990E+03 -0.9990E+03 -0.9990E+03 -0.9990E+03 -0.9990E+03 -0.9990E+03 -0.9990E+03 -0.9990E+03 -0.9990E+03 -0.9990E+03 -0.9990E+03 0.0000E+00 0.0000E+00 0.0000E+00 0.0000E+00 0.0000E+00 0.0000E+00 0.0000E+00 0.1000E-03 0.7000E-03 0.2400E-02 0.6700E-02 0.1330E-01 0.2850E-01 0.1252E+00 0.2345E+00 0.1540E+00 0.1327E+00 0.8220E-01 0.3330E-01 0.2250E-01 0.1570E-01 0.1490E-01 0.1280E-01 0.1140E-01 0.8300E-02 0.7100E-02 0.5800E-02 0.7200E-02 0.5200E-02 0.3500E-02 0.2000E-02 0.7000E-03 0.1100E-02 0.1600E-02 0.5100E-02 0.1060E-01 0.1910E-01 0.3950E-01 0.1564E+00 0.1123E+00 0.4850E-01
-0.9990E+03 -0.9990E+03 -0.9990E+03 -0.9990E+03 -0.9990E+03 -0.9990E+03 -0.9990E+03 -0.9990E+03 -0.9990E+03 -0.9990E+03 -0.9990E+03 -0.9990E+03 -0.9990E+03 -0.9990E+03 0.0000E+00 0.0000E+00 0.0000E+00 0.0000E+00 0.0000E+00 0.0000E+00 0.0000E+00 0.0000E+00 0.4000E-03 0.1200E-02 0.3700E-02 0.1030E-01 0.2180E-01 0.9950E-01 0.2100E+00 0.4450E-01 0.2990E-01 0.2540E-01 0.8670E-01 0.1325E+00 0.1059E+00 0.9920E-01 0.8850E-01 0.7700E-01 0.6790E-01 0.1900E-01 0.2080E-01 0.1720E-01 0.1350E-01 0.8200E-02 0.1010E-01 0.9200E-02 0.8900E-02 0.7600E-02 0.6000E-02 0.1330E-01 0.2190E-01 0.3730E-01 0.1116E+00 0.1006E+00 0.3540E-01 0.2580E-01
-0.9990E+03 -0.9990E+03 -0.9990E+03 -0.9990E+03 -0.9990E+03 -0.9990E+03 -0.9990E+03 -0.9990E+03 -0.9990E+03 -0.9990E+03 -0.9990E+03 -0.9990E+03 -0.9990E+03 0.0000E+00 0.0000E+00 0.0000E+00 0.0000E+00 0.0000E+00 0.0000E+00 0.0000E+00 0.0000E+00 0.0000E+00 0.6000E-03 0.1900E-02 0.4900E-02 0.1380E-01 0.6650E-01 0.1876E+00 0.9030E-01 0.3320E-01 0.2100E-01 0.1740E-01 0.2430E-01 0.2270E-01 0.1710E-01 0.1460E-01 0.1280E-01 0.1180E-01 0.2360E-01 0.1040E+00 0.1040E+00 0.4810E-01 0.2700E-01 0.1460E-01 0.1500E-01 0.1460E-01 0.1400E-01 0.8700E-02 0.1050E-01 0.2330E-01 0.4470E-01 0.1061E+00 0.1374E+00 0.2530E-01 0.2020E-01 0.1610E-01
-0.9990E+03 -0.9990E+03 -0.9990E+03 -0.9990E+03 -0.9990E+03 -0.9990E+03 -0.9990E+03 -0.9990E+03 -0.9990E+03 -0.9990E+03 -0.9990E+03 -0.9990E+03 0.0000E+00 0.0000E+00 0.0000E+00 0.0000E+00 0.0000E+00 0.0000E+00 0.0000E+00 0.0000E+00 0.0000E+00 0.0000E+00 0.8000E-03 0.2300E-02 0.7100E-02 0.3440E-01 0.9820E-01 0.3920E-01 0.1448E+00 0.3330E-01 0.1950E-01 0.1660E-01 0.1040E-01 0.8700E-02 0.8200E-02 0.7600E-02 0.7100E-02 0.7900E-02 0.1160E-01 0.1810E-01 0.2120E-01 0.7150E-01 0.1176E+00 0.8600E-01 0.3090E-01 0.2940E-01 0.2760E-01 0.2470E-01 0.2700E-01 0.5370E-01 0.1955E+00 0.1079E+00 0.2000E-01 0.1610E-01 0.8700E-02 0.4900E-02
-0.9990E+03 -0.9990E+03 -0.9990E+03 -0.9990E+03 -0.9990E+03 -0.9990E+03 -0.9990E+03 -0.9990E+03 -0.9990E+03 -0.9990E+03 -0.9990E+03 -0.9990E+03 0.0000E+00 0.0000E+00 0.0000E+00 0.0000E+00 0.0000E+00 0.0000E+00 0.0000E+00 0.0000E+00 0.0000E+00 0.0000E+00 0.1200E-02 0.2900E-02 0.9400E-02 0.8800E-01 0.2840E-01 0.2120E-01 0.7630E-01 0.9030E-01 0.2330E-01 0.1290E-01 0.7700E-02 0.4200E-02 0.4200E-02 0.4500E-02 0.4800E-02 0.5400E-02 0.6600E-02 0.8600E-02 0.1110E-01 0.1620E-01 0.2550E-01 0.6150E-01 0.1203E+00 0.1152E+00 0.9630E-01 0.1041E+00 0.1441E+00 0.1819E+00 0.3490E-01 0.1750E-01 0.8900E-02 0.5600E-02 0.4200E-02 0.2100E-02
-0.9990E+03 0.0000E+00 0.0000E+00 -0.9990E+03 -0.9990E+03 0.0000E+00 0.0000E+00 0.0000E+00 0.0000E+00 0.0000E+00 0.0000E+00 0.0000E+00 0.0000E+00 0.0000E+00 0.0000E+00 0.0000E+00 0.0000E+00 0.0000E+00 0.0000E+00 0.0000E+00 0.0000E+00 0.0000E+00 0.2300E-02 0.4000E-02 0.1260E-01 0.6040E-01 0.1380E-01 0.1240E-01 0.1760E-01 0.1160E+00 0.3040E-01 0.1480E-01 0.7200E-02 0.2600E-02 0.0000E+00 0.1000E-03 0.9000E-03 0.1900E-02 0.2900E-02 0.4200E-02 0.3700E-02 0.5600E-02 0.1310E-01 0.9800E-02 0.1840E-01 0.2850E-01 0.2830E-01 0.3200E-01 0.1207E+00 0.4820E-01 0.2560E-01 0.9000E-02 0.4600E-02 0.2700E-02 0.1600E-02 0.8000E-03
0.0000E+00 0.0000E+00 0.0000E+00 0.0000E+00 0.0000E+00 0.0000E+00 0.0000E+00 0.0000E+00 0.0000E+00 0.0000E+00 0.0000E+00 0.0000E+00 0.0000E+00 0.0000E+00 0.0000E+00 0.0000E+00 0.1000E-03 0.1000E-03 0.1000E-03 0.1000E-03 0.1000E-03 0.1000E-03 0.2300E-02 0.4400E-02 0.8800E-02 0.3630E-01 0.7900E-02 0.8700E-02 0.1170E-01 0.1890E-01 0.1145E+00 0.2320E-01 0.1080E-01 0.5600E-02 0.5000E-03 0.0000E+00 0.0000E+00 0.0000E+00 0.4000E-03 0.1300E-02 0.1800E-02 0.3900E-02 0.7200E-02 0.7700E-02 0.1220E-01 0.1890E-01 0.2560E-01 0.4240E-01 0.1235E+00 0.3410E-01 0.1710E-01 0.5700E-02 0.2500E-02 0.1600E-02 0.4000E-03 0.0000E+00
0.0000E+00 0.0000E+00 0.0000E+00 0.0000E+00 0.0000E+00 0.0000E+00 0.0000E+00 0.0000E+00 0.0000E+00 0.0000E+00 0.0000E+00 0.0000E+00 0.0000E+00 0.0000E+00 0.0000E+00 0.1000E-03 0.4000E-03 0.3000E-03 0.5000E-03 0.8000E-03 0.6000E-03 0.5000E-03 0.2100E-02 0.3100E-02 0.5700E-02 0.2590E-01 0.6200E-02 0.6500E-02 0.8800E-02 0.1820E-01 0.1309E+00 0.2840E-01 0.1520E-01 0.8600E-02 0.2600E-02 0.0000E+00 0.0000E+00 0.0000E+00 0.0000E+00 0.0000E+00 0.5000E-03 0.2100E-02 0.4100E-02 0.7000E-02 0.1070E-01 0.1900E-01 0.3400E-01 0.9850E-01 0.8340E-01 0.1840E-01 0.9700E-02 0.4600E-02 0.1200E-02 0.0000E+00 0.0000E+00 0.0000E+00
