Data/rwc_NOx_RR2025_2002.asc
NCOLS          280
NROWS          320
XLLCORNER            0
YLLCORNER       300000
CELLSIZE         1000
NODATA_VALUE  -0.9990E+03
[rows 225 to 249 of 320, columns 168 to 223 of 280]
0.0000E+00 0.0000E+00 0.0000E+00 0.0000E+00 0.0000E+00 0.0000E+00 0.0000E+00 0.0000E+00 0.0000E+00 0.0000E+00 0.0000E+00 0.0000E+00 0.0000E+00 0.0000E+00 0.0000E+00 0.0000E+00 0.0000E+00 0.0000E+00 0.0000E+00 0.0000E+00 0.0000E+00 0.0000E+00 0.0000E+00 0.0000E+00 0.0000E+00 0.3700E-01 0.2080E+00 0.2990E+00 0.5470E+00 0.4249E+01 0.8860E+00 0.4380E+00 0.2730E+00 0.6900E-01 0.0000E+00 0.0000E+00 0.0000E+00 0.0000E+00 0.0000E+00 0.0000E+00 0.0000E+00 0.0000E+00 0.0000E+00 -0.9990E+03 -0.9990E+03 -0.9990E+03 -0.9990E+03 -0.9990E+03 -0.9990E+03 -0.9990E+03 -0.9990E+03 -0.9990E+03 -0.9990E+03 -0.9990E+03 -0.9990E+03 -0.9990E+03
0.0000E+00 0.0000E+00 0.0000E+00 0.0000E+00 0.0000E+00 0.0000E+00 0.0000E+00 0.0000E+00 0.0000E+00 0.0000E+00 0.0000E+00 0.0000E+00 0.0000E+00 0.0000E+00 0.0000E+00 0.0000E+00 0.0000E+00 0.0000E+00 0.0000E+00 0.0000E+00 0.0000E+00 0.0000E+00 0.0000E+00 0.0000E+00 0.0000E+00 0.2700E-01 0.1410E+00 0.2360E+00 0.5400E+00 0.4138E+01 0.8620E+00 0.6010E+00 0.3990E+00 0.1950E+00 0.6800E-01 0.0000E+00 0.0000E+00 0.0000E+00 0.0000E+00 0.0000E+00 0.0000E+00 0.0000E+00 0.0000E+00 0.0000E+00 -0.9990E+03 -0.9990E+03 -0.9990E+03 -0.9990E+03 -0.9990E+03 -0.9990E+03 -0.9990E+03 -0.9990E+03 -0.9990E+03 -0.9990E+03 -0.9990E+03 -0.9990E+03
0.0000E+00 0.0000E+00 0.0000E+00 0.0000E+00 0.0000E+00 0.0000E+00 0.0000E+00 0.0000E+00 0.0000E+00 0.0000E+00 0.0000E+00 0.0000E+00 0.0000E+00 0.0000E+00 0.0000E+00 0.0000E+00 0.0000E+00 0.0000E+00 0.0000E+00 0.0000E+00 0.0000E+00 0.0000E+00 0.0000E+00 0.0000E+00 0.0000E+00 0.4000E-02 0.1040E+00 0.2070E+00 0.5290E+00 0.4992E+01 0.1458E+01 0.9760E+00 0.5930E+00 0.3570E+00 0.1570E+00 0.4700E-01 0.0000E+00 0.0000E+00 0.0000E+00 0.0000E+00 0.0000E+00 0.0000E+00 0.0000E+00 0.0000E+00 0.0000E+00 -0.9990E+03 -0.9990E+03 -0.9990E+03 -0.9990E+03 -0.9990E+03 -0.9990E+03 -0.9990E+03 -0.9990E+03 -0.9990E+03 -0.9990E+03 -0.9990E+03
0.0000E+00 0.0000E+00 0.0000E+00 0.0000E+00 0.0000E+00 0.0000E+00 0.0000E+00 0.0000E+00 0.0000E+00 0.0000E+00 0.0000E+00 0.0000E+00 0.0000E+00 0.0000E+00 0.0000E+00 0.0000E+00 0.0000E+00 0.0000E+00 0.0000E+00 0.0000E+00 0.0000E+00 0.0000E+00 0.0000E+00 0.0000E+00 0.0000E+00 0.0000E+00 0.9100E-01 0.2170E+00 0.4830E+00 0.1122E+01 0.6807E+01 0.1699E+01 0.1020E+01 0.5610E+00 0.3020E+00 0.8500E-01 0.0000E+00 0.0000E+00 0.0000E+00 0.0000E+00 0.0000E+00 0.0000E+00 0.0000E+00 0.0000E+00 0.0000E+00 -0.9990E+03 -0.9990E+03 -0.9990E+03 -0.9990E+03 -0.9990E+03 -0.9990E+03 -0.9990E+03 -0.9990E+03 -0.9990E+03 -0.9990E+03 -0.9990E+03
0.0000E+00 0.0000E+00 0.0000E+00 0.0000E+00 0.0000E+00 0.0000E+00 0.0000E+00 0.0000E+00 0.0000E+00 0.0000E+00 0.0000E+00 0.0000E+00 0.0000E+00 0.0000E+00 0.0000E+00 0.0000E+00 0.0000E+00 0.0000E+00 0.0000E+00 0.0000E+00 0.0000E+00 0.0000E+00 0.0000E+00 0.0000E+00 0.0000E+00 0.0000E+00 0.5700E-01 0.1560E+00 0.3360E+00 0.7130E+00 0.1427E+01 0.6782E+01 0.1703E+01 0.9090E+00 0.4510E+00 0.2100E+00 0.4400E-01 0.0000E+00 0.0000E+00 0.0000E+00 0.0000E+00 0.0000E+00 0.0000E+00 0.0000E+00 0.0000E+00 -0.9990E+03 -0.9990E+03 -0.9990E+03 -0.9990E+03 -0.9990E+03 -0.9990E+03 -0.9990E+03 -0.9990E+03 -0.9990E+03 -0.9990E+03 -0.9990E+03
0.0000E+00 0.0000E+00 0.0000E+00 0.0000E+00 0.0000E+00 0.0000E+00 0.0000E+00 0.0000E+00 0.0000E+00 0.0000E+00 0.0000E+00 0.0000E+00 0.0000E+00 0.0000E+00 0.0000E+00 0.0000E+00 0.0000E+00 0.0000E+00 0.0000E+00 0.0000E+00 0.0000E+00 0.0000E+00 0.0000E+00 0.0000E+00 0.0000E+00 0.0000E+00 0.2900E-01 0.9900E-01 0.2380E+00 0.4520E+00 0.8790E+00 0.2989E+01 0.5147E+01 0.1300E+01 0.6050E+00 0.2960E+00 0.7800E-01 0.0000E+00 0.0000E+00 0.0000E+00 0.0000E+00 0.0000E+00 0.0000E+00 0.0000E+00 0.0000E+00 -0.9990E+03 -0.9990E+03 -0.9990E+03 -0.9990E+03 -0.9990E+03 -0.9990E+03 -0.9990E+03 -0.9990E+03 -0.9990E+03 -0.9990E+03 -0.9990E+03
0.0000E+00 0.0000E+00 0.0000E+00 0.0000E+00 0.0000E+00 0.0000E+00 0.0000E+00 0.0000E+00 0.0000E+00 0.0000E+00 0.0000E+00 0.0000E+00 0.0000E+00 0.0000E+00 0.0000E+00 0.0000E+00 0.0000E+00 0.0000E+00 0.0000E+00 0.0000E+00 0.0000E+00 0.0000E+00 0.0000E+00 0.0000E+00 0.0000E+00 0.0000E+00 0.0000E+00 0.4600E-01 0.9400E-01 0.2510E+00 0.5810E+00 0.1031E+01 0.5830E+01 0.1586E+01 0.8520E+00 0.4210E+00 0.1520E+00 0.2300E-01 0.0000E+00 0.0000E+00 0.0000E+00 0.0000E+00 0.0000E+00 0.0000E+00 0.0000E+00 0.0000E+00 -0.9990E+03 -0.9990E+03 -0.9990E+03 -0.9990E+03 -0.9990E+03 -0.9990E+03 -0.9990E+03 -0.9990E+03 -0.9990E+03 -0.9990E+03
0.0000E+00 0.0000E+00 0.0000E+00 0.0000E+00 0.0000E+00 0.0000E+00 0.0000E+00 0.0000E+00 0.0000E+00 0.0000E+00 0.0000E+00 0.0000E+00 0.0000E+00 0.0000E+00 0.0000E+00 0.0000E+00 0.0000E+00 0.0000E+00 0.0000E+00 0.0000E+00 0.0000E+00 0.0000E+00 0.0000E+00 0.0000E+00 0.0000E+00 0.0000E+00 0.0000E+00 0.1000E-02 0.6200E-01 0.1920E+00 0.3600E+00 0.7530E+00 0.2676E+01 0.4703E+01 0.1206E+01 0.5690E+00 0.2870E+00 0.1000E+00 0.2000E-02 0.0000E+00 0.0000E+00 0.0000E+00 0.0000E+00 0.0000E+00 0.0000E+00 0.0000E+00 -0.9990E+03 -0.9990E+03 -0.9990E+03 -0.9990E+03 -0.9990E+03 -0.9990E+03 -0.9990E+03 -0.9990E+03 -0.9990E+03 -0.9990E+03
0.0000E+00 0.0000E+00 0.0000E+00 0.0000E+00 0.0000E+00 0.0000E+00 0.0000E+00 0.0000E+00 0.0000E+00 0.0000E+00 0.0000E+00 0.0000E+00 0.0000E+00 0.0000E+00 0.0000E+00 0.0000E+00 0.0000E+00 0.0000E+00 0.0000E+00 0.0000E+00 0.0000E+00 0.0000E+00 0.0000E+00 0.0000E+00 0.0000E+00 0.0000E+00 0.0000E+00 0.0000E+00 0.9000E-02 0.1010E+00 0.2600E+00 0.5070E+00 0.1009E+01 0.5499E+01 0.1402E+01 0.8350E+00 0.5010E+00 0.2600E+00 0.9700E-01 0.3800E-01 0.0000E+00 0.0000E+00 0.0000E+00 0.0000E+00 0.0000E+00 0.0000E+00 -0.9990E+03 -0.9990E+03 -0.9990E+03 -0.9990E+03 -0.9990E+03 -0.9990E+03 -0.9990E+03 -0.9990E+03 -0.9990E+03 -0.9990E+03
0.0000E+00 0.0000E+00 0.0000E+00 0.0000E+00 0.0000E+00 0.0000E+00 0.0000E+00 0.0000E+00 0.0000E+00 0.0000E+00 0.0000E+00 0.0000E+00 0.0000E+00 0.0000E+00 0.0000E+00 0.0000E+00 0.0000E+00 0.0000E+00 0.0000E+00 0.0000E+00 0.0000E+00 0.0000E+00 0.0000E+00 0.0000E+00 0.0000E+00 0.0000E+00 0.0000E+00 0.0000E+00 0.0000E+00 0.4500E-01 0.1680E+00 0.3040E+00 0.4860E+00 0.2573E+01 0.3861E+01 0.1199E+01 0.7750E+00 0.5060E+00 0.2060E+00 0.1410E+00 0.3500E-01 0.0000E+00 0.0000E+00 0.0000E+00 0.0000E+00 -0.9990E+03 -0.9990E+03 -0.9990E+03 -0.9990E+03 -0.9990E+03 -0.9990E+03 -0.9990E+03 -0.9990E+03 -0.9990E+03 -0.9990E+03 -0.9990E+03
0.1000E+00 0.1820E+00 0.2110E+00 0.2620E+00 0.4460E+00 0.4880E+00 0.4910E+00 0.4850E+00 0.3970E+00 0.3240E+00 0.3000E+00 0.3700E+00 0.3250E+00 0.2700E+00 0.1190E+00 0.5700E-01 0.1100E-01 0.0000E+00 0.0000E+00 0.0000E+00 0.0000E+00 0.0000E+00 0.0000E+00 0.0000E+00 0.0000E+00 0.0000E+00 0.0000E+00 0.0000E+00 0.0000E+00 0.1200E-01 0.9800E-01 0.2350E+00 0.3660E+00 0.5960E+00 0.6507E+01 0.1978E+01 0.1447E+01 0.8950E+00 0.3120E+00 0.2590E+00 0.1240E+00 0.7000E-02 0.0000E+00 0.0000E+00 0.0000E+00 -0.9990E+03 -0.9990E+03 -0.9990E+03 -0.9990E+03 -0.9990E+03 -0.9990E+03 -0.9990E+03 -0.9990E+03 -0.9990E+03 -0.9990E+03 -0.9990E+03
0.2270E+00 0.3770E+00 0.4120E+00 0.4560E+00 0.7810E+00 0.8080E+00 0.7720E+00 0.7560E+00 0.7980E+00 0.8620E+00 0.7860E+00 0.8190E+00 0.7430E+00 0.5860E+00 0.4960E+00 0.3520E+00 0.2450E+00 0.1440E+00 0.5200E-01 0.0000E+00 0.0000E+00 0.0000E+00 0.0000E+00 0.0000E+00 0.0000E+00 0.0000E+00 0.0000E+00 0.0000E+00 0.0000E+00 0.0000E+00 0.4400E-01 0.1470E+00 0.2240E+00 0.5500E+00 0.9500E+00 0.6401E+01 0.4608E+01 0.1594E+01 0.6950E+00 0.4370E+00 0.2430E+00 0.7900E-01 0.0000E+00 0.0000E+00 0.0000E+00 -0.9990E+03 -0.9990E+03 -0.9990E+03 -0.9990E+03 -0.9990E+03 -0.9990E+03 -0.9990E+03 -0.9990E+03 -0.9990E+03 -0.9990E+03 -0.9990E+03
0.5640E+00 0.7800E+00 0.1067E+01 0.1645E+01 0.1595E+01 0.1696E+01 0.1274E+01 0.1331E+01 0.1863E+01 0.1811E+01 0.1222E+01 0.1336E+01 0.1691E+01 0.1157E+01 0.5620E+00 0.4880E+00 0.5510E+00 0.4020E+00 0.2600E+00 0.1460E+00 0.6500E-01 0.0000E+00 0.0000E+00 0.0000E+00 0.0000E+00 0.0000E+00 0.0000E+00 0.0000E+00 0.0000E+00 0.0000E+00 0.9000E-02 0.8300E-01 0.1840E+00 0.3420E+00 0.6880E+00 0.1280E+01 0.4795E+01 0.4568E+01 0.1236E+01 0.6700E+00 0.3650E+00 0.1450E+00 0.0000E+00 0.0000E+00 0.0000E+00 -0.9990E+03 -0.9990E+03 -0.9990E+03 -0.9990E+03 -0.9990E+03 -0.9990E+03 -0.9990E+03 -0.9990E+03 -0.9990E+03 -0.9990E+03 -0.9990E+03
0.1115E+01 0.3621E+01 0.6063E+01 0.7334E+01 0.7149E+01 0.7033E+01 0.6546E+01 0.6616E+01 0.7609E+01 0.7530E+01 0.6824E+01 0.7257E+01 0.6766E+01 0.2806E+01 0.1629E+01 0.1011E+01 0.9970E+00 0.7690E+00 0.6110E+00 0.4640E+00 0.3320E+00 0.1980E+00 0.1280E+00 0.3900E-01 0.0000E+00 0.0000E+00 0.0000E+00 0.0000E+00 0.0000E+00 0.0000E+00 0.1400E-01 0.1070E+00 0.2090E+00 0.4260E+00 0.7070E+00 0.1145E+01 0.1745E+01 0.6492E+01 0.2845E+01 0.9690E+00 0.9290E+00 0.5710E+00 0.3260E+00 0.2570E+00 0.1610E+00 -0.9990E+03 -0.9990E+03 -0.9990E+03 -0.9990E+03 -0.9990E+03 -0.9990E+03 -0.9990E+03 -0.9990E+03 -0.9990E+03 -0.9990E+03 -0.9990E+03
0.6656E+01 0.4534E+01 0.1485E+01 0.1337E+01 0.1231E+01 0.9140E+00 0.1230E+01 0.1247E+01 0.1336E+01 0.1346E+01 0.1262E+01 0.8410E+00 0.8160E+00 0.5333E+01 0.7077E+01 0.5689E+01 0.1584E+01 0.1077E+01 0.1157E+01 0.8550E+00 0.7050E+00 0.5600E+00 0.3460E+00 0.2640E+00 0.1400E+00 0.6000E-01 0.0000E+00 0.1000E-02 0.3900E-01 0.9600E-01 0.2060E+00 0.2570E+00 0.2950E+00 0.7560E+00 0.1058E+01 0.1346E+01 0.1640E+01 0.2361E+01 0.7641E+01 0.1852E+01 0.1332E+01 0.6940E+00 0.5330E+00 0.4420E+00 0.3170E+00 -0.9990E+03 -0.9990E+03 -0.9990E+03 -0.9990E+03 -0.9990E+03 -0.9990E+03 -0.9990E+03 -0.9990E+03 -0.9990E+03 -0.9990E+03 -0.9990E+03
0.1455E+01 0.9820E+00 0.7150E+00 0.6080E+00 0.5640E+00 0.4640E+00 0.5280E+00 0.5510E+00 0.5980E+00 0.6080E+00 0.6120E+00 0.3190E+00 0.3960E+00 0.8700E+00 0.1290E+01 0.2656E+01 0.5727E+01 0.6759E+01 0.1854E+01 0.1754E+01 0.1434E+01 0.7310E+00 0.6650E+00 0.6190E+00 0.5790E+00 0.5400E+00 0.5240E+00 0.5280E+00 0.3950E+00 0.3750E+00 0.6600E+00 0.8070E+00 0.9480E+00 0.1390E+01 0.1762E+01 0.1756E+01 0.1924E+01 0.2771E+01 0.7263E+01 0.2989E+01 0.2296E+01 0.1597E+01 0.9860E+00 0.9410E+00 0.5710E+00 0.2590E+00 -0.9990E+03 -0.9990E+03 -0.9990E+03 -0.9990E+03 -0.9990E+03 -0.9990E+03 -0.9990E+03 -0.9990E+03 -0.9990E+03 -0.9990E+03
0.6760E+00 0.4990E+00 0.4100E+00 0.3530E+00 0.3320E+00 0.3120E+00 0.2130E+00 0.3170E+00 0.3330E+00 0.3210E+00 0.2200E+00 0.3580E+00 0.2940E+00 0.4740E+00 0.6220E+00 0.5160E+00 0.7870E+00 0.1667E+01 0.6479E+01 0.7033E+01 0.4569E+01 0.1895E+01 0.1571E+01 0.1120E+01 0.8290E+00 0.8700E+00 0.8740E+00 0.7760E+00 0.6100E+00 0.6340E+00 0.1119E+01 0.1696E+01 0.2214E+01 0.4588E+01 0.7934E+01 0.7172E+01 0.6431E+01 0.7718E+01 0.1334E+02 0.7162E+01 0.7318E+01 0.5833E+01 0.4504E+01 0.4178E+01 0.9150E+00 0.3880E+00 -0.9990E+03 -0.9990E+03 -0.9990E+03 -0.9990E+03 -0.9990E+03 -0.9990E+03 -0.9990E+03 -0.9990E+03 -0.9990E+03 -0.9990E+03
0.2510E+00 0.1860E+00 0.1090E+00 0.5400E-01 0.1800E-01 0.0000E+00 0.0000E+00 0.0000E+00 0.0000E+00 0.0000E+00 0.1700E-01 0.8900E-01 0.1460E+00 0.1730E+00 0.3040E+00 0.3790E+00 0.5490E+00 0.7750E+00 0.1083E+01 0.1370E+01 0.4090E+01 0.6847E+01 0.5774E+01 0.1859E+01 0.1787E+01 0.1665E+01 0.1867E+01 0.1709E+01 0.1731E+01 0.1922E+01 0.2405E+01 0.7976E+01 0.8014E+01 0.5889E+01 0.1709E+01 0.1461E+01 0.1566E+01 0.1932E+01 0.8696E+01 0.1905E+01 0.1390E+01 0.1005E+01 0.6150E+00 0.1668E+01 0.3078E+01 -0.9990E+03 -0.9990E+03 -0.9990E+03 -0.9990E+03 -0.9990E+03 -0.9990E+03 -0.9990E+03 -0.9990E+03 -0.9990E+03 -0.9990E+03 -0.9990E+03
0.1790E+00 0.6200E-01 0.1800E-01 0.0000E+00 0.0000E+00 0.0000E+00 0.0000E+00 0.0000E+00 0.0000E+00 0.0000E+00 0.0000E+00 0.0000E+00 0.1100E-01 0.4400E-01 0.9900E-01 0.1730E+00 0.2680E+00 0.3810E+00 0.5030E+00 0.6790E+00 0.9260E+00 0.1307E+01 0.3071E+01 0.6445E+01 0.6629E+01 0.6923E+01 0.7027E+01 0.6956E+01 0.6808E+01 0.7050E+01 0.7134E+01 0.1736E+01 0.1389E+01 0.1053E+01 0.7340E+00 0.7560E+00 0.8880E+00 0.1461E+01 0.6261E+01 0.1428E+01 0.9210E+00 0.7410E+00 0.4120E+00 0.4370E+00 0.3630E+00 0.1320E+00 -0.9990E+03 -0.9990E+03 -0.9990E+03 -0.9990E+03 -0.9990E+03 -0.9990E+03 -0.9990E+03 -0.9990E+03 -0.9990E+03 -0.9990E+03
0.2390E+00 0.1160E+00 0.5600E-01 0.0000E+00 0.0000E+00 0.0000E+00 0.0000E+00 0.0000E+00 0.0000E+00 0.0000E+00 0.0000E+00 0.0000E+00 0.0000E+00 0.0000E+00 0.2000E-02 0.4100E-01 0.9900E-01 0.1680E+00 0.2500E+00 0.3220E+00 0.2930E+00 0.6490E+00 0.8610E+00 0.1028E+01 0.7960E+00 0.1214E+01 0.1268E+01 0.1209E+01 0.1128E+01 0.1194E+01 0.1115E+01 0.7770E+00 0.6270E+00 0.4620E+00 0.3920E+00 0.4940E+00 0.5230E+00 0.1092E+01 0.6763E+01 0.1463E+01 0.1184E+01 0.7550E+00 0.3900E+00 0.2720E+00 0.1590E+00 0.6400E-01 -0.9990E+03 -0.9990E+03 -0.9990E+03 -0.9990E+03 -0.9990E+03 -0.9990E+03 -0.9990E+03 -0.9990E+03 -0.9990E+03 -0.9990E+03
0.5520E+00 0.3450E+00 0.1860E+00 0.7100E-01 0.0000E+00 0.0000E+00 0.0000E+00 0.0000E+00 0.0000E+00 0.0000E+00 0.0000E+00 0.0000E+00 0.0000E+00 0.0000E+00 0.0000E+00 0.0000E+00 0.0000E+00 0.2200E-01 0.7000E-01 0.1260E+00 0.2140E+00 0.3040E+00 0.3900E+00 0.4480E+00 0.4950E+00 0.3790E+00 0.5490E+00 0.5370E+00 0.5320E+00 0.4860E+00 0.4760E+00 0.3790E+00 0.1580E+00 0.1060E+00 0.1160E+00 0.1820E+00 0.2790E+00 0.5700E+00 0.1913E+01 0.6963E+01 0.3158E+01 0.8440E+00 0.3610E+00 0.2200E+00 0.4000E-01 0.1800E-01 -0.9990E+03 -0.9990E+03 -0.9990E+03 -0.9990E+03 -0.9990E+03 -0.9990E+03 -0.9990E+03 -0.9990E+03 -0.9990E+03 -0.9990E+03
0.1043E+01 0.6170E+00 0.2640E+00 0.1880E+00 0.6600E-01 0.0000E+00 0.0000E+00 0.0000E+00 0.0000E+00 0.0000E+00 0.0000E+00 0.0000E+00 0.0000E+00 0.0000E+00 0.0000E+00 0.0000E+00 0.0000E+00 0.0000E+00 0.0000E+00 0.1400E-01 0.5600E-01 0.6300E-01 0.1400E+00 0.2150E+00 0.2710E+00 0.3070E+00 0.3130E+00 0.3180E+00 0.2800E+00 0.2380E+00 0.1780E+00 0.1170E+00 0.7100E-01 0.3000E-01 0.0000E+00 0.7000E-01 0.1940E+00 0.3940E+00 0.6990E+00 0.1056E+01 0.6654E+01 0.1224E+01 0.4870E+00 0.1910E+00 0.1800E-01 -0.9990E+03 -0.9990E+03 -0.9990E+03 -0.9990E+03 -0.9990E+03 -0.9990E+03 -0.9990E+03 -0.9990E+03 -0.9990E+03 -0.9990E+03 -0.9990E+03
0.1919E+01 0.8860E+00 0.5910E+00 0.3200E+00 0.1410E+00 0.2900E-01 0.0000E+00 0.0000E+00 0.0000E+00 0.0000E+00 0.0000E+00 0.0000E+00 0.0000E+00 0.0000E+00 0.0000E+00 0.0000E+00 0.0000E+00 0.0000E+00 0.0000E+00 0.0000E+00 0.0000E+00 0.0000E+00 0.0000E+00 0.0000E+00 0.0000E+00 0.0000E+00 0.0000E+00 0.0000E+00 0.0000E+00 0.0000E+00 0.0000E+00 0.0000E+00 0.0000E+00 0.0000E+00 0.0000E+00 0.5100E-01 0.1720E+00 0.3650E+00 0.4750E+00 0.8880E+00 0.5339E+01 0.1906E+01 0.5080E+00 0.1630E+00 -0.9990E+03 -0.9990E+03 -0.9990E+03 -0.9990E+03 -0.9990E+03 -0.9990E+03 -0.9990E+03 -0.9990E+03 -0.9990E+03 -0.9990E+03 -0.9990E+03 -0.9990E+03
0.7809E+01 0.1282E+01 0.8960E+00 0.5050E+00 0.2350E+00 0.9500E-01 0.1400E-01 0.0000E+00 0.0000E+00 0.0000E+00 0.0000E+00 0.0000E+00 0.0000E+00 0.0000E+00 0.0000E+00 0.0000E+00 0.0000E+00 0.0000E+00 0.0000E+00 0.0000E+00 0.0000E+00 0.0000E+00 0.0000E+00 0.0000E+00 0.0000E+00 0.0000E+00 0.0000E+00 0.0000E+00 0.0000E+00 0.0000E+00 0.0000E+00 0.0000E+00 0.0000E+00 0.0000E+00 0.9000E-02 0.4900E-01 0.1410E+00 0.4160E+00 0.5810E+00 0.3631E+01 0.1256E+01 0.1491E+01 0.3930E+00 -0.9990E+03 -0.9990E+03 -0.9990E+03 -0.9990E+03 -0.9990E+03 -0.9990E+03 -0.9990E+03 -0.9990E+03 -0.9990E+03 -0.9990E+03 -0.9990E+03 -0.9990E+03 -0.9990E+03
0.1830E+01 0.7013E+01 0.1509E+01 0.8090E+00 0.4090E+00 0.2330E+00 0.1100E+00 0.2600E-01 0.0000E+00 0.0000E+00 0.0000E+00 0.0000E+00 0.0000E+00 0.0000E+00 0.0000E+00 0.0000E+00 0.0000E+00 0.0000E+00 0.0000E+00 0.0000E+00 0.0000E+00 0.0000E+00 0.0000E+00 0.0000E+00 0.0000E+00 0.0000E+00 0.0000E+00 0.0000E+00 0.0000E+00 0.0000E+00 0.0000E+00 0.0000E+00 0.0000E+00 0.6000E-02 0.3600E-01 0.1020E+00 0.2280E+00 0.5610E+00 0.9360E+00 0.4678E+01 0.7960E+00 0.3180E+00 -0.9990E+03 -0.9990E+03 -0.9990E+03 -0.9990E+03 -0.9990E+03 -0.9990E+03 -0.9990E+03 -0.9990E+03 -0.9990E+03 -0.9990E+03 -0.9990E+03 -0.9990E+03 -0.9990E+03 -0.9990E+03
