Data/rwc_O3_RR2025_2002.asc
NCOLS          280
NROWS          320
XLLCORNER            0
YLLCORNER       300000
CELLSIZE         1000
NODATA_VALUE  -0.9990E+03
[rows 192 to 215 of 320, columns 165 to 219 of 280]
0.0000E+00 0.0000E+00 0.0000E+00 0.0000E+00 0.0000E+00 0.0000E+00 -0.1000E-01 -0.1140E+00 -0.2590E+00 -0.6420E+00 -0.2803E+01 -0.1104E+01 -0.7110E+00 -0.6210E+00 -0.5640E+00 -0.8120E+00 -0.2490E+01 -0.5640E+00 -0.1860E+00 -0.1070E+00 -0.2700E-01 0.0000E+00 0.0000E+00 0.0000E+00 0.0000E+00 0.0000E+00 0.0000E+00 0.0000E+00 0.0000E+00 0.0000E+00 0.0000E+00 0.0000E+00 0.0000E+00 0.0000E+00 -0.9990E+03 -0.9990E+03 -0.9990E+03 -0.9990E+03 -0.9990E+03 -0.9990E+03 -0.9990E+03 -0.9990E+03 -0.9990E+03 -0.9990E+03 -0.9990E+03 -0.9990E+03 -0.9990E+03 -0.9990E+03 -0.9990E+03 -0.9990E+03 -0.9990E+03 -0.9990E+03 -0.9990E+03 -0.9990E+03 -0.9990E+03
0.0000E+00 0.0000E+00 0.0000E+00 0.0000E+00 0.0000E+00 0.0000E+00 -0.3900E-01 -0.1720E+00 -0.3510E+00 -0.7540E+00 -0.2789E+01 -0.8200E+00 -0.4530E+00 -0.2940E+00 -0.2830E+00 -0.3600E+00 -0.1969E+01 -0.4400E+00 -0.2180E+00 -0.1340E+00 -0.5400E-01 -0.1300E-01 0.0000E+00 0.0000E+00 0.0000E+00 0.0000E+00 0.0000E+00 0.0000E+00 0.0000E+00 0.0000E+00 -0.9990E+03 -0.9990E+03 -0.9990E+03 -0.9990E+03 -0.9990E+03 -0.9990E+03 -0.9990E+03 -0.9990E+03 -0.9990E+03 -0.9990E+03 -0.9990E+03 -0.9990E+03 -0.9990E+03 -0.9990E+03 -0.9990E+03 -0.9990E+03 -0.9990E+03 -0.9990E+03 -0.9990E+03 -0.9990E+03 -0.9990E+03 -0.9990E+03 -0.9990E+03 -0.9990E+03 -0.9990E+03
0.0000E+00 0.0000E+00 0.0000E+00 0.0000E+00 0.0000E+00 -0.2300E-01 -0.9200E-01 -0.2600E+00 -0.4650E+00 -0.8840E+00 -0.2347E+01 -0.6760E+00 -0.1830E+00 -0.1380E+00 -0.1580E+00 -0.3020E+00 -0.2198E+01 -0.9880E+00 -0.3550E+00 -0.2260E+00 -0.1050E+00 -0.4600E-01 -0.2000E-01 -0.1000E-02 0.0000E+00 0.0000E+00 0.0000E+00 0.0000E+00 0.0000E+00 0.0000E+00 -0.9990E+03 -0.9990E+03 -0.9990E+03 -0.9990E+03 -0.9990E+03 -0.9990E+03 -0.9990E+03 -0.9990E+03 -0.9990E+03 -0.9990E+03 -0.9990E+03 -0.9990E+03 -0.9990E+03 -0.9990E+03 -0.9990E+03 -0.9990E+03 -0.9990E+03 -0.9990E+03 -0.9990E+03 -0.9990E+03 -0.9990E+03 -0.9990E+03 -0.9990E+03 -0.9990E+03 -0.9990E+03
0.0000E+00 0.0000E+00 0.0000E+00 0.0000E+00 -0.3400E-01 -0.8000E-01 -0.1950E+00 -0.4080E+00 -0.7140E+00 -0.2086E+01 -0.2337E+01 -0.4380E+00 -0.1190E+00 -0.8200E-01 -0.1010E+00 -0.2010E+00 -0.6930E+00 -0.3067E+01 -0.5280E+00 -0.2980E+00 -0.1590E+00 -0.1200E+00 -0.6500E-01 -0.2900E-01 0.0000E+00 0.0000E+00 0.0000E+00 0.0000E+00 0.0000E+00 0.0000E+00 0.0000E+00 -0.9990E+03 -0.9990E+03 -0.9990E+03 -0.9990E+03 -0.9990E+03 -0.9990E+03 -0.9990E+03 -0.9990E+03 -0.9990E+03 -0.9990E+03 -0.9990E+03 -0.9990E+03 -0.9990E+03 -0.9990E+03 -0.9990E+03 -0.9990E+03 -0.9990E+03 -0.9990E+03 -0.9990E+03 -0.9990E+03 -0.9990E+03 -0.9990E+03 -0.9990E+03 -0.9990E+03
0.0000E+00 0.0000E+00 0.0000E+00 -0.1800E-01 -0.7600E-01 -0.1530E+00 -0.2950E+00 -0.5710E+00 -0.1110E+01 -0.3940E+01 -0.9630E+00 -0.3310E+00 -0.9600E-01 -0.5400E-01 -0.1120E+00 -0.1600E+00 -0.4870E+00 -0.1870E+01 -0.2119E+01 -0.5940E+00 -0.5250E+00 -0.2790E+00 -0.1360E+00 -0.7200E-01 -0.2000E-01 0.0000E+00 0.0000E+00 0.0000E+00 0.0000E+00 0.0000E+00 0.0000E+00 -0.9990E+03 -0.9990E+03 -0.9990E+03 -0.9990E+03 -0.9990E+03 -0.9990E+03 -0.9990E+03 -0.9990E+03 -0.9990E+03 -0.9990E+03 -0.9990E+03 -0.9990E+03 -0.9990E+03 -0.9990E+03 -0.9990E+03 -0.9990E+03 -0.9990E+03 -0.9990E+03 -0.9990E+03 -0.9990E+03 -0.9990E+03 -0.9990E+03 -0.9990E+03 -0.9990E+03
0.0000E+00 0.0000E+00 0.0000E+00 -0.5300E-01 -0.1360E+00 -0.2720E+00 -0.5650E+00 -0.8220E+00 -0.3257E+01 -0.1707E+01 -0.5670E+00 -0.2560E+00 -0.1180E+00 -0.3800E-01 -0.6300E-01 -0.1460E+00 -0.2860E+00 -0.5610E+00 -0.1925E+01 -0.3450E+01 -0.1137E+01 -0.3710E+00 -0.1840E+00 -0.1140E+00 -0.4900E-01 0.0000E+00 0.0000E+00 0.0000E+00 0.0000E+00 0.0000E+00 0.0000E+00 -0.9990E+03 -0.9990E+03 -0.9990E+03 -0.9990E+03 -0.9990E+03 -0.9990E+03 -0.9990E+03 -0.9990E+03 -0.9990E+03 -0.9990E+03 -0.9990E+03 -0.9990E+03 -0.9990E+03 -0.9990E+03 -0.9990E+03 -0.9990E+03 -0.9990E+03 -0.9990E+03 -0.9990E+03 -0.9990E+03 -0.9990E+03 -0.9990E+03 -0.9990E+03 -0.9990E+03
0.0000E+00 0.0000E+00 -0.3000E-02 -0.8800E-01 -0.2160E+00 -0.4560E+00 -0.1079E+01 -0.3892E+01 -0.1458E+01 -0.6420E+00 -0.3240E+00 -0.1540E+00 -0.6700E-01 -0.1100E-01 -0.3500E-01 -0.8500E-01 -0.1780E+00 -0.3210E+00 -0.5280E+00 -0.9010E+00 -0.3558E+01 -0.6990E+00 -0.2470E+00 -0.1550E+00 -0.9500E-01 0.0000E+00 0.0000E+00 0.0000E+00 0.0000E+00 0.0000E+00 0.0000E+00 0.0000E+00 -0.9990E+03 -0.9990E+03 -0.9990E+03 -0.9990E+03 -0.9990E+03 -0.9990E+03 -0.9990E+03 -0.9990E+03 -0.9990E+03 -0.9990E+03 -0.9990E+03 -0.9990E+03 -0.9990E+03 -0.9990E+03 -0.9990E+03 -0.9990E+03 -0.9990E+03 -0.9990E+03 -0.9990E+03 -0.9990E+03 -0.9990E+03 -0.9990E+03 -0.9990E+03
-0.3000E-02 -0.1800E-01 -0.3700E-01 -0.1220E+00 -0.3680E+00 -0.7710E+00 -0.3044E+01 -0.1234E+01 -0.7020E+00 -0.3640E+00 -0.1840E+00 -0.8600E-01 -0.3800E-01 0.0000E+00 -0.9000E-02 -0.3900E-01 -0.9100E-01 -0.1940E+00 -0.3680E+00 -0.5740E+00 -0.9970E+00 -0.2406E+01 -0.3780E+00 -0.2070E+00 -0.1080E+00 0.0000E+00 0.0000E+00 0.0000E+00 0.0000E+00 0.0000E+00 0.0000E+00 0.0000E+00 -0.9990E+03 -0.9990E+03 -0.9990E+03 -0.9990E+03 -0.9990E+03 -0.9990E+03 -0.9990E+03 -0.9990E+03 -0.9990E+03 -0.9990E+03 -0.9990E+03 -0.9990E+03 -0.9990E+03 -0.9990E+03 -0.9990E+03 -0.9990E+03 -0.9990E+03 -0.9990E+03 -0.9990E+03 -0.9990E+03 -0.9990E+03 -0.9990E+03 -0.9990E+03
-0.1180E+00 -0.1240E+00 -0.1620E+00 -0.3070E+00 -0.5490E+00 -0.8080E+00 -0.3554E+01 -0.9990E+00 -0.4740E+00 -0.2510E+00 -0.9300E-01 -0.3500E-01 -0.6000E-02 0.0000E+00 0.0000E+00 -0.1100E-01 -0.4600E-01 -0.7000E-01 -0.2880E+00 -0.4240E+00 -0.7460E+00 -0.2798E+01 -0.7850E+00 -0.2030E+00 -0.1280E+00 -0.1000E-02 0.0000E+00 0.0000E+00 0.0000E+00 0.0000E+00 0.0000E+00 0.0000E+00 -0.9990E+03 -0.9990E+03 -0.9990E+03 -0.9990E+03 -0.9990E+03 -0.9990E+03 -0.9990E+03 -0.9990E+03 -0.9990E+03 -0.9990E+03 -0.9990E+03 -0.9990E+03 -0.9990E+03 -0.9990E+03 -0.9990E+03 -0.9990E+03 -0.9990E+03 -0.9990E+03 -0.9990E+03 -0.9990E+03 -0.9990E+03 -0.9990E+03 -0.9990E+03
-0.1960E+00 -0.2170E+00 -0.3530E+00 -0.5330E+00 -0.8060E+00 -0.1696E+01 -0.3395E+01 -0.7440E+00 -0.3130E+00 -0.1530E+00 -0.3800E-01 -0.3000E-02 0.0000E+00 0.0000E+00 0.0000E+00 0.0000E+00 0.0000E+00 -0.3400E-01 -0.2180E+00 -0.3840E+00 -0.7700E+00 -0.2993E+01 -0.6640E+00 -0.3620E+00 -0.1450E+00 -0.2900E-01 0.0000E+00 0.0000E+00 0.0000E+00 0.0000E+00 0.0000E+00 -0.9990E+03 -0.9990E+03 -0.9990E+03 -0.9990E+03 -0.9990E+03 -0.9990E+03 -0.9990E+03 -0.9990E+03 -0.9990E+03 -0.9990E+03 -0.9990E+03 -0.9990E+03 -0.9990E+03 -0.9990E+03 -0.9990E+03 -0.9990E+03 -0.9990E+03 -0.9990E+03 -0.9990E+03 -0.9990E+03 -0.9990E+03 -0.9990E+03 -0.9990E+03 -0.9990E+03
-0.5080E+00 -0.7710E+00 -0.7370E+00 -0.1743E+01 -0.3619E+01 -0.3388E+01 -0.5270E+00 -0.2390E+00 -0.1820E+00 -0.8400E-01 -0.3000E-02 0.0000E+00 0.0000E+00 0.0000E+00 0.0000E+00 0.0000E+00 0.0000E+00 -0.2000E-02 -0.1930E+00 -0.3660E+00 -0.8000E+00 -0.3229E+01 -0.8690E+00 -0.4320E+00 -0.2580E+00 -0.7400E-01 -0.2000E-01 0.0000E+00 0.0000E+00 0.0000E+00 -0.9990E+03 -0.9990E+03 -0.9990E+03 -0.9990E+03 -0.9990E+03 -0.9990E+03 -0.9990E+03 -0.9990E+03 -0.9990E+03 -0.9990E+03 -0.9990E+03 -0.9990E+03 -0.9990E+03 -0.9990E+03 -0.9990E+03 -0.9990E+03 -0.9990E+03 -0.9990E+03 -0.9990E+03 -0.9990E+03 -0.9990E+03 -0.9990E+03 -0.9990E+03 -0.9990E+03 -0.9990E+03
-0.2148E+01 -0.2833E+01 -0.2387E+01 -0.3451E+01 -0.1053E+01 -0.6840E+00 -0.3180E+00 -0.1310E+00 -0.9300E-01 -0.4000E-01 0.0000E+00 0.0000E+00 0.0000E+00 0.0000E+00 0.0000E+00 0.0000E+00 0.0000E+00 0.0000E+00 -0.1480E+00 -0.3180E+00 -0.7570E+00 -0.3206E+01 -0.6810E+00 -0.3250E+00 -0.3420E+00 -0.1440E+00 -0.6000E-01 0.0000E+00 0.0000E+00 0.0000E+00 0.0000E+00 0.0000E+00 0.0000E+00 0.0000E+00 -0.9990E+03 -0.9990E+03 -0.9990E+03 -0.9990E+03 -0.9990E+03 -0.9990E+03 -0.9990E+03 -0.9990E+03 -0.9990E+03 -0.9990E+03 -0.9990E+03 -0.9990E+03 -0.9990E+03 -0.9990E+03 -0.9990E+03 -0.9990E+03 -0.9990E+03 -0.9990E+03 -0.9990E+03 -0.9990E+03 -0.9990E+03
-0.4400E+00 -0.7780E+00 -0.2932E+01 -0.1075E+01 -0.4760E+00 -0.4110E+00 -0.1570E+00 -0.1080E+00 -0.5300E-01 -0.1600E-01 0.0000E+00 0.0000E+00 0.0000E+00 0.0000E+00 0.0000E+00 0.0000E+00 0.0000E+00 0.0000E+00 -0.1190E+00 -0.2030E+00 -0.3410E+00 -0.1234E+01 -0.2891E+01 -0.4820E+00 -0.3520E+00 -0.2410E+00 -0.1100E+00 -0.3200E-01 0.0000E+00 0.0000E+00 0.0000E+00 0.0000E+00 0.0000E+00 0.0000E+00 0.0000E+00 -0.9990E+03 -0.9990E+03 -0.9990E+03 -0.9990E+03 -0.9990E+03 -0.9990E+03 -0.9990E+03 -0.9990E+03 -0.9990E+03 -0.9990E+03 -0.9990E+03 -0.9990E+03 -0.9990E+03 -0.9990E+03 -0.9990E+03 -0.9990E+03 -0.9990E+03 -0.9990E+03 -0.9990E+03 -0.9990E+03
-0.4030E+00 -0.6290E+00 -0.2519E+01 -0.7930E+00 -0.4530E+00 -0.2990E+00 -0.1050E+00 -0.4900E-01 -0.2200E-01 0.0000E+00 0.0000E+00 0.0000E+00 0.0000E+00 0.0000E+00 0.0000E+00 0.0000E+00 0.0000E+00 0.0000E+00 -0.7600E-01 -0.1550E+00 -0.2930E+00 -0.5270E+00 -0.9490E+00 -0.2209E+01 -0.4360E+00 -0.3410E+00 -0.1940E+00 -0.7500E-01 0.0000E+00 0.0000E+00 0.0000E+00 0.0000E+00 0.0000E+00 0.0000E+00 0.0000E+00 0.0000E+00 -0.9990E+03 -0.9990E+03 -0.9990E+03 -0.9990E+03 -0.9990E+03 -0.9990E+03 -0.9990E+03 -0.9990E+03 -0.9990E+03 -0.9990E+03 -0.9990E+03 -0.9990E+03 -0.9990E+03 -0.9990E+03 -0.9990E+03 -0.9990E+03 -0.9990E+03 -0.9990E+03 -0.9990E+03
-0.3200E+00 -0.4650E+00 -0.1992E+01 -0.6880E+00 -0.4260E+00 -0.2830E+00 -0.9100E-01 -0.1600E-01 0.0000E+00 0.0000E+00 0.0000E+00 0.0000E+00 0.0000E+00 0.0000E+00 0.0000E+00 0.0000E+00 0.0000E+00 0.0000E+00 -0.3800E-01 -0.7900E-01 -0.1750E+00 -0.3480E+00 -0.6310E+00 -0.3023E+01 -0.8410E+00 -0.5330E+00 -0.2920E+00 -0.1410E+00 -0.2100E-01 0.0000E+00 0.0000E+00 0.0000E+00 0.0000E+00 0.0000E+00 0.0000E+00 -0.9990E+03 -0.9990E+03 -0.9990E+03 -0.9990E+03 -0.9990E+03 -0.9990E+03 -0.9990E+03 -0.9990E+03 -0.9990E+03 -0.9990E+03 -0.9990E+03 -0.9990E+03 -0.9990E+03 -0.9990E+03 -0.9990E+03 -0.9990E+03 -0.9990E+03 -0.9990E+03 -0.9990E+03 -0.9990E+03
-0.1470E+00 -0.2570E+00 -0.1108E+01 -0.1800E+01 -0.5770E+00 -0.3080E+00 -0.1580E+00 -0.5200E-01 0.0000E+00 0.0000E+00 0.0000E+00 0.0000E+00 0.0000E+00 0.0000E+00 0.0000E+00 0.0000E+00 0.0000E+00 0.0000E+00 -0.5000E-02 -0.3600E-01 -0.1130E+00 -0.2600E+00 -0.5100E+00 -0.1669E+01 -0.2748E+01 -0.8180E+00 -0.4040E+00 -0.1290E+00 -0.6800E-01 -0.5000E-02 -0.7000E-02 -0.1400E-01 -0.3000E-01 -0.3700E-01 -0.3200E-01 -0.9990E+03 -0.9990E+03 -0.9990E+03 -0.9990E+03 -0.9990E+03 -0.9990E+03 -0.9990E+03 -0.9990E+03 -0.9990E+03 -0.9990E+03 -0.9990E+03 -0.9990E+03 -0.9990E+03 -0.9990E+03 -0.9990E+03 -0.9990E+03 -0.9990E+03 -0.9990E+03 -0.9990E+03 -0.9990E+03
-0.1110E+00 -0.2380E+00 -0.5220E+00 -0.2713E+01 -0.7250E+00 -0.4290E+00 -0.1560E+00 -0.7200E-01 0.0000E+00 0.0000E+00 0.0000E+00 0.0000E+00 0.0000E+00 0.0000E+00 0.0000E+00 0.0000E+00 0.0000E+00 0.0000E+00 0.0000E+00 -0.2000E-02 -0.6500E-01 -0.1870E+00 -0.2300E+00 -0.6710E+00 -0.3112E+01 -0.9390E+00 -0.6110E+00 -0.3560E+00 -0.2010E+00 -0.9500E-01 -0.5600E-01 -0.6200E-01 -0.7400E-01 -0.9500E-01 -0.8400E-01 -0.9990E+03 -0.9990E+03 -0.9990E+03 -0.9990E+03 -0.9990E+03 -0.9990E+03 -0.9990E+03 -0.9990E+03 -0.9990E+03 -0.9990E+03 -0.9990E+03 -0.9990E+03 -0.9990E+03 -0.9990E+03 -0.9990E+03 -0.9990E+03 -0.9990E+03 -0.9990E+03 -0.9990E+03 -0.9990E+03
-0.8200E-01 -0.2140E+00 -0.4320E+00 -0.1561E+01 -0.2153E+01 -0.5910E+00 -0.2630E+00 -0.8700E-01 0.0000E+00 0.0000E+00 0.0000E+00 0.0000E+00 0.0000E+00 0.0000E+00 0.0000E+00 0.0000E+00 0.0000E+00 0.0000E+00 0.0000E+00 0.0000E+00 -0.3600E-01 -0.1300E+00 -0.2850E+00 -0.6200E+00 -0.2231E+01 -0.2325E+01 -0.9020E+00 -0.5380E+00 -0.3460E+00 -0.2110E+00 -0.1400E+00 -0.1220E+00 -0.1590E+00 -0.2210E+00 -0.1830E+00 -0.9990E+03 -0.9990E+03 -0.9990E+03 -0.9990E+03 -0.9990E+03 -0.9990E+03 -0.9990E+03 -0.9990E+03 -0.9990E+03 -0.9990E+03 -0.9990E+03 -0.9990E+03 -0.9990E+03 -0.9990E+03 -0.9990E+03 -0.9990E+03 -0.9990E+03 -0.9990E+03 -0.9990E+03 -0.9990E+03
-0.6600E-01 -0.2080E+00 -0.3600E+00 -0.7000E+00 -0.2574E+01 -0.4790E+00 -0.2060E+00 -0.8700E-01 0.0000E+00 0.0000E+00 0.0000E+00 0.0000E+00 0.0000E+00 0.0000E+00 0.0000E+00 0.0000E+00 0.0000E+00 0.0000E+00 0.0000E+00 0.0000E+00 -0.9000E-02 -0.9100E-01 -0.2420E+00 -0.4580E+00 -0.9180E+00 -0.3520E+01 -0.1202E+01 -0.7590E+00 -0.4960E+00 -0.4560E+00 -0.3030E+00 -0.3460E+00 -0.9610E+00 -0.8610E+00 -0.6720E+00 -0.9900E-01 -0.3100E-01 -0.9990E+03 -0.9990E+03 -0.9990E+03 -0.9990E+03 -0.9990E+03 -0.9990E+03 -0.9990E+03 -0.9990E+03 -0.9990E+03 -0.9990E+03 -0.9990E+03 -0.9990E+03 -0.9990E+03 -0.9990E+03 -0.9990E+03 -0.9990E+03 -0.9990E+03 -0.9990E+03
-0.1220E+00 -0.2770E+00 -0.4310E+00 -0.7780E+00 -0.2646E+01 -0.3830E+00 -0.1760E+00 -0.8400E-01 0.0000E+00 0.0000E+00 0.0000E+00 0.0000E+00 0.0000E+00 0.0000E+00 0.0000E+00 0.0000E+00 0.0000E+00 0.0000E+00 0.0000E+00 0.0000E+00 0.0000E+00 -0.4600E-01 -0.1790E+00 -0.3590E+00 -0.7290E+00 -0.3703E+01 -0.2158E+01 -0.1911E+01 -0.1552E+01 -0.1367E+01 -0.1369E+01 -0.1019E+01 -0.2560E+00 -0.1650E+00 -0.1120E+00 -0.5200E-01 -0.2200E-01 -0.7000E-02 0.0000E+00 0.0000E+00 -0.9990E+03 -0.9990E+03 -0.9990E+03 -0.9990E+03 -0.9990E+03 -0.9990E+03 -0.9990E+03 -0.9990E+03 -0.9990E+03 -0.9990E+03 -0.9990E+03 -0.9990E+03 -0.9990E+03 -0.9990E+03 -0.9990E+03
-0.2610E+00 -0.3040E+00 -0.5830E+00 -0.9160E+00 -0.2467E+01 -0.3470E+00 -0.1490E+00 -0.6800E-01 0.0000E+00 0.0000E+00 0.0000E+00 0.0000E+00 0.0000E+00 0.0000E+00 0.0000E+00 0.0000E+00 0.0000E+00 0.0000E+00 0.0000E+00 0.0000E+00 0.0000E+00 -0.1400E-01 -0.1200E+00 -0.2840E+00 -0.3550E+00 -0.1337E+01 -0.3124E+01 -0.7640E+00 -0.3290E+00 -0.3980E+00 -0.2960E+00 -0.1840E+00 -0.9800E-01 -0.5100E-01 -0.3000E-01 -0.1900E-01 -0.1500E-01 -0.5000E-02 0.0000E+00 0.0000E+00 0.0000E+00 -0.9990E+03 -0.9990E+03 -0.9990E+03 -0.9990E+03 -0.9990E+03 -0.9990E+03 -0.9990E+03 -0.9990E+03 -0.9990E+03 -0.9990E+03 -0.9990E+03 -0.9990E+03 -0.9990E+03 -0.9990E+03
-0.4890E+00 -0.7500E+00 -0.9440E+00 -0.1986E+01 -0.2477E+01 -0.3040E+00 -0.1080E+00 -0.6300E-01 0.0000E+00 0.0000E+00 0.0000E+00 0.0000E+00 0.0000E+00 0.0000E+00 0.0000E+00 0.0000E+00 0.0000E+00 0.0000E+00 0.0000E+00 0.0000E+00 0.0000E+00 0.0000E+00 -0.7400E-01 -0.2000E+00 -0.3730E+00 -0.6540E+00 -0.3176E+01 -0.6050E+00 -0.2960E+00 -0.1980E+00 -0.1930E+00 -0.9500E-01 -0.5800E-01 -0.4300E-01 -0.2200E-01 -0.1000E-01 -0.8000E-02 -0.3000E-02 0.0000E+00 0.0000E+00 0.0000E+00 -0.9990E+03 -0.9990E+03 -0.9990E+03 -0.9990E+03 -0.9990E+03 -0.9990E+03 -0.9990E+03 -0.9990E+03 -0.9990E+03 -0.9990E+03 -0.9990E+03 -0.9990E+03 -0.9990E+03 -0.9990E+03
-0.1443E+01 -0.2610E+01 -0.2696E+01 -0.1985E+01 -0.6190E+00 -0.2810E+00 -0.1330E+00 -0.6800E-01 0.0000E+00 0.0000E+00 0.0000E+00 0.0000E+00 0.0000E+00 0.0000E+00 0.0000E+00 0.0000E+00 0.0000E+00 0.0000E+00 0.0000E+00 0.0000E+00 0.0000E+00 0.0000E+00 -0.3700E-01 -0.1170E+00 -0.2670E+00 -0.4730E+00 -0.1126E+01 -0.1946E+01 -0.4480E+00 -0.3200E+00 -0.2120E+00 -0.1010E+00 -0.4100E-01 -0.1000E-01 -0.6000E-02 0.0000E+00 0.0000E+00 0.0000E+00 0.0000E+00 0.0000E+00 -0.9990E+03 -0.9990E+03 -0.9990E+03 -0.9990E+03 -0.9990E+03 -0.9990E+03 -0.9990E+03 -0.9990E+03 -0.9990E+03 -0.9990E+03 -0.9990E+03 -0.9990E+03 -0.9990E+03 -0.9990E+03 -0.9990E+03
-0.1966E+01 -0.4150E+00 -0.3990E+00 -0.3870E+00 -0.2660E+00 -0.1530E+00 -0.9000E-01 -0.3800E-01 0.0000E+00 0.0000E+00 0.0000E+00 0.0000E+00 0.0000E+00 0.0000E+00 0.0000E+00 0.0000E+00 0.0000E+00 0.0000E+00 0.0000E+00 0.0000E+00 0.0000E+00 0.0000E+00 -0.3000E-02 -0.4700E-01 -0.9500E-01 -0.2580E+00 -0.5520E+00 -0.2629E+01 -0.8230E+00 -0.4850E+00 -0.3030E+00 -0.1620E+00 -0.7600E-01 -0.2400E-01 0.0000E+00 0.0000E+00 0.0000E+00 0.0000E+00 0.0000E+00 0.0000E+00 -0.9990E+03 -0.9990E+03 -0.9990E+03 -0.9990E+03 -0.9990E+03 -0.9990E+03 -0.9990E+03 -0.9990E+03 -0.9990E+03 -0.9990E+03 -0.9990E+03 -0.9990E+03 -0.9990E+03 -0.9990E+03 -0.9990E+03
