Data/rwc_O3_RR2025_2002.asc
NCOLS          280
NROWS          320
XLLCORNER            0
YLLCORNER       300000
CELLSIZE         1000
NODATA_VALUE  -0.9990E+03
[rows 216 to 239 of 320, columns 55 to 109 of 280]
0.0000E+00 0.0000E+00 0.0000E+00 0.0000E+00 0.0000E+00 0.0000E+00 0.0000E+00 0.0000E+00 0.0000E+00 0.0000E+00 0.0000E+00 0.0000E+00 0.0000E+00 0.0000E+00 0.0000E+00 0.0000E+00 0.0000E+00 0.0000E+00 0.0000E+00 0.0000E+00 -0.1000E-02 -0.8000E-02 -0.1700E-01 -0.3500E-01 -0.5700E-01 -0.8200E-01 -0.1110E+00 -0.1540E+00 -0.1930E+00 -0.7970E+00 -0.6720E+00 -0.1830E+00 -0.9500E-01 -0.5100E-01 -0.3100E-01 -0.7400E-01 -0.1530E+00 -0.3230E+00 -0.1244E+01 -0.1398E+01 -0.5250E+00 -0.3310E+00 -0.1820E+00 -0.1060E+00 -0.5200E-01 -0.2200E-01 -0.2000E-02 0.0000E+00 -0.3200E-01 -0.1910E+00 -0.3660E+00 -0.6130E+00 -0.1093E+01 -0.3311E+01 -0.4920E+00
0.0000E+00 0.0000E+00 0.0000E+00 0.0000E+00 0.0000E+00 0.0000E+00 0.0000E+00 0.0000E+00 0.0000E+00 0.0000E+00 0.0000E+00 0.0000E+00 0.0000E+00 0.0000E+00 0.0000E+00 0.0000E+00 0.0000E+00 0.0000E+00 0.0000E+00 0.0000E+00 -0.5000E-02 -0.1700E-01 -0.3400E-01 -0.7000E-01 -0.1410E+00 -0.2120E+00 -0.2470E+00 -0.2510E+00 -0.3210E+00 -0.1143E+01 -0.2580E+00 -0.1120E+00 -0.5700E-01 -0.2000E-01 -0.1700E-01 -0.7500E-01 -0.1650E+00 -0.4020E+00 -0.1864E+01 -0.4040E+00 -0.2990E+00 -0.2010E+00 -0.9700E-01 -0.5200E-01 -0.2200E-01 -0.3000E-02 0.0000E+00 0.0000E+00 0.0000E+00 -0.8900E-01 -0.2290E+00 -0.3640E+00 -0.6360E+00 -0.2600E+01 -0.5400E+00
0.0000E+00 0.0000E+00 0.0000E+00 0.0000E+00 0.0000E+00 0.0000E+00 0.0000E+00 0.0000E+00 0.0000E+00 0.0000E+00 0.0000E+00 0.0000E+00 0.0000E+00 0.0000E+00 0.0000E+00 0.0000E+00 0.0000E+00 0.0000E+00 0.0000E+00 0.0000E+00 -0.1200E-01 -0.3100E-01 -0.6600E-01 -0.1520E+00 -0.7350E+00 -0.1063E+01 -0.1047E+01 -0.9990E+00 -0.1083E+01 -0.5570E+00 -0.1510E+00 -0.6800E-01 -0.3600E-01 -0.1900E-01 -0.3200E-01 -0.9800E-01 -0.2040E+00 -0.4540E+00 -0.1899E+01 -0.4340E+00 -0.1820E+00 -0.1050E+00 -0.3200E-01 -0.1400E-01 0.0000E+00 0.0000E+00 -0.2000E-02 -0.2000E-01 -0.4400E-01 -0.1150E+00 -0.2710E+00 -0.4110E+00 -0.4950E+00 -0.2095E+01 -0.9070E+00
0.0000E+00 0.0000E+00 0.0000E+00 0.0000E+00 0.0000E+00 0.0000E+00 0.0000E+00 0.0000E+00 0.0000E+00 0.0000E+00 0.0000E+00 0.0000E+00 0.0000E+00 0.0000E+00 0.0000E+00 0.0000E+00 0.0000E+00 0.0000E+00 0.0000E+00 0.0000E+00 -0.2100E-01 -0.5000E-01 -0.1200E+00 -0.4750E+00 -0.9190E+00 -0.1830E+00 -0.1490E+00 -0.2410E+00 -0.2070E+00 -0.1390E+00 -0.7300E-01 -0.4000E-01 -0.2500E-01 -0.2400E-01 -0.6100E-01 -0.8100E-01 -0.2820E+00 -0.9980E+00 -0.1357E+01 -0.2370E+00 -0.7000E-01 -0.3800E-01 -0.1900E-01 -0.2300E-01 -0.3200E-01 -0.3400E-01 -0.4600E-01 -0.6700E-01 -0.6900E-01 -0.9400E-01 -0.3290E+00 -0.5150E+00 -0.5560E+00 -0.1262E+01 -0.2536E+01
0.0000E+00 0.0000E+00 0.0000E+00 0.0000E+00 0.0000E+00 0.0000E+00 0.0000E+00 0.0000E+00 0.0000E+00 0.0000E+00 0.0000E+00 0.0000E+00 0.0000E+00 0.0000E+00 0.0000E+00 0.0000E+00 0.0000E+00 0.0000E+00 0.0000E+00 0.0000E+00 -0.2600E-01 -0.7000E-01 -0.1850E+00 -0.1163E+01 -0.3270E+00 -0.1140E+00 -0.1000E+00 -0.1190E+00 -0.8300E-01 -0.6000E-01 -0.3800E-01 -0.2400E-01 -0.2500E-01 -0.4200E-01 -0.1040E+00 -0.1340E+00 -0.4430E+00 -0.1945E+01 -0.4690E+00 -0.2120E+00 -0.9000E-01 -0.1100E+00 -0.1120E+00 -0.1080E+00 -0.1160E+00 -0.1840E+00 -0.1790E+00 -0.1540E+00 -0.1400E+00 -0.2160E+00 -0.6480E+00 -0.7440E+00 -0.7500E+00 -0.2546E+01 -0.2209E+01
0.0000E+00 0.0000E+00 0.0000E+00 0.0000E+00 0.0000E+00 0.0000E+00 0.0000E+00 0.0000E+00 0.0000E+00 0.0000E+00 0.0000E+00 0.0000E+00 0.0000E+00 0.0000E+00 0.0000E+00 0.0000E+00 0.0000E+00 0.0000E+00 0.0000E+00 0.0000E+00 -0.3200E-01 -0.8600E-01 -0.2170E+00 -0.1129E+01 -0.2910E+00 -0.1330E+00 -0.1330E+00 -0.8000E-01 -0.4100E-01 -0.2800E-01 -0.1700E-01 -0.1800E-01 -0.2500E-01 -0.7400E-01 -0.1740E+00 -0.4230E+00 -0.1681E+01 -0.1025E+01 -0.3540E+00 -0.2410E+00 -0.2160E+00 -0.2110E+00 -0.2100E+00 -0.2640E+00 -0.2860E+00 -0.3340E+00 -0.1960E+00 -0.1760E+00 -0.2260E+00 -0.9010E+00 -0.2944E+01 -0.3085E+01 -0.3163E+01 -0.2120E+01 -0.2746E+01
0.0000E+00 0.0000E+00 0.0000E+00 0.0000E+00 0.0000E+00 0.0000E+00 0.0000E+00 0.0000E+00 0.0000E+00 0.0000E+00 0.0000E+00 0.0000E+00 0.0000E+00 0.0000E+00 0.0000E+00 0.0000E+00 0.0000E+00 0.0000E+00 0.0000E+00 0.0000E+00 -0.3200E-01 -0.9200E-01 -0.1960E+00 -0.9690E+00 -0.5350E+00 -0.2000E+00 -0.1100E+00 -0.4300E-01 0.0000E+00 0.0000E+00 -0.6000E-02 -0.2400E-01 -0.5600E-01 -0.1320E+00 -0.3310E+00 -0.1381E+01 -0.1224E+01 -0.4230E+00 -0.2940E+00 -0.2610E+00 -0.3080E+00 -0.2830E+00 -0.3900E+00 -0.6490E+00 -0.1764E+01 -0.1147E+01 -0.3420E+00 -0.3460E+00 -0.4650E+00 -0.2521E+01 -0.9200E+00 -0.8990E+00 -0.9170E+00 -0.1060E+01 -0.3191E+01
0.0000E+00 0.0000E+00 0.0000E+00 0.0000E+00 0.0000E+00 0.0000E+00 0.0000E+00 0.0000E+00 0.0000E+00 0.0000E+00 0.0000E+00 0.0000E+00 0.0000E+00 0.0000E+00 0.0000E+00 0.0000E+00 0.0000E+00 0.0000E+00 0.0000E+00 0.0000E+00 -0.2700E-01 -0.7900E-01 -0.1160E+00 -0.2510E+00 -0.1018E+01 -0.2550E+00 -0.1360E+00 -0.6500E-01 -0.1200E-01 0.0000E+00 -0.1900E-01 -0.5300E-01 -0.1160E+00 -0.2570E+00 -0.9740E+00 -0.1391E+01 -0.3150E+00 -0.3180E+00 -0.3850E+00 -0.3850E+00 -0.6170E+00 -0.1860E+01 -0.2523E+01 -0.2452E+01 -0.8210E+00 -0.1559E+01 -0.1942E+01 -0.2016E+01 -0.2686E+01 -0.1307E+01 -0.5270E+00 -0.4950E+00 -0.6010E+00 -0.8710E+00 -0.2708E+01
0.0000E+00 0.0000E+00 0.0000E+00 0.0000E+00 0.0000E+00 0.0000E+00 0.0000E+00 0.0000E+00 0.0000E+00 0.0000E+00 0.0000E+00 0.0000E+00 0.0000E+00 0.0000E+00 0.0000E+00 0.0000E+00 0.0000E+00 0.0000E+00 0.0000E+00 0.0000E+00 -0.1600E-01 -0.6400E-01 -0.1110E+00 -0.2760E+00 -0.1284E+01 -0.3500E+00 -0.1620E+00 -0.8500E-01 -0.2400E-01 -0.1000E-01 -0.4400E-01 -0.1000E+00 -0.2010E+00 -0.4600E+00 -0.1767E+01 -0.4140E+00 -0.2670E+00 -0.4860E+00 -0.1631E+01 -0.2213E+01 -0.2347E+01 -0.7390E+00 -0.5990E+00 -0.5000E+00 -0.2210E+00 -0.3280E+00 -0.4410E+00 -0.4950E+00 -0.5240E+00 -0.4190E+00 -0.2730E+00 -0.3100E+00 -0.3460E+00 -0.6000E+00 -0.1048E+01
0.0000E+00 0.0000E+00 0.0000E+00 0.0000E+00 0.0000E+00 0.0000E+00 0.0000E+00 0.0000E+00 0.0000E+00 0.0000E+00 0.0000E+00 0.0000E+00 0.0000E+00 0.0000E+00 0.0000E+00 0.0000E+00 0.0000E+00 0.0000E+00 0.0000E+00 0.0000E+00 -0.7000E-02 -0.5200E-01 -0.7000E-01 -0.1500E+00 -0.1647E+01 -0.4590E+00 -0.2510E+00 -0.1770E+00 -0.1470E+00 -0.1620E+00 -0.2190E+00 -0.2950E+00 -0.4440E+00 -0.1592E+01 -0.9750E+00 -0.3450E+00 -0.4260E+00 -0.1430E+01 -0.3780E+00 -0.4950E+00 -0.4740E+00 -0.3290E+00 -0.1580E+00 -0.1830E+00 -0.1310E+00 -0.1380E+00 -0.2190E+00 -0.2070E+00 -0.1930E+00 -0.1460E+00 -0.9900E-01 -0.1230E+00 -0.3180E+00 -0.4540E+00 -0.1007E+01
0.0000E+00 0.0000E+00 0.0000E+00 0.0000E+00 0.0000E+00 0.0000E+00 0.0000E+00 0.0000E+00 0.0000E+00 0.0000E+00 0.0000E+00 0.0000E+00 0.0000E+00 0.0000E+00 0.0000E+00 0.0000E+00 0.0000E+00 0.0000E+00 0.0000E+00 0.0000E+00 -0.1000E-02 -0.3900E-01 -0.5700E-01 -0.1180E+00 -0.2920E+00 -0.1524E+01 -0.3780E+00 -0.2800E+00 -0.2670E+00 -0.2720E+00 -0.2210E+00 -0.3950E+00 -0.7170E+00 -0.2739E+01 -0.1468E+01 -0.1317E+01 -0.1437E+01 -0.2770E+00 -0.1780E+00 -0.2130E+00 -0.1620E+00 -0.1490E+00 -0.9700E-01 -0.8900E-01 -0.1120E+00 -0.1200E+00 -0.1140E+00 -0.9700E-01 -0.8700E-01 -0.7000E-01 -0.4600E-01 -0.5100E-01 -0.2620E+00 -0.4730E+00 -0.1116E+01
0.0000E+00 0.0000E+00 0.0000E+00 0.0000E+00 0.0000E+00 0.0000E+00 0.0000E+00 0.0000E+00 0.0000E+00 0.0000E+00 0.0000E+00 0.0000E+00 0.0000E+00 0.0000E+00 0.0000E+00 0.0000E+00 0.0000E+00 0.0000E+00 0.0000E+00 0.0000E+00 0.0000E+00 -0.2100E-01 -0.7300E-01 -0.9100E-01 -0.2370E+00 -0.1383E+01 -0.4630E+00 -0.4640E+00 -0.4220E+00 -0.6040E+00 -0.4560E+00 -0.7660E+00 -0.2473E+01 -0.9940E+00 -0.3360E+00 -0.2610E+00 -0.2030E+00 -0.1430E+00 -0.1050E+00 -0.9400E-01 -0.6000E-01 -0.4100E-01 -0.3800E-01 -0.1300E-01 -0.1000E-02 0.0000E+00 0.0000E+00 0.0000E+00 0.0000E+00 0.0000E+00 0.0000E+00 -0.4000E-02 -0.1400E+00 -0.4730E+00 -0.1027E+01
-0.5700E-01 -0.3500E-01 -0.1600E-01 -0.3000E-02 0.0000E+00 0.0000E+00 0.0000E+00 0.0000E+00 0.0000E+00 0.0000E+00 0.0000E+00 0.0000E+00 0.0000E+00 0.0000E+00 0.0000E+00 0.0000E+00 0.0000E+00 0.0000E+00 0.0000E+00 0.0000E+00 0.0000E+00 -0.8000E-02 -0.5000E-01 -0.8600E-01 -0.1850E+00 -0.1372E+01 -0.6310E+00 -0.1796E+01 -0.2625E+01 -0.2689E+01 -0.2800E+01 -0.2714E+01 -0.2378E+01 -0.3660E+00 -0.2100E+00 -0.1580E+00 -0.1000E+00 -0.5700E-01 -0.3500E-01 -0.2000E-01 -0.9000E-02 0.0000E+00 0.0000E+00 0.0000E+00 0.0000E+00 0.0000E+00 0.0000E+00 0.0000E+00 0.0000E+00 0.0000E+00 0.0000E+00 -0.1100E-01 -0.2170E+00 -0.4200E+00 -0.8680E+00
-0.1230E+00 -0.1030E+00 -0.9000E-01 -0.8300E-01 -0.8100E-01 -0.7000E-01 -0.2800E-01 -0.1500E-01 -0.5000E-02 0.0000E+00 0.0000E+00 0.0000E+00 0.0000E+00 0.0000E+00 0.0000E+00 0.0000E+00 0.0000E+00 0.0000E+00 0.0000E+00 0.0000E+00 0.0000E+00 0.0000E+00 -0.5300E-01 -0.9400E-01 -0.2460E+00 -0.2333E+01 -0.2136E+01 -0.1616E+01 -0.7840E+00 -0.7020E+00 -0.7300E+00 -0.6300E+00 -0.5020E+00 -0.2840E+00 -0.1700E+00 -0.1010E+00 -0.5000E-01 -0.2700E-01 -0.1600E-01 -0.8000E-02 0.0000E+00 0.0000E+00 0.0000E+00 0.0000E+00 0.0000E+00 0.0000E+00 0.0000E+00 0.0000E+00 0.0000E+00 0.0000E+00 0.0000E+00 -0.1400E-01 -0.1900E+00 -0.3610E+00 -0.7710E+00
-0.1570E+00 -0.1230E+00 -0.1540E+00 -0.1520E+00 -0.1570E+00 -0.1360E+00 -0.6000E-01 -0.4200E-01 -0.2400E-01 0.0000E+00 0.0000E+00 0.0000E+00 0.0000E+00 0.0000E+00 0.0000E+00 0.0000E+00 0.0000E+00 0.0000E+00 0.0000E+00 0.0000E+00 0.0000E+00 0.0000E+00 -0.7200E-01 -0.1060E+00 -0.2570E+00 -0.1925E+01 -0.5830E+00 -0.5020E+00 -0.4200E+00 -0.3370E+00 -0.3240E+00 -0.2690E+00 -0.2080E+00 -0.1320E+00 -0.7600E-01 -0.3700E-01 -0.2000E-02 0.0000E+00 0.0000E+00 0.0000E+00 0.0000E+00 0.0000E+00 0.0000E+00 0.0000E+00 0.0000E+00 0.0000E+00 0.0000E+00 0.0000E+00 0.0000E+00 0.0000E+00 0.0000E+00 -0.2000E-01 -0.1430E+00 -0.2980E+00 -0.1518E+01
-0.6620E+00 -0.2610E+00 -0.3290E+00 -0.3600E+00 -0.3470E+00 -0.2710E+00 -0.1450E+00 -0.8200E-01 -0.4900E-01 -0.1700E-01 -0.2000E-02 0.0000E+00 0.0000E+00 0.0000E+00 0.0000E+00 0.0000E+00 0.0000E+00 0.0000E+00 0.0000E+00 0.0000E+00 0.0000E+00 0.0000E+00 -0.7400E-01 -0.1230E+00 -0.2720E+00 -0.1980E+01 -0.4760E+00 -0.2730E+00 -0.2250E+00 -0.1590E+00 -0.1060E+00 -0.1340E+00 -0.1000E+00 -0.6600E-01 -0.3600E-01 -0.1000E-01 0.0000E+00 0.0000E+00 0.0000E+00 0.0000E+00 0.0000E+00 0.0000E+00 0.0000E+00 0.0000E+00 0.0000E+00 0.0000E+00 0.0000E+00 0.0000E+00 0.0000E+00 0.0000E+00 0.0000E+00 -0.2300E-01 -0.1080E+00 -0.2010E+00 -0.6360E+00
-0.1458E+01 -0.1598E+01 -0.1714E+01 -0.1889E+01 -0.1634E+01 -0.7900E+00 -0.2480E+00 -0.1460E+00 -0.9800E-01 -0.5300E-01 -0.2700E-01 -0.2000E-02 0.0000E+00 0.0000E+00 0.0000E+00 0.0000E+00 0.0000E+00 0.0000E+00 0.0000E+00 0.0000E+00 0.0000E+00 -0.1000E-02 -0.9000E-01 -0.1560E+00 -0.3450E+00 -0.2200E+01 -0.4320E+00 -0.1980E+00 -0.1300E+00 -0.1600E-01 -0.5000E-02 0.0000E+00 0.0000E+00 0.0000E+00 0.0000E+00 0.0000E+00 0.0000E+00 0.0000E+00 -0.9990E+03 -0.9990E+03 -0.9990E+03 0.0000E+00 0.0000E+00 0.0000E+00 0.0000E+00 0.0000E+00 0.0000E+00 0.0000E+00 0.0000E+00 0.0000E+00 0.0000E+00 -0.2100E-01 -0.5800E-01 -0.7100E-01 -0.8100E-01
-0.3130E+00 -0.3750E+00 -0.4140E+00 -0.3220E+00 -0.3790E+00 -0.1726E+01 -0.3860E+00 -0.2380E+00 -0.1670E+00 -0.1060E+00 -0.6500E-01 -0.2700E-01 -0.4000E-02 0.0000E+00 0.0000E+00 0.0000E+00 0.0000E+00 0.0000E+00 0.0000E+00 -0.5000E-02 -0.1800E-01 -0.4100E-01 -0.1490E+00 -0.2200E+00 -0.4020E+00 -0.2073E+01 -0.4270E+00 -0.1710E+00 -0.9400E-01 0.0000E+00 0.0000E+00 0.0000E+00 0.0000E+00 0.0000E+00 0.0000E+00 -0.9990E+03 -0.9990E+03 -0.9990E+03 -0.9990E+03 -0.9990E+03 0.0000E+00 0.0000E+00 0.0000E+00 0.0000E+00 0.0000E+00 0.0000E+00 0.0000E+00 0.0000E+00 0.0000E+00 0.0000E+00 0.0000E+00 -0.1500E-01 -0.2800E-01 -0.2500E-01 -0.9990E+03
-0.1620E+00 -0.1850E+00 -0.2120E+00 -0.1490E+00 -0.2360E+00 -0.2730E+00 -0.1696E+01 -0.6280E+00 -0.3110E+00 -0.1820E+00 -0.1270E+00 -0.7400E-01 -0.4700E-01 -0.3800E-01 -0.4200E-01 -0.6700E-01 -0.9100E-01 -0.1100E+00 -0.1160E+00 -0.8600E-01 -0.1180E+00 -0.1590E+00 -0.2740E+00 -0.3460E+00 -0.4870E+00 -0.2082E+01 -0.4040E+00 -0.1750E+00 -0.9000E-01 0.0000E+00 0.0000E+00 0.0000E+00 0.0000E+00 -0.9990E+03 -0.9990E+03 -0.9990E+03 -0.9990E+03 -0.9990E+03 -0.9990E+03 -0.9990E+03 0.0000E+00 0.0000E+00 0.0000E+00 0.0000E+00 0.0000E+00 0.0000E+00 0.0000E+00 0.0000E+00 0.0000E+00 0.0000E+00 0.0000E+00 -0.4000E-02 -0.4000E-02 -0.9990E+03 -0.9990E+03
-0.6900E-01 -0.9300E-01 -0.1160E+00 -0.1270E+00 -0.1530E+00 -0.2290E+00 -0.3800E+00 -0.2056E+01 -0.6530E+00 -0.2940E+00 -0.2190E+00 -0.1730E+00 -0.1550E+00 -0.1510E+00 -0.1560E+00 -0.1790E+00 -0.1960E+00 -0.1980E+00 -0.1840E+00 -0.1380E+00 -0.1960E+00 -0.2660E+00 -0.4590E+00 -0.6250E+00 -0.8600E+00 -0.2566E+01 -0.4170E+00 -0.1410E+00 -0.6200E-01 0.0000E+00 0.0000E+00 0.0000E+00 -0.9990E+03 -0.9990E+03 -0.9990E+03 -0.9990E+03 -0.9990E+03 -0.9990E+03 -0.9990E+03 -0.9990E+03 0.0000E+00 0.0000E+00 0.0000E+00 0.0000E+00 0.0000E+00 0.0000E+00 0.0000E+00 0.0000E+00 0.0000E+00 0.0000E+00 0.0000E+00 0.0000E+00 -0.9990E+03 -0.9990E+03 -0.9990E+03
0.0000E+00 0.0000E+00 -0.1500E-01 -0.3500E-01 -0.7300E-01 -0.1320E+00 -0.2440E+00 -0.4520E+00 -0.1998E+01 -0.8300E+00 -0.3090E+00 -0.1670E+00 -0.2200E+00 -0.2390E+00 -0.2540E+00 -0.3700E+00 -0.4150E+00 -0.3960E+00 -0.3830E+00 -0.3380E+00 -0.4020E+00 -0.5420E+00 -0.1633E+01 -0.2539E+01 -0.2612E+01 -0.5310E+00 -0.2300E+00 -0.1020E+00 -0.4300E-01 0.0000E+00 0.0000E+00 0.0000E+00 -0.9990E+03 -0.9990E+03 -0.9990E+03 -0.9990E+03 -0.9990E+03 -0.9990E+03 -0.9990E+03 -0.9990E+03 0.0000E+00 0.0000E+00 0.0000E+00 0.0000E+00 0.0000E+00 0.0000E+00 0.0000E+00 0.0000E+00 0.0000E+00 0.0000E+00 0.0000E+00 -0.9990E+03 -0.9990E+03 -0.9990E+03 -0.9990E+03
0.0000E+00 0.0000E+00 0.0000E+00 -0.1300E-01 -0.4600E-01 -0.8500E-01 -0.1480E+00 -0.2530E+00 -0.3720E+00 -0.1683E+01 -0.1742E+01 -0.3250E+00 -0.3740E+00 -0.4030E+00 -0.5460E+00 -0.1975E+01 -0.1853E+01 -0.1725E+01 -0.1738E+01 -0.1544E+01 -0.1703E+01 -0.1884E+01 -0.2306E+01 -0.8500E+00 -0.4470E+00 -0.2080E+00 -0.9900E-01 -0.5200E-01 -0.3100E-01 0.0000E+00 0.0000E+00 0.0000E+00 -0.9990E+03 -0.9990E+03 -0.9990E+03 -0.9990E+03 -0.9990E+03 -0.9990E+03 -0.9990E+03 -0.9990E+03 0.0000E+00 0.0000E+00 0.0000E+00 0.0000E+00 0.0000E+00 0.0000E+00 0.0000E+00 0.0000E+00 0.0000E+00 0.0000E+00 0.0000E+00 -0.9990E+03 -0.9990E+03 -0.9990E+03 -0.9990E+03
0.0000E+00 0.0000E+00 0.0000E+00 0.0000E+00 -0.2200E-01 -0.5100E-01 -0.9100E-01 -0.1450E+00 -0.1960E+00 -0.3730E+00 -0.7500E+00 -0.1951E+01 -0.1983E+01 -0.2024E+01 -0.1993E+01 -0.4390E+00 -0.3130E+00 -0.4470E+00 -0.4380E+00 -0.4290E+00 -0.4810E+00 -0.6140E+00 -0.1723E+01 -0.6390E+00 -0.3990E+00 -0.2090E+00 -0.8200E-01 -0.4700E-01 -0.1400E-01 0.0000E+00 0.0000E+00 -0.9990E+03 -0.9990E+03 -0.9990E+03 -0.9990E+03 -0.9990E+03 -0.9990E+03 -0.9990E+03 -0.9990E+03 -0.9990E+03 0.0000E+00 0.0000E+00 -0.9990E+03 -0.9990E+03 -0.9990E+03 -0.9990E+03 -0.9990E+03 0.0000E+00 0.0000E+00 -0.9990E+03 -0.9990E+03 -0.9990E+03 -0.9990E+03 -0.9990E+03 -0.9990E+03
0.0000E+00 0.0000E+00 0.0000E+00 0.0000E+00 0.0000E+00 -0.1800E-01 -0.4400E-01 -0.8000E-01 -0.1280E+00 -0.1990E+00 -0.3210E+00 -0.4480E+00 -0.4830E+00 -0.4860E+00 -0.4090E+00 -0.2920E+00 -0.2400E+00 -0.2190E+00 -0.2060E+00 -0.2380E+00 -0.2540E+00 -0.3630E+00 -0.5490E+00 -0.1574E+01 -0.4090E+00 -0.1470E+00 -0.7000E-01 -0.2400E-01 0.0000E+00 0.0000E+00 0.0000E+00 0.0000E+00 -0.9990E+03 -0.9990E+03 -0.9990E+03 -0.9990E+03 -0.9990E+03 -0.9990E+03 -0.9990E+03 -0.9990E+03 -0.9990E+03 -0.9990E+03 -0.9990E+03 -0.9990E+03 -0.9990E+03 -0.9990E+03 -0.9990E+03 -0.9990E+03 -0.9990E+03 -0.9990E+03 -0.9990E+03 -0.9990E+03 -0.9990E+03 -0.9990E+03 -0.9990E+03
