Data/rwc_NOx_RR2025_2002.asc
NCOLS          280
NROWS          320
XLLCORNER            0
YLLCORNER       300000
CELLSIZE         1000
NODATA_VALUE  -0.9990E+03
[rows 225 to 249 of 320, columns 112 to 167 of 280]
0.2187E+01 0.6655E+01 0.9577E+01 0.2285E+01 0.1284E+01 0.6150E+00 0.5440E+00 0.4170E+00 0.4070E+00 0.6730E+00 0.7270E+00 0.6400E+00 0.7230E+00 0.1498E+01 0.2659E+01 0.7455E+01 0.6196E+01 0.7094E+01 0.5965E+01 0.6719E+01 0.6253E+01 0.6274E+01 0.5978E+01 0.9027E+01 0.2805E+01 0.1479E+01 0.1489E+01 0.6398E+01 0.4378E+01 0.1924E+01 0.1838E+01 0.1276E+01 0.8120E+00 0.7030E+00 0.5280E+00 0.3450E+00 0.2040E+00 0.1550E+00 0.2230E+00 0.3680E+00 0.6270E+00 0.1517E+01 0.6596E+01 0.1663E+01 0.8780E+00 0.5210E+00 0.5350E+00 0.6430E+00 0.1345E+01 0.5869E+01 0.1171E+01 0.4550E+00 0.1660E+00 0.0000E+00 0.0000E+00 0.0000E+00
0.9177E+01 0.5665E+01 0.1722E+01 0.9630E+00 0.5050E+00 0.5060E+00 0.4810E+00 0.2750E+00 0.2420E+00 0.2620E+00 0.4230E+00 0.5120E+00 0.5490E+00 0.7280E+00 0.9700E+00 0.1297E+01 0.1327E+01 0.1090E+01 0.1030E+01 0.9140E+00 0.8710E+00 0.8830E+00 0.1219E+01 0.1321E+01 0.8920E+00 0.6470E+00 0.8790E+00 0.1236E+01 0.2941E+01 0.7703E+01 0.7671E+01 0.2191E+01 0.1951E+01 0.1221E+01 0.9420E+00 0.6890E+00 0.5020E+00 0.3220E+00 0.2680E+00 0.3460E+00 0.5120E+00 0.1090E+01 0.5497E+01 0.4503E+01 0.1350E+01 0.7010E+00 0.6390E+00 0.8290E+00 0.3658E+01 0.3461E+01 0.8280E+00 0.4030E+00 0.1630E+00 0.0000E+00 0.0000E+00 0.0000E+00
0.2110E+01 0.1572E+01 0.6770E+00 0.3070E+00 0.2330E+00 0.1570E+00 0.6800E-01 0.1800E-01 0.0000E+00 0.1800E-01 0.5300E-01 0.1230E+00 0.2390E+00 0.3290E+00 0.4810E+00 0.5530E+00 0.5930E+00 0.4600E+00 0.4850E+00 0.3670E+00 0.3770E+00 0.4500E+00 0.5300E+00 0.5060E+00 0.4800E+00 0.4530E+00 0.5170E+00 0.6590E+00 0.9490E+00 0.1427E+01 0.1892E+01 0.7551E+01 0.7903E+01 0.3173E+01 0.1761E+01 0.1350E+01 0.9960E+00 0.7530E+00 0.6530E+00 0.6420E+00 0.7450E+00 0.1006E+01 0.1649E+01 0.7610E+01 0.1925E+01 0.1204E+01 0.9980E+00 0.1155E+01 0.4627E+01 0.9750E+00 0.5960E+00 0.3090E+00 0.1470E+00 0.0000E+00 0.0000E+00 0.0000E+00
0.1114E+01 0.8080E+00 0.2690E+00 0.2090E+00 0.1180E+00 0.5300E-01 0.1000E-02 0.0000E+00 0.0000E+00 0.0000E+00 0.0000E+00 0.8000E-02 0.6400E-01 0.1090E+00 0.1710E+00 0.2300E+00 0.2640E+00 0.2960E+00 0.2990E+00 0.2480E+00 0.2800E+00 0.2510E+00 0.2200E+00 0.1560E+00 0.1740E+00 0.1770E+00 0.2280E+00 0.3140E+00 0.4860E+00 0.6650E+00 0.9580E+00 0.1200E+01 0.1517E+01 0.6551E+01 0.7816E+01 0.3384E+01 0.1778E+01 0.8890E+00 0.6860E+00 0.9080E+00 0.9680E+00 0.1115E+01 0.1345E+01 0.2072E+01 0.6606E+01 0.1715E+01 0.1249E+01 0.1328E+01 0.4885E+01 0.1003E+01 0.5310E+00 0.3210E+00 0.1280E+00 0.4000E-02 0.0000E+00 0.0000E+00
0.4450E+00 0.4360E+00 0.1310E+00 0.5500E-01 0.2400E-01 0.0000E+00 0.0000E+00 0.0000E+00 0.0000E+00 0.0000E+00 0.0000E+00 0.0000E+00 0.0000E+00 0.0000E+00 0.0000E+00 0.0000E+00 0.0000E+00 0.0000E+00 0.0000E+00 0.0000E+00 0.0000E+00 0.0000E+00 0.0000E+00 0.0000E+00 0.0000E+00 0.1300E-01 0.7900E-01 0.1320E+00 0.2540E+00 0.3570E+00 0.4720E+00 0.6560E+00 0.9130E+00 0.9960E+00 0.1487E+01 0.6438E+01 0.7515E+01 0.1239E+01 0.1171E+01 0.1511E+01 0.1737E+01 0.1253E+01 0.1115E+01 0.1277E+01 0.4114E+01 0.5704E+01 0.2334E+01 0.1892E+01 0.2978E+01 0.3159E+01 0.7590E+00 0.3140E+00 0.9700E-01 0.5000E-02 0.0000E+00 0.0000E+00
-0.9990E+03 -0.9990E+03 0.0000E+00 0.0000E+00 0.0000E+00 0.0000E+00 0.0000E+00 0.0000E+00 0.0000E+00 0.0000E+00 0.0000E+00 0.0000E+00 0.0000E+00 0.0000E+00 0.0000E+00 0.0000E+00 0.0000E+00 0.0000E+00 0.0000E+00 0.0000E+00 0.0000E+00 0.0000E+00 0.0000E+00 0.0000E+00 0.0000E+00 0.0000E+00 0.0000E+00 0.1000E-02 0.5500E-01 0.1250E+00 0.1780E+00 0.3200E+00 0.4540E+00 0.4200E+00 0.5550E+00 0.1345E+01 0.2847E+01 0.7286E+01 0.7077E+01 0.7179E+01 0.6588E+01 0.5973E+01 0.1578E+01 0.1778E+01 0.2698E+01 0.9534E+01 0.8875E+01 0.7077E+01 0.5521E+01 0.4527E+01 0.7320E+00 0.2630E+00 0.8000E-01 0.5000E-02 0.0000E+00 0.0000E+00
-0.9990E+03 -0.9990E+03 -0.9990E+03 0.0000E+00 0.0000E+00 0.0000E+00 0.0000E+00 0.0000E+00 0.0000E+00 0.0000E+00 0.0000E+00 0.0000E+00 0.0000E+00 0.0000E+00 0.0000E+00 0.0000E+00 0.0000E+00 0.0000E+00 0.0000E+00 0.0000E+00 0.0000E+00 0.0000E+00 0.0000E+00 0.0000E+00 0.0000E+00 0.0000E+00 0.0000E+00 0.0000E+00 0.0000E+00 0.0000E+00 0.2800E-01 0.1050E+00 0.1780E+00 0.2050E+00 0.3750E+00 0.6320E+00 0.9300E+00 0.9160E+00 0.1123E+01 0.1282E+01 0.1153E+01 0.2996E+01 0.6349E+01 0.8094E+01 0.1270E+02 0.1047E+02 0.2057E+01 0.1372E+01 0.7900E+00 0.9550E+00 0.8460E+00 0.1980E+00 0.6600E-01 0.5000E-02 0.0000E+00 0.0000E+00
-0.9990E+03 -0.9990E+03 -0.9990E+03 -0.9990E+03 0.0000E+00 0.0000E+00 0.0000E+00 0.0000E+00 0.0000E+00 0.0000E+00 0.0000E+00 0.0000E+00 0.0000E+00 0.0000E+00 0.0000E+00 0.0000E+00 0.0000E+00 0.0000E+00 0.0000E+00 0.0000E+00 0.0000E+00 0.0000E+00 0.0000E+00 0.0000E+00 0.0000E+00 0.0000E+00 0.0000E+00 0.0000E+00 0.0000E+00 0.0000E+00 0.0000E+00 0.0000E+00 0.4100E-01 0.1030E+00 0.1860E+00 0.2800E+00 0.2410E+00 0.3220E+00 0.5160E+00 0.5830E+00 0.6310E+00 0.1089E+01 0.1847E+01 0.3425E+01 0.1459E+02 0.2842E+01 0.1402E+01 0.1022E+01 0.4830E+00 0.2320E+00 0.1640E+00 0.1090E+00 0.4900E-01 0.4000E-02 0.0000E+00 0.0000E+00
-0.9990E+03 -0.9990E+03 -0.9990E+03 -0.9990E+03 0.0000E+00 0.0000E+00 0.0000E+00 0.0000E+00 0.0000E+00 0.0000E+00 0.0000E+00 0.0000E+00 0.0000E+00 0.0000E+00 0.0000E+00 0.0000E+00 0.0000E+00 -0.9990E+03 -0.9990E+03 0.0000E+00 0.0000E+00 0.0000E+00 0.0000E+00 0.0000E+00 0.0000E+00 0.0000E+00 0.0000E+00 0.0000E+00 0.0000E+00 0.0000E+00 0.0000E+00 0.0000E+00 0.0000E+00 0.6000E-02 0.5600E-01 0.1050E+00 0.1170E+00 0.1660E+00 0.1810E+00 0.2900E+00 0.3660E+00 0.8200E+00 0.1492E+01 0.2897E+01 0.1319E+02 0.2763E+01 0.1578E+01 0.9310E+00 0.4190E+00 0.1250E+00 0.8300E-01 0.5200E-01 0.2900E-01 0.3000E-02 0.0000E+00 0.0000E+00
-0.9990E+03 -0.9990E+03 -0.9990E+03 -0.9990E+03 0.0000E+00 0.0000E+00 0.0000E+00 0.0000E+00 0.0000E+00 0.0000E+00 0.0000E+00 0.0000E+00 0.0000E+00 0.0000E+00 0.0000E+00 0.0000E+00 0.0000E+00 -0.9990E+03 -0.9990E+03 -0.9990E+03 -0.9990E+03 0.0000E+00 0.0000E+00 0.0000E+00 0.0000E+00 0.0000E+00 0.0000E+00 0.0000E+00 0.0000E+00 0.0000E+00 0.0000E+00 0.0000E+00 0.0000E+00 0.0000E+00 0.0000E+00 0.0000E+00 0.0000E+00 0.0000E+00 0.1000E-01 0.4000E-01 0.8400E-01 0.5330E+00 0.1223E+01 0.2020E+01 0.1544E+02 0.4133E+01 0.1841E+01 0.8730E+00 0.3280E+00 0.1000E-01 0.7000E-02 0.6000E-02 0.5000E-02 0.2000E-02 0.0000E+00 0.0000E+00
-0.9990E+03 -0.9990E+03 -0.9990E+03 0.0000E+00 0.0000E+00 0.0000E+00 0.0000E+00 0.0000E+00 0.0000E+00 0.0000E+00 0.0000E+00 0.0000E+00 0.0000E+00 0.0000E+00 0.0000E+00 0.0000E+00 0.0000E+00 -0.9990E+03 -0.9990E+03 -0.9990E+03 -0.9990E+03 -0.9990E+03 0.0000E+00 0.0000E+00 0.0000E+00 0.0000E+00 0.0000E+00 0.0000E+00 0.0000E+00 0.0000E+00 0.0000E+00 0.0000E+00 0.0000E+00 0.0000E+00 0.0000E+00 0.0000E+00 0.0000E+00 0.0000E+00 0.0000E+00 0.0000E+00 0.2000E-02 0.3160E+00 0.8740E+00 0.1218E+01 0.2162E+01 0.1676E+02 0.2655E+01 0.8800E+00 0.3680E+00 0.3000E-02 0.0000E+00 0.0000E+00 0.0000E+00 0.0000E+00 0.1100E-01 0.4300E-01
-0.9990E+03 -0.9990E+03 -0.9990E+03 0.0000E+00 0.0000E+00 0.0000E+00 0.0000E+00 0.0000E+00 0.0000E+00 0.0000E+00 0.0000E+00 0.0000E+00 0.0000E+00 0.0000E+00 0.0000E+00 0.0000E+00 0.0000E+00 -0.9990E+03 -0.9990E+03 -0.9990E+03 -0.9990E+03 -0.9990E+03 0.0000E+00 0.0000E+00 0.0000E+00 0.0000E+00 0.0000E+00 0.0000E+00 0.0000E+00 0.0000E+00 0.0000E+00 0.0000E+00 0.0000E+00 0.0000E+00 0.0000E+00 0.0000E+00 0.0000E+00 0.0000E+00 0.0000E+00 0.0000E+00 0.0000E+00 0.1920E+00 0.6500E+00 0.1044E+01 0.1866E+01 0.1102E+02 0.1809E+01 0.8190E+00 0.4120E+00 0.1200E-01 0.0000E+00 0.0000E+00 0.9000E-02 0.4600E-01 0.9900E-01 0.1530E+00
0.0000E+00 0.0000E+00 0.0000E+00 0.0000E+00 0.0000E+00 0.0000E+00 0.0000E+00 0.0000E+00 0.0000E+00 0.0000E+00 0.0000E+00 0.0000E+00 0.0000E+00 0.0000E+00 0.0000E+00 0.0000E+00 -0.9990E+03 -0.9990E+03 -0.9990E+03 -0.9990E+03 -0.9990E+03 -0.9990E+03 -0.9990E+03 0.0000E+00 0.0000E+00 0.0000E+00 0.0000E+00 0.0000E+00 0.0000E+00 0.0000E+00 0.0000E+00 0.0000E+00 0.0000E+00 0.0000E+00 0.0000E+00 0.0000E+00 0.0000E+00 0.0000E+00 0.0000E+00 0.0000E+00 0.0000E+00 0.1050E+00 0.4620E+00 0.6940E+00 0.1419E+01 0.1002E+02 0.1908E+01 0.1240E+01 0.9090E+00 0.5640E+00 0.4850E+00 0.4690E+00 0.5450E+00 0.5090E+00 0.4380E+00 0.4100E+00
0.0000E+00 0.0000E+00 0.0000E+00 0.0000E+00 0.0000E+00 0.0000E+00 0.0000E+00 0.0000E+00 0.0000E+00 0.0000E+00 0.0000E+00 0.0000E+00 0.0000E+00 0.0000E+00 0.0000E+00 -0.9990E+03 -0.9990E+03 -0.9990E+03 -0.9990E+03 -0.9990E+03 -0.9990E+03 -0.9990E+03 0.0000E+00 0.0000E+00 0.0000E+00 0.0000E+00 0.0000E+00 0.0000E+00 0.0000E+00 0.0000E+00 0.0000E+00 0.0000E+00 0.0000E+00 0.0000E+00 0.0000E+00 0.0000E+00 0.0000E+00 0.0000E+00 0.5000E-02 0.3300E-01 0.8100E-01 0.1460E+00 0.4630E+00 0.7290E+00 0.1406E+01 0.9510E+01 0.1986E+01 0.1362E+01 0.1238E+01 0.1023E+01 0.7860E+00 0.7560E+00 0.1127E+01 0.7290E+00 0.6530E+00 0.7640E+00
0.0000E+00 0.0000E+00 0.0000E+00 0.0000E+00 0.0000E+00 0.0000E+00 0.0000E+00 0.0000E+00 0.0000E+00 0.0000E+00 0.0000E+00 0.0000E+00 0.0000E+00 0.0000E+00 -0.9990E+03 -0.9990E+03 -0.9990E+03 -0.9990E+03 -0.9990E+03 -0.9990E+03 -0.9990E+03 0.0000E+00 0.0000E+00 0.0000E+00 0.0000E+00 0.0000E+00 0.0000E+00 0.0000E+00 0.0000E+00 0.0000E+00 0.0000E+00 0.0000E+00 0.0000E+00 0.0000E+00 0.0000E+00 0.0000E+00 0.0000E+00 0.1900E-01 0.6500E-01 0.1330E+00 0.2240E+00 0.3350E+00 0.6590E+00 0.8530E+00 0.1471E+01 0.8345E+01 0.3741E+01 0.2606E+01 0.2833E+01 0.2074E+01 0.1864E+01 0.1841E+01 0.2385E+01 0.1847E+01 0.1300E+01 0.3357E+01
-0.9990E+03 -0.9990E+03 -0.9990E+03 -0.9990E+03 -0.9990E+03 -0.9990E+03 -0.9990E+03 -0.9990E+03 -0.9990E+03 0.0000E+00 0.0000E+00 0.0000E+00 0.0000E+00 -0.9990E+03 -0.9990E+03 -0.9990E+03 -0.9990E+03 -0.9990E+03 -0.9990E+03 -0.9990E+03 -0.9990E+03 0.0000E+00 0.0000E+00 0.0000E+00 0.0000E+00 0.0000E+00 0.0000E+00 0.0000E+00 0.0000E+00 0.0000E+00 0.0000E+00 0.0000E+00 0.0000E+00 0.0000E+00 0.0000E+00 0.1300E-01 0.5900E-01 0.1100E+00 0.2060E+00 0.3380E+00 0.4450E+00 0.8630E+00 0.1453E+01 0.1334E+01 0.3883E+01 0.7597E+01 0.1529E+02 0.1299E+02 0.1056E+02 0.1109E+02 0.1221E+02 0.1009E+02 0.8481E+01 0.8036E+01 0.7762E+01 0.5819E+01
-0.9990E+03 -0.9990E+03 -0.9990E+03 -0.9990E+03 -0.9990E+03 -0.9990E+03 -0.9990E+03 -0.9990E+03 -0.9990E+03 -0.9990E+03 0.0000E+00 0.0000E+00 -0.9990E+03 -0.9990E+03 -0.9990E+03 -0.9990E+03 -0.9990E+03 -0.9990E+03 -0.9990E+03 -0.9990E+03 -0.9990E+03 0.0000E+00 0.0000E+00 0.0000E+00 0.0000E+00 0.0000E+00 0.0000E+00 0.0000E+00 0.0000E+00 0.0000E+00 0.0000E+00 0.0000E+00 0.0000E+00 0.0000E+00 0.1700E-01 0.6000E-01 0.1400E+00 0.2440E+00 0.4120E+00 0.5720E+00 0.9760E+00 0.2789E+01 0.6766E+01 0.6195E+01 0.4897E+01 0.2153E+01 0.2074E+01 0.1656E+01 0.1510E+01 0.1539E+01 0.1734E+01 0.7787E+01 0.2632E+01 0.1583E+01 0.1417E+01 0.1124E+01
-0.9990E+03 -0.9990E+03 -0.9990E+03 -0.9990E+03 -0.9990E+03 -0.9990E+03 -0.9990E+03 -0.9990E+03 -0.9990E+03 -0.9990E+03 -0.9990E+03 -0.9990E+03 -0.9990E+03 -0.9990E+03 -0.9990E+03 -0.9990E+03 -0.9990E+03 -0.9990E+03 -0.9990E+03 -0.9990E+03 -0.9990E+03 0.0000E+00 0.0000E+00 0.0000E+00 0.0000E+00 0.0000E+00 0.0000E+00 0.0000E+00 0.0000E+00 0.0000E+00 0.0000E+00 0.0000E+00 0.6000E-02 0.4100E-01 0.8900E-01 0.1690E+00 0.3100E+00 0.5160E+00 0.9520E+00 0.1483E+01 0.5493E+01 0.6277E+01 0.1255E+01 0.1195E+01 0.1065E+01 0.9660E+00 0.6640E+00 0.6280E+00 0.7550E+00 0.1114E+01 0.1461E+01 0.5929E+01 0.1900E+01 0.1091E+01 0.8060E+00 0.4030E+00
-0.9990E+03 -0.9990E+03 -0.9990E+03 -0.9990E+03 -0.9990E+03 -0.9990E+03 -0.9990E+03 -0.9990E+03 -0.9990E+03 -0.9990E+03 -0.9990E+03 -0.9990E+03 -0.9990E+03 -0.9990E+03 -0.9990E+03 -0.9990E+03 -0.9990E+03 -0.9990E+03 -0.9990E+03 -0.9990E+03 -0.9990E+03 -0.9990E+03 0.0000E+00 0.0000E+00 0.0000E+00 0.0000E+00 0.0000E+00 0.0000E+00 0.0000E+00 0.0000E+00 0.0000E+00 0.8000E-02 0.5100E-01 0.1120E+00 0.2030E+00 0.3590E+00 0.6320E+00 0.1165E+01 0.3560E+01 0.7724E+01 0.2023E+01 0.8530E+00 0.5600E+00 0.5460E+00 0.5490E+00 0.4980E+00 0.5100E+00 0.4840E+00 0.4830E+00 0.6460E+00 0.1201E+01 0.4395E+01 0.5182E+01 0.1493E+01 0.8200E+00 0.3580E+00
-0.9990E+03 -0.9990E+03 -0.9990E+03 -0.9990E+03 -0.9990E+03 -0.9990E+03 -0.9990E+03 -0.9990E+03 -0.9990E+03 -0.9990E+03 -0.9990E+03 -0.9990E+03 -0.9990E+03 -0.9990E+03 -0.9990E+03 -0.9990E+03 -0.9990E+03 -0.9990E+03 -0.9990E+03 -0.9990E+03 -0.9990E+03 -0.9990E+03 -0.9990E+03 0.0000E+00 0.0000E+00 0.0000E+00 0.0000E+00 0.0000E+00 0.0000E+00 0.0000E+00 0.1000E-01 0.2900E-01 0.1090E+00 0.1380E+00 0.2610E+00 0.6130E+00 0.1060E+01 0.4731E+01 0.4078E+01 0.1267E+01 0.7000E+00 0.4840E+00 0.3500E+00 0.1800E+00 0.1440E+00 0.8900E-01 0.4800E-01 0.1300E-01 0.8600E-01 0.2460E+00 0.5400E+00 0.1118E+01 0.6394E+01 0.1302E+01 0.8810E+00 0.5010E+00
-0.9990E+03 -0.9990E+03 -0.9990E+03 -0.9990E+03 -0.9990E+03 -0.9990E+03 -0.9990E+03 -0.9990E+03 -0.9990E+03 -0.9990E+03 -0.9990E+03 -0.9990E+03 -0.9990E+03 -0.9990E+03 -0.9990E+03 -0.9990E+03 -0.9990E+03 -0.9990E+03 -0.9990E+03 -0.9990E+03 -0.9990E+03 -0.9990E+03 -0.9990E+03 0.0000E+00 0.0000E+00 0.0000E+00 0.0000E+00 0.0000E+00 0.0000E+00 0.1200E-01 0.3400E-01 0.8900E-01 0.2230E+00 0.4300E+00 0.9090E+00 0.2275E+01 0.6112E+01 0.1719E+01 0.5800E+00 0.5160E+00 0.3240E+00 0.1690E+00 0.1260E+00 0.5000E-01 0.2500E-01 0.0000E+00 0.0000E+00 0.0000E+00 0.4300E-01 0.1460E+00 0.3540E+00 0.5650E+00 0.1998E+01 0.5440E+01 0.1257E+01 0.8010E+00
-0.9990E+03 -0.9990E+03 -0.9990E+03 -0.9990E+03 -0.9990E+03 -0.9990E+03 -0.9990E+03 -0.9990E+03 -0.9990E+03 -0.9990E+03 -0.9990E+03 -0.9990E+03 -0.9990E+03 -0.9990E+03 -0.9990E+03 -0.9990E+03 -0.9990E+03 -0.9990E+03 -0.9990E+03 -0.9990E+03 -0.9990E+03 -0.9990E+03 -0.9990E+03 -0.9990E+03 0.0000E+00 0.0000E+00 0.0000E+00 0.5000E-02 0.2000E-01 0.5400E-01 0.9400E-01 0.2140E+00 0.4140E+00 0.8890E+00 0.3301E+01 0.4913E+01 0.1273E+01 0.4550E+00 0.3660E+00 0.2460E+00 0.1420E+00 0.7400E-01 0.3200E-01 0.4000E-02 0.0000E+00 0.0000E+00 0.0000E+00 0.0000E+00 0.1300E-01 0.7900E-01 0.2060E+00 0.3730E+00 0.6630E+00 0.5131E+01 0.1990E+01 0.1566E+01
-0.9990E+03 -0.9990E+03 -0.9990E+03 -0.9990E+03 -0.9990E+03 -0.9990E+03 -0.9990E+03 -0.9990E+03 -0.9990E+03 -0.9990E+03 -0.9990E+03 -0.9990E+03 -0.9990E+03 -0.9990E+03 -0.9990E+03 -0.9990E+03 -0.9990E+03 -0.9990E+03 -0.9990E+03 -0.9990E+03 -0.9990E+03 -0.9990E+03 -0.9990E+03 -0.9990E+03 -0.9990E+03 0.0000E+00 0.0000E+00 0.7000E-02 0.2600E-01 0.7100E-01 0.1390E+00 0.3440E+00 0.7860E+00 0.3010E+01 0.3594E+01 0.7260E+00 0.5240E+00 0.3260E+00 0.1870E+00 0.9900E-01 0.4100E-01 0.1400E-01 0.0000E+00 0.0000E+00 0.0000E+00 0.0000E+00 0.0000E+00 0.0000E+00 0.0000E+00 0.4200E-01 0.1200E+00 0.2030E+00 0.3720E+00 0.9970E+00 0.5957E+01 0.6396E+01
-0.9990E+03 -0.9990E+03 -0.9990E+03 -0.9990E+03 -0.9990E+03 -0.9990E+03 -0.9990E+03 -0.9990E+03 -0.9990E+03 -0.9990E+03 -0.9990E+03 -0.9990E+03 -0.9990E+03 -0.9990E+03 -0.9990E+03 -0.9990E+03 -0.9990E+03 -0.9990E+03 -0.9990E+03 -0.9990E+03 -0.9990E+03 -0.9990E+03 -0.9990E+03 -0.9990E+03 -0.9990E+03 0.0000E+00 0.0000E+00 0.9000E-02 0.3400E-01 0.9600E-01 0.2780E+00 0.6570E+00 0.3577E+01 0.2352E+01 0.7620E+00 0.3190E+00 0.1930E+00 0.1620E+00 0.8800E-01 0.3600E-01 0.3000E-02 0.0000E+00 0.0000E+00 0.0000E+00 0.0000E+00 0.0000E+00 0.0000E+00 0.0000E+00 0.0000E+00 0.6000E-02 0.6300E-01 0.1220E+00 0.2300E+00 0.5980E+00 0.1145E+01 0.2859E+01
-0.9990E+03 -0.9990E+03 -0.9990E+03 -0.9990E+03 -0.9990E+03 -0.9990E+03 -0.9990E+03 -0.9990E+03 -0.9990E+03 -0.9990E+03 -0.9990E+03 -0.9990E+03 -0.9990E+03 -0.9990E+03 -0.9990E+03 -0.9990E+03 -0.9990E+03 -0.9990E+03 -0.9990E+03 -0.9990E+03 -0.9990E+03 -0.9990E+03 -0.9990E+03 -0.9990E+03 -0.9990E+03 0.0000E+00 0.0000E+00 0.1000E-01 0.4300E-01 0.1400E+00 0.1500E+01 0.3543E+01 0.1851E+01 0.4280E+00 0.2730E+00 0.1340E+00 0.7800E-01 0.6500E-01 0.2500E-01 0.0000E+00 0.0000E+00 0.0000E+00 0.0000E+00 0.0000E+00 0.0000E+00 0.0000E+00 0.0000E+00 0.0000E+00 0.0000E+00 0.0000E+00 0.2400E-01 0.6800E-01 0.1310E+00 0.3300E+00 0.5990E+00 0.9460E+00
