Data/rwc_PM25_RR2025_2002.asc
NCOLS          280
NROWS          320
XLLCORNER            0
YLLCORNER       300000
CELLSIZE         1000
NODATA_VALUE  -0.9990E+03
[rows 125 to 149 of 320, columns 168 to 223 of 280]
0.0000E+00 0.0000E+00 0.0000E+00 0.0000E+00 0.0000E+00 0.0000E+00 0.0000E+00 0.0000E+00 0.0000E+00 0.0000E+00 0.0000E+00 0.0000E+00 0.0000E+00 0.0000E+00 0.0000E+00 0.0000E+00 0.0000E+00 0.1000E-03 0.6000E-03 0.1400E-02 0.2800E-02 0.4800E-02 0.8300E-02 0.1500E-01 0.3160E-01 0.8360E-01 0.4570E-01 0.1340E-01 0.1370E-01 0.4170E-01 0.4430E-01 0.8600E-02 0.4500E-02 0.1500E-02 0.3000E-03 0.0000E+00 0.0000E+00 0.0000E+00 0.0000E+00 0.1000E-03 0.4000E-03 0.6000E-03 0.1500E-02 0.2300E-02 0.2500E-02 0.1740E-01 0.4300E-02 0.1900E-02 0.1100E-02 0.2000E-03 0.0000E+00 0.0000E+00 0.0000E+00 0.0000E+00 0.0000E+00 0.0000E+00
0.0000E+00 0.0000E+00 0.0000E+00 0.0000E+00 0.0000E+00 0.0000E+00 0.0000E+00 0.0000E+00 0.0000E+00 0.0000E+00 0.0000E+00 0.0000E+00 0.0000E+00 0.0000E+00 0.0000E+00 0.0000E+00 0.2000E-03 0.7000E-03 0.1500E-02 0.2900E-02 0.5100E-02 0.9000E-02 0.1850E-01 0.7220E-01 0.7050E-01 0.1330E-01 0.1030E-01 0.9800E-02 0.1550E-01 0.7980E-01 0.1460E-01 0.6500E-02 0.4000E-02 0.9000E-03 0.0000E+00 0.0000E+00 0.0000E+00 0.0000E+00 0.0000E+00 0.0000E+00 0.2000E-03 0.3000E-03 0.1100E-02 0.1800E-02 0.2800E-02 0.1700E-01 0.4000E-02 0.2300E-02 0.1400E-02 0.5000E-03 0.1000E-03 0.0000E+00 0.0000E+00 0.0000E+00 0.0000E+00 0.0000E+00
0.0000E+00 0.0000E+00 0.0000E+00 0.0000E+00 0.0000E+00 0.0000E+00 0.0000E+00 0.0000E+00 0.0000E+00 0.0000E+00 0.0000E+00 0.0000E+00 0.0000E+00 0.0000E+00 0.0000E+00 0.6000E-03 0.1100E-02 0.2300E-02 0.3700E-02 0.6300E-02 0.9500E-02 0.1750E-01 0.9150E-01 0.3780E-01 0.1120E-01 0.6200E-02 0.7100E-02 0.8500E-02 0.1520E-01 0.7970E-01 0.1340E-01 0.6100E-02 0.4000E-02 0.5000E-03 0.0000E+00 0.0000E+00 0.0000E+00 0.0000E+00 0.0000E+00 0.0000E+00 0.0000E+00 0.1000E-03 0.8000E-03 0.1600E-02 0.3800E-02 0.2090E-01 0.5300E-02 0.3500E-02 0.2100E-02 0.9000E-03 0.3000E-03 0.1000E-03 0.0000E+00 0.0000E+00 0.0000E+00 0.0000E+00
0.0000E+00 0.0000E+00 0.0000E+00 0.0000E+00 0.0000E+00 0.0000E+00 0.0000E+00 0.0000E+00 0.0000E+00 0.0000E+00 0.0000E+00 0.0000E+00 0.0000E+00 0.1000E-03 0.5000E-03 0.1500E-02 0.2600E-02 0.4500E-02 0.7400E-02 0.1210E-01 0.4070E-01 0.8630E-01 0.1820E-01 0.9100E-02 0.5300E-02 0.3400E-02 0.6100E-02 0.8000E-02 0.1140E-01 0.7410E-01 0.1400E-01 0.7300E-02 0.4900E-02 0.3000E-03 0.0000E+00 0.0000E+00 0.0000E+00 0.0000E+00 0.0000E+00 0.0000E+00 0.0000E+00 0.0000E+00 0.6000E-03 0.1200E-02 0.2400E-02 0.5600E-02 0.2000E-01 0.5400E-02 0.3100E-02 0.1700E-02 0.1100E-02 0.8000E-03 0.7000E-03 0.3000E-03 0.2000E-03 0.0000E+00
0.0000E+00 0.0000E+00 0.0000E+00 0.0000E+00 0.0000E+00 0.0000E+00 0.0000E+00 0.0000E+00 0.0000E+00 0.0000E+00 0.0000E+00 0.0000E+00 0.0000E+00 0.5000E-03 0.1200E-02 0.2700E-02 0.4800E-02 0.8900E-02 0.1580E-01 0.5120E-01 0.6900E-01 0.1380E-01 0.7200E-02 0.4400E-02 0.2700E-02 0.1700E-02 0.4000E-02 0.5500E-02 0.1110E-01 0.7800E-01 0.1700E-01 0.8100E-02 0.5800E-02 0.1200E-02 0.0000E+00 0.0000E+00 0.0000E+00 0.0000E+00 0.0000E+00 0.0000E+00 0.0000E+00 0.0000E+00 0.3000E-03 0.9000E-03 0.1500E-02 0.3000E-02 0.1260E-01 0.1530E-01 0.3200E-02 0.2600E-02 0.2100E-02 0.1900E-02 0.1800E-02 0.1000E-02 0.1400E-02 0.1300E-02
0.0000E+00 0.0000E+00 0.0000E+00 0.0000E+00 0.0000E+00 0.0000E+00 0.0000E+00 0.0000E+00 0.0000E+00 0.1000E-03 0.4000E-03 0.9000E-03 0.1600E-02 0.2800E-02 0.4100E-02 0.6500E-02 0.1090E-01 0.1890E-01 0.9090E-01 0.5120E-01 0.1190E-01 0.6300E-02 0.3400E-02 0.2100E-02 0.1200E-02 0.6000E-03 0.2700E-02 0.5400E-02 0.1120E-01 0.8090E-01 0.1580E-01 0.6800E-02 0.6100E-02 0.2400E-02 0.0000E+00 0.0000E+00 0.0000E+00 0.0000E+00 0.0000E+00 0.0000E+00 0.0000E+00 0.0000E+00 0.2000E-03 0.5000E-03 0.1000E-02 0.1600E-02 0.2200E-02 0.8400E-02 0.1230E-01 0.4500E-02 0.4200E-02 0.4000E-02 0.3200E-02 0.2300E-02 0.2300E-02 0.2100E-02
0.0000E+00 0.0000E+00 0.0000E+00 0.0000E+00 0.0000E+00 0.0000E+00 0.0000E+00 0.1000E-03 0.7000E-03 0.1300E-02 0.2200E-02 0.3200E-02 0.4500E-02 0.6000E-02 0.7200E-02 0.9800E-02 0.3890E-01 0.8170E-01 0.1810E-01 0.9900E-02 0.5400E-02 0.3200E-02 0.1800E-02 0.9000E-03 0.4000E-03 0.0000E+00 0.2000E-02 0.5300E-02 0.1280E-01 0.7460E-01 0.3850E-01 0.1020E-01 0.8800E-02 0.4100E-02 0.0000E+00 0.0000E+00 0.0000E+00 0.0000E+00 0.0000E+00 0.0000E+00 0.0000E+00 0.0000E+00 0.0000E+00 0.3000E-03 0.5000E-03 0.8000E-03 0.9000E-03 0.1400E-02 0.6400E-02 0.1650E-01 0.1530E-01 0.1620E-01 0.6500E-02 0.5100E-02 0.4900E-02 0.4500E-02
0.0000E+00 0.0000E+00 0.0000E+00 0.0000E+00 0.0000E+00 0.2000E-03 0.9000E-03 0.1800E-02 0.3200E-02 0.4700E-02 0.6500E-02 0.8400E-02 0.9600E-02 0.1190E-01 0.1420E-01 0.1930E-01 0.8620E-01 0.1440E-01 0.7400E-02 0.4700E-02 0.2800E-02 0.1500E-02 0.7000E-03 0.3000E-03 0.0000E+00 0.0000E+00 0.1600E-02 0.4100E-02 0.7400E-02 0.2150E-01 0.9850E-01 0.2300E-01 0.1070E-01 0.4500E-02 0.0000E+00 0.0000E+00 0.0000E+00 0.0000E+00 0.0000E+00 0.0000E+00 0.0000E+00 0.0000E+00 0.0000E+00 0.1000E-03 0.2000E-03 0.4000E-03 0.6000E-03 0.8000E-03 0.1700E-02 0.2700E-02 0.3000E-02 0.4100E-02 0.1650E-01 0.1800E-01 0.1780E-01 0.1710E-01
0.0000E+00 0.3000E-03 0.1000E-02 0.1900E-02 0.2600E-02 0.4100E-02 0.5500E-02 0.7000E-02 0.8500E-02 0.1050E-01 0.1380E-01 0.1890E-01 0.3120E-01 0.7670E-01 0.8070E-01 0.8400E-01 0.2690E-01 0.7400E-02 0.3900E-02 0.2600E-02 0.1300E-02 0.6000E-03 0.2000E-03 0.0000E+00 0.0000E+00 0.0000E+00 0.1500E-02 0.3700E-02 0.7100E-02 0.2160E-01 0.1024E+00 0.2590E-01 0.1130E-01 0.4200E-02 0.0000E+00 0.0000E+00 0.0000E+00 0.0000E+00 0.0000E+00 0.0000E+00 0.0000E+00 0.0000E+00 0.0000E+00 0.0000E+00 0.0000E+00 0.1000E-03 0.3000E-03 0.5000E-03 0.8000E-03 0.1100E-02 0.1200E-02 0.1900E-02 0.3000E-02 0.3200E-02 0.2100E-02 0.2700E-02
0.3600E-02 0.4700E-02 0.5700E-02 0.5600E-02 0.5900E-02 0.8700E-02 0.9900E-02 0.1130E-01 0.1530E-01 0.2270E-01 0.4300E-01 0.9420E-01 0.6830E-01 0.1440E-01 0.1110E-01 0.9000E-02 0.5800E-02 0.3400E-02 0.2000E-02 0.1100E-02 0.3000E-03 0.0000E+00 0.0000E+00 0.0000E+00 0.0000E+00 0.0000E+00 0.2000E-02 0.3900E-02 0.1010E-01 0.3030E-01 0.1068E+00 0.2330E-01 0.1030E-01 0.3700E-02 0.0000E+00 0.0000E+00 0.0000E+00 0.0000E+00 0.0000E+00 0.0000E+00 0.0000E+00 0.0000E+00 0.0000E+00 0.0000E+00 0.0000E+00 0.0000E+00 0.1000E-03 0.2000E-03 0.3000E-03 0.4000E-03 0.8000E-03 0.1100E-02 0.1400E-02 0.1500E-02 0.1300E-02 0.8000E-03
0.8600E-02 0.9800E-02 0.7800E-02 0.7900E-02 0.1190E-01 0.2090E-01 0.2170E-01 0.1860E-01 0.4500E-01 0.1011E+00 0.8750E-01 0.1980E-01 0.1000E-01 0.6500E-02 0.4700E-02 0.3600E-02 0.2600E-02 0.1700E-02 0.1000E-02 0.4000E-03 0.0000E+00 0.0000E+00 0.0000E+00 0.0000E+00 0.0000E+00 0.0000E+00 0.2300E-02 0.4200E-02 0.1060E-01 0.9420E-01 0.4390E-01 0.1540E-01 0.8300E-02 0.2800E-02 0.0000E+00 0.0000E+00 0.0000E+00 0.0000E+00 0.0000E+00 0.0000E+00 0.0000E+00 0.0000E+00 0.0000E+00 0.0000E+00 0.0000E+00 0.0000E+00 0.0000E+00 0.0000E+00 0.0000E+00 0.1000E-03 0.2000E-03 0.4000E-03 0.5000E-03 0.7000E-03 0.6000E-03 0.5000E-03
0.2360E-01 0.1940E-01 0.1470E-01 0.1680E-01 0.7710E-01 0.9860E-01 0.9360E-01 0.8560E-01 0.6120E-01 0.1770E-01 0.1420E-01 0.6800E-02 0.4900E-02 0.3900E-02 0.2600E-02 0.1800E-02 0.1300E-02 0.9000E-03 0.4000E-03 0.1000E-03 0.0000E+00 0.0000E+00 0.0000E+00 0.0000E+00 0.0000E+00 0.0000E+00 0.5300E-02 0.6100E-02 0.1840E-01 0.1091E+00 0.2980E-01 0.1450E-01 0.9200E-02 0.1700E-02 0.0000E+00 0.0000E+00 0.0000E+00 0.0000E+00 0.0000E+00 0.0000E+00 0.0000E+00 0.0000E+00 0.0000E+00 0.0000E+00 0.0000E+00 0.0000E+00 0.0000E+00 0.0000E+00 0.0000E+00 0.0000E+00 0.0000E+00 0.0000E+00 0.0000E+00 0.0000E+00 0.0000E+00 0.0000E+00
0.1203E+00 0.7800E-01 0.7900E-01 0.8410E-01 0.3660E-01 0.1480E-01 0.1760E-01 0.1240E-01 0.9300E-02 0.6100E-02 0.4400E-02 0.3100E-02 0.2200E-02 0.1600E-02 0.8000E-03 0.3000E-03 0.0000E+00 0.0000E+00 0.0000E+00 0.0000E+00 0.0000E+00 0.0000E+00 0.0000E+00 0.0000E+00 0.0000E+00 0.0000E+00 0.5700E-02 0.1190E-01 0.2200E-01 0.1185E+00 0.3070E-01 0.1470E-01 0.8900E-02 0.8000E-03 0.0000E+00 0.0000E+00 0.0000E+00 0.0000E+00 0.0000E+00 0.0000E+00 0.0000E+00 0.0000E+00 0.0000E+00 0.0000E+00 0.0000E+00 0.0000E+00 0.0000E+00 0.0000E+00 0.0000E+00 0.0000E+00 0.0000E+00 0.0000E+00 0.0000E+00 0.0000E+00 0.0000E+00 0.0000E+00
0.3030E-01 0.1430E-01 0.1200E-01 0.1050E-01 0.8400E-02 0.6600E-02 0.5800E-02 0.5200E-02 0.4100E-02 0.3100E-02 0.2000E-02 0.1300E-02 0.1100E-02 0.5000E-03 0.0000E+00 0.0000E+00 0.0000E+00 0.0000E+00 0.0000E+00 0.0000E+00 0.0000E+00 0.0000E+00 0.0000E+00 0.0000E+00 0.0000E+00 0.0000E+00 0.6600E-02 0.1070E-01 0.2210E-01 0.1188E+00 0.3100E-01 0.1450E-01 0.8700E-02 0.1000E-03 0.0000E+00 0.0000E+00 0.0000E+00 0.0000E+00 0.0000E+00 0.0000E+00 0.0000E+00 0.0000E+00 0.0000E+00 0.0000E+00 0.0000E+00 0.0000E+00 0.0000E+00 0.0000E+00 0.0000E+00 0.0000E+00 0.0000E+00 0.0000E+00 0.0000E+00 0.0000E+00 0.0000E+00 0.0000E+00
0.2240E-01 0.1040E-01 0.5700E-02 0.4600E-02 0.4300E-02 0.3700E-02 0.3400E-02 0.2500E-02 0.1800E-02 0.1200E-02 0.7000E-03 0.2000E-03 0.0000E+00 0.0000E+00 0.0000E+00 0.0000E+00 0.0000E+00 0.0000E+00 0.0000E+00 0.0000E+00 0.0000E+00 0.0000E+00 0.0000E+00 0.0000E+00 0.0000E+00 0.0000E+00 0.7700E-02 0.1250E-01 0.2650E-01 0.1190E+00 0.3100E-01 0.1460E-01 0.8700E-02 0.0000E+00 0.0000E+00 0.0000E+00 0.0000E+00 0.0000E+00 0.0000E+00 0.0000E+00 0.0000E+00 0.0000E+00 0.0000E+00 0.0000E+00 0.0000E+00 0.0000E+00 0.0000E+00 0.0000E+00 0.0000E+00 0.0000E+00 0.0000E+00 0.0000E+00 0.0000E+00 0.0000E+00 0.0000E+00 0.0000E+00
0.1670E-01 0.6200E-02 0.2900E-02 0.1800E-02 0.1400E-02 0.9000E-03 0.5000E-03 0.1000E-03 0.0000E+00 0.0000E+00 0.0000E+00 0.0000E+00 0.0000E+00 0.0000E+00 0.0000E+00 0.0000E+00 0.0000E+00 0.0000E+00 0.0000E+00 0.0000E+00 0.0000E+00 0.0000E+00 0.0000E+00 0.0000E+00 0.0000E+00 0.0000E+00 0.8100E-02 0.9400E-02 0.1500E-01 0.1192E+00 0.3100E-01 0.1480E-01 0.9000E-02 0.0000E+00 0.0000E+00 0.0000E+00 0.0000E+00 0.0000E+00 0.0000E+00 0.0000E+00 0.0000E+00 0.0000E+00 0.0000E+00 0.0000E+00 0.0000E+00 0.0000E+00 0.0000E+00 0.0000E+00 0.0000E+00 0.0000E+00 0.0000E+00 0.0000E+00 0.0000E+00 0.0000E+00 0.0000E+00 0.0000E+00
0.1260E-01 0.2600E-02 0.6000E-03 0.0000E+00 0.0000E+00 0.0000E+00 0.0000E+00 0.0000E+00 0.0000E+00 0.0000E+00 0.0000E+00 0.0000E+00 0.0000E+00 0.0000E+00 0.0000E+00 0.0000E+00 0.0000E+00 0.0000E+00 0.0000E+00 0.0000E+00 0.0000E+00 0.0000E+00 0.0000E+00 0.0000E+00 0.0000E+00 0.5000E-03 0.4400E-02 0.7700E-02 0.2510E-01 0.1187E+00 0.3110E-01 0.1460E-01 0.8000E-02 0.0000E+00 0.0000E+00 0.0000E+00 0.0000E+00 0.0000E+00 0.0000E+00 0.0000E+00 0.0000E+00 0.0000E+00 0.0000E+00 0.0000E+00 0.0000E+00 0.0000E+00 0.0000E+00 0.0000E+00 0.0000E+00 0.0000E+00 0.0000E+00 0.0000E+00 0.0000E+00 0.0000E+00 0.0000E+00 0.0000E+00
0.9800E-02 0.2600E-02 0.3000E-03 0.0000E+00 0.0000E+00 0.0000E+00 0.0000E+00 0.0000E+00 0.0000E+00 0.0000E+00 0.0000E+00 0.0000E+00 0.0000E+00 0.0000E+00 0.0000E+00 0.0000E+00 0.0000E+00 0.0000E+00 0.0000E+00 0.0000E+00 0.0000E+00 0.0000E+00 0.0000E+00 0.0000E+00 0.0000E+00 0.5000E-03 0.3700E-02 0.1020E-01 0.2820E-01 0.1213E+00 0.3080E-01 0.1430E-01 0.7500E-02 0.0000E+00 0.0000E+00 0.0000E+00 0.0000E+00 0.0000E+00 0.0000E+00 0.0000E+00 0.0000E+00 0.0000E+00 0.0000E+00 0.0000E+00 0.0000E+00 0.0000E+00 0.0000E+00 0.0000E+00 0.0000E+00 0.0000E+00 0.0000E+00 0.0000E+00 0.0000E+00 0.7000E-03 0.1800E-02 0.3000E-02
0.6200E-02 0.1200E-02 0.0000E+00 0.0000E+00 0.0000E+00 0.0000E+00 0.0000E+00 0.0000E+00 0.0000E+00 0.0000E+00 0.0000E+00 0.0000E+00 0.0000E+00 0.0000E+00 0.0000E+00 0.0000E+00 0.0000E+00 0.0000E+00 0.0000E+00 0.0000E+00 0.0000E+00 0.0000E+00 0.0000E+00 0.0000E+00 0.0000E+00 0.1400E-02 0.8200E-02 0.1480E-01 0.3390E-01 0.1228E+00 0.2680E-01 0.1380E-01 0.7200E-02 0.0000E+00 0.0000E+00 0.0000E+00 0.0000E+00 0.0000E+00 0.0000E+00 0.0000E+00 0.0000E+00 0.0000E+00 0.0000E+00 0.0000E+00 0.6000E-03 0.1200E-02 0.2500E-02 0.3700E-02 0.4000E-02 0.6300E-02 0.8000E-02 0.9900E-02 0.1080E-01 0.1110E-01 0.1170E-01 0.1250E-01
0.2500E-02 0.6000E-03 0.0000E+00 0.0000E+00 0.0000E+00 0.0000E+00 0.0000E+00 0.0000E+00 0.0000E+00 0.0000E+00 0.0000E+00 0.0000E+00 0.0000E+00 0.0000E+00 0.0000E+00 0.0000E+00 0.0000E+00 0.0000E+00 0.0000E+00 0.0000E+00 0.0000E+00 0.0000E+00 0.0000E+00 0.0000E+00 0.0000E+00 0.1700E-02 0.9800E-02 0.1980E-01 0.9790E-01 0.5330E-01 0.2420E-01 0.1270E-01 0.7100E-02 0.0000E+00 0.0000E+00 0.0000E+00 0.0000E+00 0.2000E-03 0.6000E-03 0.1200E-02 0.2100E-02 0.3400E-02 0.4600E-02 0.5400E-02 0.5900E-02 0.8600E-02 0.1040E-01 0.9500E-02 0.1290E-01 0.1260E-01 0.1290E-01 0.1560E-01 0.1660E-01 0.1780E-01 0.1790E-01 0.2150E-01
0.1400E-02 0.1000E-03 0.0000E+00 0.0000E+00 0.0000E+00 0.0000E+00 0.0000E+00 0.0000E+00 0.0000E+00 0.0000E+00 0.0000E+00 0.0000E+00 0.0000E+00 0.0000E+00 0.0000E+00 0.0000E+00 0.0000E+00 0.0000E+00 0.0000E+00 0.0000E+00 0.0000E+00 0.0000E+00 0.0000E+00 0.0000E+00 0.0000E+00 0.1300E-02 0.9000E-02 0.1770E-01 0.5650E-01 0.9280E-01 0.2710E-01 0.1340E-01 0.7700E-02 0.6000E-03 0.0000E+00 0.4000E-03 0.1800E-02 0.3600E-02 0.4400E-02 0.4100E-02 0.6100E-02 0.8500E-02 0.1020E-01 0.9000E-02 0.9100E-02 0.1460E-01 0.1670E-01 0.1870E-01 0.2070E-01 0.3100E-01 0.3410E-01 0.3500E-01 0.3650E-01 0.3370E-01 0.3670E-01 0.4260E-01
0.1500E-02 0.0000E+00 0.0000E+00 0.0000E+00 0.0000E+00 0.0000E+00 0.0000E+00 0.0000E+00 0.0000E+00 0.0000E+00 0.0000E+00 0.0000E+00 0.0000E+00 0.0000E+00 0.0000E+00 0.0000E+00 0.0000E+00 0.0000E+00 0.0000E+00 0.0000E+00 0.0000E+00 0.0000E+00 0.0000E+00 0.0000E+00 0.0000E+00 0.1100E-02 0.6200E-02 0.1180E-01 0.2340E-01 0.1187E+00 0.2980E-01 0.1450E-01 0.8300E-02 0.2000E-02 0.1300E-02 0.3000E-02 0.5400E-02 0.9000E-02 0.8100E-02 0.1630E-01 0.1370E-01 0.1830E-01 0.1910E-01 0.1840E-01 0.1950E-01 0.3070E-01 0.3800E-01 0.1029E+00 0.9650E-01 0.1278E+00 0.1297E+00 0.1332E+00 0.1365E+00 0.1354E+00 0.1322E+00 0.1351E+00
0.6000E-03 0.0000E+00 0.0000E+00 0.0000E+00 0.0000E+00 0.0000E+00 0.0000E+00 0.0000E+00 0.0000E+00 0.0000E+00 0.0000E+00 0.0000E+00 0.0000E+00 0.0000E+00 0.0000E+00 0.0000E+00 0.0000E+00 0.0000E+00 0.0000E+00 0.0000E+00 0.0000E+00 0.0000E+00 0.0000E+00 0.0000E+00 0.0000E+00 0.6000E-03 0.2700E-02 0.5600E-02 0.1310E-01 0.1096E+00 0.2980E-01 0.1660E-01 0.9500E-02 0.5700E-02 0.3900E-02 0.4600E-02 0.7800E-02 0.1920E-01 0.3030E-01 0.4290E-01 0.5540E-01 0.1144E+00 0.1004E+00 0.1086E+00 0.1181E+00 0.1294E+00 0.1330E+00 0.5330E-01 0.2470E-01 0.2310E-01 0.2380E-01 0.2560E-01 0.2650E-01 0.2540E-01 0.2520E-01 0.2290E-01
0.0000E+00 0.0000E+00 0.0000E+00 0.0000E+00 0.0000E+00 0.0000E+00 0.0000E+00 0.0000E+00 0.0000E+00 0.0000E+00 0.1000E-03 0.6000E-03 0.1300E-02 0.2100E-02 0.2600E-02 0.3300E-02 0.2900E-02 0.2600E-02 0.1800E-02 0.9000E-03 0.2000E-03 0.0000E+00 0.0000E+00 0.0000E+00 0.0000E+00 0.1000E-03 0.1800E-02 0.4600E-02 0.8900E-02 0.6530E-01 0.6810E-01 0.2440E-01 0.1740E-01 0.1360E-01 0.9700E-02 0.1070E-01 0.1750E-01 0.4520E-01 0.9530E-01 0.1779E+00 0.1471E+00 0.3360E-01 0.1780E-01 0.1780E-01 0.2100E-01 0.2240E-01 0.2090E-01 0.1590E-01 0.1150E-01 0.1090E-01 0.1130E-01 0.1110E-01 0.1210E-01 0.1190E-01 0.1130E-01 0.1030E-01
0.0000E+00 0.0000E+00 0.0000E+00 0.0000E+00 0.0000E+00 0.4000E-03 0.9000E-03 0.1600E-02 0.2400E-02 0.3500E-02 0.4700E-02 0.5700E-02 0.5900E-02 0.6400E-02 0.6600E-02 0.7000E-02 0.6500E-02 0.5300E-02 0.3800E-02 0.2400E-02 0.1300E-02 0.3000E-03 0.0000E+00 0.0000E+00 0.0000E+00 0.0000E+00 0.1200E-02 0.4000E-02 0.7100E-02 0.1390E-01 0.1062E+00 0.3280E-01 0.2650E-01 0.2660E-01 0.2460E-01 0.4400E-01 0.7680E-01 0.1709E+00 0.1315E+00 0.3510E-01 0.2600E-01 0.1630E-01 0.9800E-02 0.7000E-02 0.8200E-02 0.8700E-02 0.8500E-02 0.8200E-02 0.7300E-02 0.6900E-02 0.6600E-02 0.6300E-02 0.5700E-02 0.6700E-02 0.5100E-02 0.3300E-02
