Data/rwc_PM25_RR2030_2002.asc
NCOLS          280
NROWS          320
XLLCORNER            0
YLLCORNER       300000
CELLSIZE         1000
NODATA_VALUE  -0.9990E+03
[rows 225 to 249 of 320, columns 112 to 167 of 280]
0.2990E-01 0.8880E-01 0.1254E+00 0.3140E-01 0.1840E-01 0.8800E-02 0.7900E-02 0.6000E-02 0.5800E-02 0.9900E-02 0.1080E-01 0.9300E-02 0.1040E-01 0.2240E-01 0.3900E-01 0.1073E+00 0.8920E-01 0.1014E+00 0.8450E-01 0.9500E-01 0.8770E-01 0.8750E-01 0.8330E-01 0.1274E+00 0.4160E-01 0.2220E-01 0.2170E-01 0.9010E-01 0.6030E-01 0.2710E-01 0.2580E-01 0.1820E-01 0.1170E-01 0.1030E-01 0.7800E-02 0.5100E-02 0.3100E-02 0.2400E-02 0.3700E-02 0.6000E-02 0.9700E-02 0.2310E-01 0.9610E-01 0.2560E-01 0.1380E-01 0.8300E-02 0.8400E-02 0.9700E-02 0.1950E-01 0.8130E-01 0.1690E-01 0.6900E-02 0.2600E-02 0.0000E+00 0.0000E+00 0.0000E+00
0.1217E+00 0.7590E-01 0.2380E-01 0.1370E-01 0.7200E-02 0.7600E-02 0.7400E-02 0.4100E-02 0.3600E-02 0.3900E-02 0.6400E-02 0.7800E-02 0.8400E-02 0.1120E-01 0.1480E-01 0.1960E-01 0.2000E-01 0.1600E-01 0.1510E-01 0.1310E-01 0.1250E-01 0.1260E-01 0.1800E-01 0.1960E-01 0.1360E-01 0.9800E-02 0.1340E-01 0.1810E-01 0.4070E-01 0.1037E+00 0.1033E+00 0.3060E-01 0.2750E-01 0.1730E-01 0.1360E-01 0.1000E-01 0.7400E-02 0.4800E-02 0.4200E-02 0.5600E-02 0.8300E-02 0.1690E-01 0.8100E-01 0.6650E-01 0.2060E-01 0.1100E-01 0.1000E-01 0.1250E-01 0.5130E-01 0.4780E-01 0.1210E-01 0.6100E-02 0.2500E-02 0.0000E+00 0.0000E+00 0.0000E+00
0.2880E-01 0.2190E-01 0.9600E-02 0.4300E-02 0.3300E-02 0.2300E-02 0.1000E-02 0.3000E-03 0.0000E+00 0.3000E-03 0.8000E-03 0.1900E-02 0.3800E-02 0.5200E-02 0.7500E-02 0.8600E-02 0.9100E-02 0.6800E-02 0.7400E-02 0.5300E-02 0.5400E-02 0.6600E-02 0.8100E-02 0.7800E-02 0.7500E-02 0.7100E-02 0.8000E-02 0.9900E-02 0.1360E-01 0.2000E-01 0.2640E-01 0.1017E+00 0.1069E+00 0.4380E-01 0.2470E-01 0.1920E-01 0.1450E-01 0.1110E-01 0.9900E-02 0.1010E-01 0.1180E-01 0.1570E-01 0.2530E-01 0.1106E+00 0.2930E-01 0.1880E-01 0.1590E-01 0.1800E-01 0.6490E-01 0.1420E-01 0.9000E-02 0.4600E-02 0.2300E-02 0.0000E+00 0.0000E+00 0.0000E+00
0.1530E-01 0.1140E-01 0.3800E-02 0.3100E-02 0.1800E-02 0.8000E-03 0.0000E+00 0.0000E+00 0.0000E+00 0.0000E+00 0.0000E+00 0.1000E-03 0.1100E-02 0.1800E-02 0.2800E-02 0.3600E-02 0.4200E-02 0.4600E-02 0.4700E-02 0.3600E-02 0.4200E-02 0.3900E-02 0.3400E-02 0.2300E-02 0.2700E-02 0.2700E-02 0.3500E-02 0.4700E-02 0.7100E-02 0.9600E-02 0.1370E-01 0.1700E-01 0.2130E-01 0.8840E-01 0.1057E+00 0.4650E-01 0.2500E-01 0.1240E-01 0.9800E-02 0.1380E-01 0.1490E-01 0.1710E-01 0.2030E-01 0.2990E-01 0.9530E-01 0.2590E-01 0.1900E-01 0.2020E-01 0.7110E-01 0.1500E-01 0.7900E-02 0.4900E-02 0.2100E-02 0.1000E-03 0.0000E+00 0.0000E+00
0.5800E-02 0.6100E-02 0.1900E-02 0.8000E-03 0.3000E-03 0.0000E+00 0.0000E+00 0.0000E+00 0.0000E+00 0.0000E+00 0.0000E+00 0.0000E+00 0.0000E+00 0.0000E+00 0.0000E+00 0.0000E+00 0.0000E+00 0.0000E+00 0.0000E+00 0.0000E+00 0.0000E+00 0.0000E+00 0.0000E+00 0.0000E+00 0.0000E+00 0.2000E-03 0.1200E-02 0.1900E-02 0.3700E-02 0.5300E-02 0.6900E-02 0.9600E-02 0.1320E-01 0.1420E-01 0.2100E-01 0.8700E-01 0.1010E+00 0.1700E-01 0.1640E-01 0.2180E-01 0.2580E-01 0.1800E-01 0.1610E-01 0.1850E-01 0.5890E-01 0.8290E-01 0.3490E-01 0.2800E-01 0.4400E-01 0.4680E-01 0.1170E-01 0.5000E-02 0.1600E-02 0.1000E-03 0.0000E+00 0.0000E+00
-0.9990E+03 -0.9990E+03 0.0000E+00 0.0000E+00 0.0000E+00 0.0000E+00 0.0000E+00 0.0000E+00 0.0000E+00 0.0000E+00 0.0000E+00 0.0000E+00 0.0000E+00 0.0000E+00 0.0000E+00 0.0000E+00 0.0000E+00 0.0000E+00 0.0000E+00 0.0000E+00 0.0000E+00 0.0000E+00 0.0000E+00 0.0000E+00 0.0000E+00 0.0000E+00 0.0000E+00 0.0000E+00 0.8000E-03 0.1900E-02 0.2600E-02 0.4800E-02 0.6700E-02 0.6100E-02 0.7900E-02 0.1930E-01 0.3950E-01 0.1003E+00 0.9920E-01 0.1012E+00 0.9320E-01 0.8520E-01 0.2260E-01 0.2540E-01 0.3870E-01 0.1373E+00 0.1284E+00 0.1015E+00 0.8100E-01 0.7060E-01 0.1160E-01 0.4200E-02 0.1300E-02 0.1000E-03 0.0000E+00 0.0000E+00
-0.9990E+03 -0.9990E+03 -0.9990E+03 0.0000E+00 0.0000E+00 0.0000E+00 0.0000E+00 0.0000E+00 0.0000E+00 0.0000E+00 0.0000E+00 0.0000E+00 0.0000E+00 0.0000E+00 0.0000E+00 0.0000E+00 0.0000E+00 0.0000E+00 0.0000E+00 0.0000E+00 0.0000E+00 0.0000E+00 0.0000E+00 0.0000E+00 0.0000E+00 0.0000E+00 0.0000E+00 0.0000E+00 0.0000E+00 0.0000E+00 0.4000E-03 0.1600E-02 0.2700E-02 0.3000E-02 0.5600E-02 0.9300E-02 0.1380E-01 0.1330E-01 0.1680E-01 0.1940E-01 0.1730E-01 0.4400E-01 0.8990E-01 0.1128E+00 0.1774E+00 0.1450E+00 0.2920E-01 0.1990E-01 0.1180E-01 0.1490E-01 0.1340E-01 0.3200E-02 0.1100E-02 0.1000E-03 0.0000E+00 0.0000E+00
-0.9990E+03 -0.9990E+03 -0.9990E+03 -0.9990E+03 0.0000E+00 0.0000E+00 0.0000E+00 0.0000E+00 0.0000E+00 0.0000E+00 0.0000E+00 0.0000E+00 0.0000E+00 0.0000E+00 0.0000E+00 0.0000E+00 0.0000E+00 0.0000E+00 0.0000E+00 0.0000E+00 0.0000E+00 0.0000E+00 0.0000E+00 0.0000E+00 0.0000E+00 0.0000E+00 0.0000E+00 0.0000E+00 0.0000E+00 0.0000E+00 0.0000E+00 0.0000E+00 0.6000E-03 0.1600E-02 0.2800E-02 0.4300E-02 0.3600E-02 0.4800E-02 0.8100E-02 0.9100E-02 0.9800E-02 0.1650E-01 0.2770E-01 0.4980E-01 0.1995E+00 0.3960E-01 0.1980E-01 0.1470E-01 0.7100E-02 0.3500E-02 0.2500E-02 0.1800E-02 0.8000E-03 0.1000E-03 0.0000E+00 0.0000E+00
-0.9990E+03 -0.9990E+03 -0.9990E+03 -0.9990E+03 0.0000E+00 0.0000E+00 0.0000E+00 0.0000E+00 0.0000E+00 0.0000E+00 0.0000E+00 0.0000E+00 0.0000E+00 0.0000E+00 0.0000E+00 0.0000E+00 0.0000E+00 -0.9990E+03 -0.9990E+03 0.0000E+00 0.0000E+00 0.0000E+00 0.0000E+00 0.0000E+00 0.0000E+00 0.0000E+00 0.0000E+00 0.0000E+00 0.0000E+00 0.0000E+00 0.0000E+00 0.0000E+00 0.0000E+00 0.1000E-03 0.9000E-03 0.1700E-02 0.1800E-02 0.2600E-02 0.2800E-02 0.4600E-02 0.5800E-02 0.1260E-01 0.2230E-01 0.4190E-01 0.1791E+00 0.3830E-01 0.2270E-01 0.1330E-01 0.6000E-02 0.1900E-02 0.1300E-02 0.9000E-03 0.5000E-03 0.1000E-03 0.0000E+00 0.0000E+00
-0.9990E+03 -0.9990E+03 -0.9990E+03 -0.9990E+03 0.0000E+00 0.0000E+00 0.0000E+00 0.0000E+00 0.0000E+00 0.0000E+00 0.0000E+00 0.0000E+00 0.0000E+00 0.0000E+00 0.0000E+00 0.0000E+00 0.0000E+00 -0.9990E+03 -0.9990E+03 -0.9990E+03 -0.9990E+03 0.0000E+00 0.0000E+00 0.0000E+00 0.0000E+00 0.0000E+00 0.0000E+00 0.0000E+00 0.0000E+00 0.0000E+00 0.0000E+00 0.0000E+00 0.0000E+00 0.0000E+00 0.0000E+00 0.0000E+00 0.0000E+00 0.0000E+00 0.2000E-03 0.6000E-03 0.1300E-02 0.8100E-02 0.1810E-01 0.2810E-01 0.2090E+00 0.5700E-01 0.2580E-01 0.1220E-01 0.4500E-02 0.2000E-03 0.1000E-03 0.1000E-03 0.1000E-03 0.0000E+00 0.0000E+00 0.0000E+00
-0.9990E+03 -0.9990E+03 -0.9990E+03 0.0000E+00 0.0000E+00 0.0000E+00 0.0000E+00 0.0000E+00 0.0000E+00 0.0000E+00 0.0000E+00 0.0000E+00 0.0000E+00 0.0000E+00 0.0000E+00 0.0000E+00 0.0000E+00 -0.9990E+03 -0.9990E+03 -0.9990E+03 -0.9990E+03 -0.9990E+03 0.0000E+00 0.0000E+00 0.0000E+00 0.0000E+00 0.0000E+00 0.0000E+00 0.0000E+00 0.0000E+00 0.0000E+00 0.0000E+00 0.0000E+00 0.0000E+00 0.0000E+00 0.0000E+00 0.0000E+00 0.0000E+00 0.0000E+00 0.0000E+00 0.0000E+00 0.4800E-02 0.1280E-01 0.1690E-01 0.2940E-01 0.2233E+00 0.3680E-01 0.1200E-01 0.4900E-02 0.0000E+00 0.0000E+00 0.0000E+00 0.0000E+00 0.0000E+00 0.1000E-03 0.6000E-03
-0.9990E+03 -0.9990E+03 -0.9990E+03 0.0000E+00 0.0000E+00 0.0000E+00 0.0000E+00 0.0000E+00 0.0000E+00 0.0000E+00 0.0000E+00 0.0000E+00 0.0000E+00 0.0000E+00 0.0000E+00 0.0000E+00 0.0000E+00 -0.9990E+03 -0.9990E+03 -0.9990E+03 -0.9990E+03 -0.9990E+03 0.0000E+00 0.0000E+00 0.0000E+00 0.0000E+00 0.0000E+00 0.0000E+00 0.0000E+00 0.0000E+00 0.0000E+00 0.0000E+00 0.0000E+00 0.0000E+00 0.0000E+00 0.0000E+00 0.0000E+00 0.0000E+00 0.0000E+00 0.0000E+00 0.0000E+00 0.2900E-02 0.9500E-02 0.1490E-01 0.2530E-01 0.1441E+00 0.2410E-01 0.1100E-01 0.5500E-02 0.2000E-03 0.0000E+00 0.0000E+00 0.1000E-03 0.6000E-03 0.1300E-02 0.2000E-02
0.0000E+00 0.0000E+00 0.0000E+00 0.0000E+00 0.0000E+00 0.0000E+00 0.0000E+00 0.0000E+00 0.0000E+00 0.0000E+00 0.0000E+00 0.0000E+00 0.0000E+00 0.0000E+00 0.0000E+00 0.0000E+00 -0.9990E+03 -0.9990E+03 -0.9990E+03 -0.9990E+03 -0.9990E+03 -0.9990E+03 -0.9990E+03 0.0000E+00 0.0000E+00 0.0000E+00 0.0000E+00 0.0000E+00 0.0000E+00 0.0000E+00 0.0000E+00 0.0000E+00 0.0000E+00 0.0000E+00 0.0000E+00 0.0000E+00 0.0000E+00 0.0000E+00 0.0000E+00 0.0000E+00 0.0000E+00 0.1600E-02 0.6400E-02 0.9300E-02 0.1890E-01 0.1308E+00 0.2510E-01 0.1640E-01 0.1190E-01 0.7300E-02 0.6300E-02 0.6100E-02 0.7400E-02 0.6900E-02 0.5800E-02 0.5300E-02
0.0000E+00 0.0000E+00 0.0000E+00 0.0000E+00 0.0000E+00 0.0000E+00 0.0000E+00 0.0000E+00 0.0000E+00 0.0000E+00 0.0000E+00 0.0000E+00 0.0000E+00 0.0000E+00 0.0000E+00 -0.9990E+03 -0.9990E+03 -0.9990E+03 -0.9990E+03 -0.9990E+03 -0.9990E+03 -0.9990E+03 0.0000E+00 0.0000E+00 0.0000E+00 0.0000E+00 0.0000E+00 0.0000E+00 0.0000E+00 0.0000E+00 0.0000E+00 0.0000E+00 0.0000E+00 0.0000E+00 0.0000E+00 0.0000E+00 0.0000E+00 0.0000E+00 0.1000E-03 0.4000E-03 0.1200E-02 0.2000E-02 0.6200E-02 0.9600E-02 0.1850E-01 0.1237E+00 0.2590E-01 0.1770E-01 0.1620E-01 0.1340E-01 0.1010E-01 0.9900E-02 0.1580E-01 0.9600E-02 0.8500E-02 0.9700E-02
0.0000E+00 0.0000E+00 0.0000E+00 0.0000E+00 0.0000E+00 0.0000E+00 0.0000E+00 0.0000E+00 0.0000E+00 0.0000E+00 0.0000E+00 0.0000E+00 0.0000E+00 0.0000E+00 -0.9990E+03 -0.9990E+03 -0.9990E+03 -0.9990E+03 -0.9990E+03 -0.9990E+03 -0.9990E+03 0.0000E+00 0.0000E+00 0.0000E+00 0.0000E+00 0.0000E+00 0.0000E+00 0.0000E+00 0.0000E+00 0.0000E+00 0.0000E+00 0.0000E+00 0.0000E+00 0.0000E+00 0.0000E+00 0.0000E+00 0.0000E+00 0.3000E-03 0.9000E-03 0.1900E-02 0.3200E-02 0.4600E-02 0.8800E-02 0.1110E-01 0.1910E-01 0.1071E+00 0.4810E-01 0.3360E-01 0.3740E-01 0.2660E-01 0.2390E-01 0.2430E-01 0.3280E-01 0.2460E-01 0.1680E-01 0.4140E-01
-0.9990E+03 -0.9990E+03 -0.9990E+03 -0.9990E+03 -0.9990E+03 -0.9990E+03 -0.9990E+03 -0.9990E+03 -0.9990E+03 0.0000E+00 0.0000E+00 0.0000E+00 0.0000E+00 -0.9990E+03 -0.9990E+03 -0.9990E+03 -0.9990E+03 -0.9990E+03 -0.9990E+03 -0.9990E+03 -0.9990E+03 0.0000E+00 0.0000E+00 0.0000E+00 0.0000E+00 0.0000E+00 0.0000E+00 0.0000E+00 0.0000E+00 0.0000E+00 0.0000E+00 0.0000E+00 0.0000E+00 0.0000E+00 0.0000E+00 0.2000E-03 0.8000E-03 0.1500E-02 0.2900E-02 0.4700E-02 0.6000E-02 0.1170E-01 0.1920E-01 0.1710E-01 0.4880E-01 0.9560E-01 0.1945E+00 0.1643E+00 0.1316E+00 0.1387E+00 0.1551E+00 0.1320E+00 0.1112E+00 0.1044E+00 0.1006E+00 0.7490E-01
-0.9990E+03 -0.9990E+03 -0.9990E+03 -0.9990E+03 -0.9990E+03 -0.9990E+03 -0.9990E+03 -0.9990E+03 -0.9990E+03 -0.9990E+03 0.0000E+00 0.0000E+00 -0.9990E+03 -0.9990E+03 -0.9990E+03 -0.9990E+03 -0.9990E+03 -0.9990E+03 -0.9990E+03 -0.9990E+03 -0.9990E+03 0.0000E+00 0.0000E+00 0.0000E+00 0.0000E+00 0.0000E+00 0.0000E+00 0.0000E+00 0.0000E+00 0.0000E+00 0.0000E+00 0.0000E+00 0.0000E+00 0.0000E+00 0.2000E-03 0.8000E-03 0.1900E-02 0.3300E-02 0.5600E-02 0.7600E-02 0.1270E-01 0.3590E-01 0.8550E-01 0.7770E-01 0.6260E-01 0.2850E-01 0.2720E-01 0.2160E-01 0.1960E-01 0.1990E-01 0.2310E-01 0.1080E+00 0.3720E-01 0.2200E-01 0.2000E-01 0.1540E-01
-0.9990E+03 -0.9990E+03 -0.9990E+03 -0.9990E+03 -0.9990E+03 -0.9990E+03 -0.9990E+03 -0.9990E+03 -0.9990E+03 -0.9990E+03 -0.9990E+03 -0.9990E+03 -0.9990E+03 -0.9990E+03 -0.9990E+03 -0.9990E+03 -0.9990E+03 -0.9990E+03 -0.9990E+03 -0.9990E+03 -0.9990E+03 0.0000E+00 0.0000E+00 0.0000E+00 0.0000E+00 0.0000E+00 0.0000E+00 0.0000E+00 0.0000E+00 0.0000E+00 0.0000E+00 0.0000E+00 0.1000E-03 0.6000E-03 0.1200E-02 0.2200E-02 0.4100E-02 0.6800E-02 0.1250E-01 0.1960E-01 0.6960E-01 0.7980E-01 0.1640E-01 0.1610E-01 0.1450E-01 0.1310E-01 0.8700E-02 0.8200E-02 0.1020E-01 0.1590E-01 0.2110E-01 0.8200E-01 0.2750E-01 0.1550E-01 0.1160E-01 0.5400E-02
-0.9990E+03 -0.9990E+03 -0.9990E+03 -0.9990E+03 -0.9990E+03 -0.9990E+03 -0.9990E+03 -0.9990E+03 -0.9990E+03 -0.9990E+03 -0.9990E+03 -0.9990E+03 -0.9990E+03 -0.9990E+03 -0.9990E+03 -0.9990E+03 -0.9990E+03 -0.9990E+03 -0.9990E+03 -0.9990E+03 -0.9990E+03 -0.9990E+03 0.0000E+00 0.0000E+00 0.0000E+00 0.0000E+00 0.0000E+00 0.0000E+00 0.0000E+00 0.0000E+00 0.0000E+00 0.1000E-03 0.7000E-03 0.1500E-02 0.2600E-02 0.4600E-02 0.8100E-02 0.1470E-01 0.4500E-01 0.9740E-01 0.2560E-01 0.1130E-01 0.7500E-02 0.7600E-02 0.7700E-02 0.7000E-02 0.7200E-02 0.6900E-02 0.6800E-02 0.9300E-02 0.1770E-01 0.6200E-01 0.7280E-01 0.2200E-01 0.1220E-01 0.5000E-02
-0.9990E+03 -0.9990E+03 -0.9990E+03 -0.9990E+03 -0.9990E+03 -0.9990E+03 -0.9990E+03 -0.9990E+03 -0.9990E+03 -0.9990E+03 -0.9990E+03 -0.9990E+03 -0.9990E+03 -0.9990E+03 -0.9990E+03 -0.9990E+03 -0.9990E+03 -0.9990E+03 -0.9990E+03 -0.9990E+03 -0.9990E+03 -0.9990E+03 -0.9990E+03 0.0000E+00 0.0000E+00 0.0000E+00 0.0000E+00 0.0000E+00 0.0000E+00 0.0000E+00 0.1000E-03 0.3000E-03 0.1400E-02 0.1600E-02 0.3100E-02 0.7500E-02 0.1280E-01 0.5610E-01 0.4900E-01 0.1660E-01 0.9500E-02 0.6700E-02 0.4900E-02 0.2500E-02 0.2100E-02 0.1300E-02 0.7000E-03 0.2000E-03 0.1300E-02 0.3800E-02 0.8200E-02 0.1650E-01 0.8890E-01 0.1880E-01 0.1300E-01 0.7400E-02
-0.9990E+03 -0.9990E+03 -0.9990E+03 -0.9990E+03 -0.9990E+03 -0.9990E+03 -0.9990E+03 -0.9990E+03 -0.9990E+03 -0.9990E+03 -0.9990E+03 -0.9990E+03 -0.9990E+03 -0.9990E+03 -0.9990E+03 -0.9990E+03 -0.9990E+03 -0.9990E+03 -0.9990E+03 -0.9990E+03 -0.9990E+03 -0.9990E+03 -0.9990E+03 0.0000E+00 0.0000E+00 0.0000E+00 0.0000E+00 0.0000E+00 0.0000E+00 0.1000E-03 0.4000E-03 0.1100E-02 0.2800E-02 0.5300E-02 0.1100E-01 0.2710E-01 0.7230E-01 0.2040E-01 0.7100E-02 0.6800E-02 0.4400E-02 0.2200E-02 0.1800E-02 0.7000E-03 0.4000E-03 0.0000E+00 0.0000E+00 0.0000E+00 0.6000E-03 0.2200E-02 0.5400E-02 0.8300E-02 0.2850E-01 0.7560E-01 0.1820E-01 0.1180E-01
-0.9990E+03 -0.9990E+03 -0.9990E+03 -0.9990E+03 -0.9990E+03 -0.9990E+03 -0.9990E+03 -0.9990E+03 -0.9990E+03 -0.9990E+03 -0.9990E+03 -0.9990E+03 -0.9990E+03 -0.9990E+03 -0.9990E+03 -0.9990E+03 -0.9990E+03 -0.9990E+03 -0.9990E+03 -0.9990E+03 -0.9990E+03 -0.9990E+03 -0.9990E+03 -0.9990E+03 0.0000E+00 0.0000E+00 0.0000E+00 0.1000E-03 0.2000E-03 0.7000E-03 0.1100E-02 0.2600E-02 0.5100E-02 0.1070E-01 0.3800E-01 0.5770E-01 0.1570E-01 0.5500E-02 0.4700E-02 0.3300E-02 0.1900E-02 0.1000E-02 0.4000E-03 0.0000E+00 0.0000E+00 0.0000E+00 0.0000E+00 0.0000E+00 0.2000E-03 0.1200E-02 0.3100E-02 0.5700E-02 0.9600E-02 0.7080E-01 0.2740E-01 0.2260E-01
-0.9990E+03 -0.9990E+03 -0.9990E+03 -0.9990E+03 -0.9990E+03 -0.9990E+03 -0.9990E+03 -0.9990E+03 -0.9990E+03 -0.9990E+03 -0.9990E+03 -0.9990E+03 -0.9990E+03 -0.9990E+03 -0.9990E+03 -0.9990E+03 -0.9990E+03 -0.9990E+03 -0.9990E+03 -0.9990E+03 -0.9990E+03 -0.9990E+03 -0.9990E+03 -0.9990E+03 -0.9990E+03 0.0000E+00 0.0000E+00 0.1000E-03 0.3000E-03 0.9000E-03 0.1700E-02 0.4200E-02 0.9400E-02 0.3420E-01 0.4130E-01 0.8800E-02 0.6600E-02 0.4200E-02 0.2400E-02 0.1300E-02 0.5000E-03 0.2000E-03 0.0000E+00 0.0000E+00 0.0000E+00 0.0000E+00 0.0000E+00 0.0000E+00 0.0000E+00 0.6000E-03 0.1800E-02 0.3100E-02 0.5500E-02 0.1460E-01 0.8220E-01 0.8850E-01
-0.9990E+03 -0.9990E+03 -0.9990E+03 -0.9990E+03 -0.9990E+03 -0.9990E+03 -0.9990E+03 -0.9990E+03 -0.9990E+03 -0.9990E+03 -0.9990E+03 -0.9990E+03 -0.9990E+03 -0.9990E+03 -0.9990E+03 -0.9990E+03 -0.9990E+03 -0.9990E+03 -0.9990E+03 -0.9990E+03 -0.9990E+03 -0.9990E+03 -0.9990E+03 -0.9990E+03 -0.9990E+03 0.0000E+00 0.0000E+00 0.1000E-03 0.4000E-03 0.1200E-02 0.3300E-02 0.7800E-02 0.4090E-01 0.2700E-01 0.9200E-02 0.3900E-02 0.2400E-02 0.2100E-02 0.1200E-02 0.5000E-03 0.0000E+00 0.0000E+00 0.0000E+00 0.0000E+00 0.0000E+00 0.0000E+00 0.0000E+00 0.0000E+00 0.0000E+00 0.1000E-03 0.1000E-02 0.1800E-02 0.3400E-02 0.8700E-02 0.1670E-01 0.4030E-01
-0.9990E+03 -0.9990E+03 -0.9990E+03 -0.9990E+03 -0.9990E+03 -0.9990E+03 -0.9990E+03 -0.9990E+03 -0.9990E+03 -0.9990E+03 -0.9990E+03 -0.9990E+03 -0.9990E+03 -0.9990E+03 -0.9990E+03 -0.9990E+03 -0.9990E+03 -0.9990E+03 -0.9990E+03 -0.9990E+03 -0.9990E+03 -0.9990E+03 -0.9990E+03 -0.9990E+03 -0.9990E+03 0.0000E+00 0.0000E+00 0.1000E-03 0.5000E-03 0.1700E-02 0.1710E-01 0.4020E-01 0.2120E-01 0.5100E-02 0.3400E-02 0.1600E-02 0.1000E-02 0.9000E-03 0.3000E-03 0.0000E+00 0.0000E+00 0.0000E+00 0.0000E+00 0.0000E+00 0.0000E+00 0.0000E+00 0.0000E+00 0.0000E+00 0.0000E+00 0.0000E+00 0.4000E-03 0.1000E-02 0.1900E-02 0.5000E-02 0.9000E-02 0.1400E-01
