Data/rwc_PM10_RR2020_2002.asc
NCOLS          280
NROWS          320
XLLCORNER            0
YLLCORNER       300000
CELLSIZE         1000
NODATA_VALUE  -0.9990E+03
[rows 125 to 149 of 320, columns 224 to 279 of 280]
0.0000E+00 0.0000E+00 0.0000E+00 0.0000E+00 0.0000E+00 0.0000E+00 0.0000E+00 0.0000E+00 0.0000E+00 0.0000E+00 0.0000E+00 0.0000E+00 0.3700E-02 0.7100E-02 0.1600E-01 0.8900E-01 0.1960E-01 0.8500E-02 0.4900E-02 0.1000E-02 0.0000E+00 0.0000E+00 0.0000E+00 0.0000E+00 0.0000E+00 0.0000E+00 0.0000E+00 0.0000E+00 0.0000E+00 0.0000E+00 0.0000E+00 0.0000E+00 0.0000E+00 0.0000E+00 0.0000E+00 0.0000E+00 0.0000E+00 0.0000E+00 0.0000E+00 0.0000E+00 0.0000E+00 0.0000E+00 0.0000E+00 -0.9990E+03 -0.9990E+03 -0.9990E+03 -0.9990E+03 -0.9990E+03 -0.9990E+03 -0.9990E+03 -0.9990E+03 -0.9990E+03 -0.9990E+03 -0.9990E+03 -0.9990E+03 -0.9990E+03
0.0000E+00 0.0000E+00 0.0000E+00 0.0000E+00 0.0000E+00 0.0000E+00 0.0000E+00 0.0000E+00 0.0000E+00 0.0000E+00 0.0000E+00 0.0000E+00 0.3500E-02 0.7000E-02 0.1540E-01 0.8820E-01 0.1820E-01 0.9400E-02 0.6000E-02 0.1700E-02 0.0000E+00 0.0000E+00 0.0000E+00 0.0000E+00 0.0000E+00 0.0000E+00 0.0000E+00 0.0000E+00 0.0000E+00 0.0000E+00 0.0000E+00 0.0000E+00 0.0000E+00 0.0000E+00 0.0000E+00 0.0000E+00 0.0000E+00 0.0000E+00 0.0000E+00 0.0000E+00 0.0000E+00 0.0000E+00 0.0000E+00 -0.9990E+03 -0.9990E+03 -0.9990E+03 -0.9990E+03 -0.9990E+03 -0.9990E+03 -0.9990E+03 -0.9990E+03 -0.9990E+03 -0.9990E+03 -0.9990E+03 -0.9990E+03 -0.9990E+03
0.0000E+00 0.0000E+00 0.0000E+00 0.0000E+00 0.0000E+00 0.0000E+00 0.0000E+00 0.0000E+00 0.0000E+00 0.0000E+00 0.0000E+00 0.5000E-03 0.3600E-02 0.4700E-02 0.8900E-02 0.6580E-01 0.3340E-01 0.1470E-01 0.6700E-02 0.1900E-02 0.0000E+00 0.0000E+00 0.0000E+00 0.0000E+00 0.0000E+00 0.0000E+00 0.0000E+00 0.0000E+00 0.0000E+00 0.0000E+00 0.0000E+00 0.0000E+00 0.0000E+00 0.0000E+00 0.0000E+00 0.0000E+00 0.0000E+00 0.0000E+00 0.0000E+00 0.0000E+00 0.0000E+00 0.0000E+00 0.0000E+00 0.0000E+00 -0.9990E+03 -0.9990E+03 -0.9990E+03 -0.9990E+03 -0.9990E+03 -0.9990E+03 -0.9990E+03 -0.9990E+03 -0.9990E+03 -0.9990E+03 -0.9990E+03 -0.9990E+03
0.0000E+00 0.0000E+00 0.0000E+00 0.0000E+00 0.0000E+00 0.0000E+00 0.0000E+00 0.0000E+00 0.0000E+00 0.0000E+00 0.4000E-03 0.1200E-02 0.4200E-02 0.5100E-02 0.7500E-02 0.1760E-01 0.1090E+00 0.1800E-01 0.6400E-02 0.1900E-02 0.0000E+00 0.0000E+00 0.0000E+00 0.0000E+00 0.0000E+00 0.0000E+00 0.0000E+00 0.0000E+00 0.0000E+00 0.0000E+00 0.0000E+00 0.0000E+00 0.0000E+00 0.0000E+00 0.0000E+00 0.0000E+00 0.0000E+00 0.0000E+00 0.0000E+00 0.0000E+00 0.0000E+00 0.0000E+00 0.0000E+00 0.0000E+00 0.0000E+00 -0.9990E+03 -0.9990E+03 -0.9990E+03 -0.9990E+03 -0.9990E+03 -0.9990E+03 -0.9990E+03 -0.9990E+03 -0.9990E+03 -0.9990E+03 -0.9990E+03
0.2300E-02 0.2000E-02 0.2000E-02 0.1700E-02 0.1400E-02 0.1000E-02 0.6000E-03 0.3000E-03 0.0000E+00 0.0000E+00 0.6000E-03 0.2100E-02 0.5100E-02 0.1070E-01 0.2190E-01 0.7810E-01 0.6860E-01 0.1220E-01 0.4900E-02 0.1600E-02 0.0000E+00 0.0000E+00 0.0000E+00 0.0000E+00 0.0000E+00 0.0000E+00 0.0000E+00 0.0000E+00 0.0000E+00 0.0000E+00 0.0000E+00 0.0000E+00 0.0000E+00 0.0000E+00 0.0000E+00 0.0000E+00 0.0000E+00 0.0000E+00 0.0000E+00 0.0000E+00 0.0000E+00 0.0000E+00 0.0000E+00 0.0000E+00 0.0000E+00 0.0000E+00 -0.9990E+03 -0.9990E+03 -0.9990E+03 -0.9990E+03 -0.9990E+03 -0.9990E+03 -0.9990E+03 -0.9990E+03 -0.9990E+03 -0.9990E+03
0.4600E-02 0.3300E-02 0.3400E-02 0.3100E-02 0.3400E-02 0.3200E-02 0.3100E-02 0.3200E-02 0.3500E-02 0.3500E-02 0.3700E-02 0.5700E-02 0.9300E-02 0.2270E-01 0.1012E+00 0.5380E-01 0.1570E-01 0.7500E-02 0.2800E-02 0.9000E-03 0.0000E+00 0.0000E+00 0.0000E+00 0.0000E+00 0.0000E+00 0.0000E+00 0.0000E+00 0.0000E+00 0.0000E+00 0.0000E+00 0.0000E+00 0.0000E+00 0.0000E+00 0.0000E+00 0.0000E+00 0.0000E+00 0.0000E+00 0.0000E+00 0.0000E+00 0.0000E+00 0.0000E+00 0.0000E+00 0.0000E+00 0.0000E+00 0.0000E+00 0.0000E+00 -0.9990E+03 -0.9990E+03 -0.9990E+03 -0.9990E+03 -0.9990E+03 -0.9990E+03 -0.9990E+03 -0.9990E+03 -0.9990E+03 -0.9990E+03
0.1040E-01 0.7200E-02 0.7100E-02 0.7200E-02 0.7800E-02 0.4900E-02 0.5000E-02 0.5600E-02 0.6200E-02 0.7000E-02 0.7300E-02 0.9700E-02 0.1670E-01 0.9350E-01 0.2950E-01 0.1430E-01 0.7700E-02 0.5500E-02 0.1000E-02 0.4000E-03 0.0000E+00 0.0000E+00 0.0000E+00 0.0000E+00 0.0000E+00 0.0000E+00 0.0000E+00 0.0000E+00 0.0000E+00 0.0000E+00 0.0000E+00 0.0000E+00 0.0000E+00 0.0000E+00 0.0000E+00 0.0000E+00 0.0000E+00 0.0000E+00 0.0000E+00 0.0000E+00 0.0000E+00 0.0000E+00 0.0000E+00 0.0000E+00 0.0000E+00 0.0000E+00 -0.9990E+03 -0.9990E+03 -0.9990E+03 -0.9990E+03 -0.9990E+03 -0.9990E+03 -0.9990E+03 -0.9990E+03 -0.9990E+03 -0.9990E+03
0.4810E-01 0.4140E-01 0.4520E-01 0.4370E-01 0.4340E-01 0.9900E-02 0.1020E-01 0.1270E-01 0.1520E-01 0.1690E-01 0.1810E-01 0.2020E-01 0.1980E-01 0.2040E-01 0.1054E+00 0.1940E-01 0.8000E-02 0.3600E-02 0.5000E-03 0.1000E-03 0.0000E+00 0.0000E+00 0.0000E+00 0.0000E+00 0.0000E+00 0.0000E+00 0.0000E+00 0.0000E+00 0.0000E+00 0.0000E+00 0.0000E+00 0.0000E+00 0.0000E+00 0.0000E+00 0.0000E+00 0.0000E+00 0.0000E+00 0.0000E+00 0.0000E+00 0.0000E+00 0.0000E+00 0.0000E+00 0.0000E+00 0.0000E+00 0.0000E+00 0.0000E+00 -0.9990E+03 -0.9990E+03 -0.9990E+03 -0.9990E+03 -0.9990E+03 -0.9990E+03 -0.9990E+03 -0.9990E+03 -0.9990E+03 -0.9990E+03
0.5600E-02 0.5400E-02 0.5100E-02 0.5800E-02 0.2270E-01 0.4900E-01 0.5140E-01 0.5950E-01 0.7360E-01 0.7740E-01 0.6800E-01 0.6890E-01 0.2170E-01 0.2410E-01 0.1121E+00 0.2320E-01 0.9200E-02 0.3800E-02 0.1000E-03 0.0000E+00 0.0000E+00 0.0000E+00 0.0000E+00 0.0000E+00 0.0000E+00 0.0000E+00 0.0000E+00 0.0000E+00 0.0000E+00 0.0000E+00 0.0000E+00 0.0000E+00 0.0000E+00 0.0000E+00 0.0000E+00 0.0000E+00 0.0000E+00 0.0000E+00 0.0000E+00 0.0000E+00 0.0000E+00 0.0000E+00 0.0000E+00 0.0000E+00 0.0000E+00 0.0000E+00 -0.9990E+03 -0.9990E+03 -0.9990E+03 -0.9990E+03 -0.9990E+03 -0.9990E+03 -0.9990E+03 -0.9990E+03 -0.9990E+03 -0.9990E+03
0.2700E-02 0.2800E-02 0.2500E-02 0.2800E-02 0.3700E-02 0.5000E-02 0.6100E-02 0.8700E-02 0.9700E-02 0.1190E-01 0.1600E-01 0.3870E-01 0.1362E+00 0.7050E-01 0.1647E+00 0.3810E-01 0.1680E-01 0.9300E-02 0.5700E-02 0.4300E-02 0.3500E-02 0.9000E-03 0.0000E+00 0.0000E+00 0.0000E+00 0.0000E+00 0.0000E+00 0.0000E+00 0.0000E+00 0.0000E+00 0.0000E+00 0.0000E+00 0.0000E+00 0.0000E+00 0.0000E+00 0.0000E+00 0.0000E+00 0.0000E+00 0.0000E+00 0.0000E+00 0.0000E+00 0.0000E+00 0.0000E+00 0.0000E+00 0.0000E+00 0.0000E+00 -0.9990E+03 -0.9990E+03 -0.9990E+03 -0.9990E+03 -0.9990E+03 -0.9990E+03 -0.9990E+03 -0.9990E+03 -0.9990E+03 -0.9990E+03
0.1700E-02 0.1700E-02 0.1600E-02 0.1600E-02 0.2000E-02 0.2600E-02 0.3300E-02 0.3700E-02 0.3800E-02 0.5300E-02 0.1050E-01 0.1980E-01 0.4500E-01 0.3258E+00 0.1051E+00 0.3090E-01 0.2040E-01 0.1820E-01 0.1500E-01 0.1330E-01 0.1450E-01 0.9800E-02 0.5700E-02 0.2300E-02 0.0000E+00 0.0000E+00 0.0000E+00 0.0000E+00 0.0000E+00 0.0000E+00 0.0000E+00 0.0000E+00 0.0000E+00 0.0000E+00 0.0000E+00 0.0000E+00 0.2000E-03 0.6000E-03 0.1500E-02 0.2300E-02 0.4200E-02 0.5400E-02 0.5700E-02 0.4200E-02 0.3100E-02 -0.9990E+03 -0.9990E+03 -0.9990E+03 -0.9990E+03 -0.9990E+03 -0.9990E+03 -0.9990E+03 -0.9990E+03 -0.9990E+03 -0.9990E+03 -0.9990E+03
0.0000E+00 0.1000E-03 0.2000E-03 0.4000E-03 0.7000E-03 0.1200E-02 0.1700E-02 0.2000E-02 0.2300E-02 0.2900E-02 0.7100E-02 0.1590E-01 0.3420E-01 0.1328E+00 0.2348E+00 0.4170E-01 0.3700E-01 0.4140E-01 0.3950E-01 0.3330E-01 0.3870E-01 0.3000E-01 0.1990E-01 0.1000E-01 0.3500E-02 0.0000E+00 0.0000E+00 0.0000E+00 0.0000E+00 0.0000E+00 0.0000E+00 0.0000E+00 0.0000E+00 0.0000E+00 0.0000E+00 0.2000E-03 0.1000E-02 0.2100E-02 0.3200E-02 0.6100E-02 0.9300E-02 0.1150E-01 0.1140E-01 0.7100E-02 0.7100E-02 -0.9990E+03 -0.9990E+03 -0.9990E+03 -0.9990E+03 -0.9990E+03 -0.9990E+03 -0.9990E+03 -0.9990E+03 -0.9990E+03 -0.9990E+03 -0.9990E+03
0.0000E+00 0.0000E+00 0.0000E+00 0.0000E+00 0.0000E+00 0.0000E+00 0.0000E+00 0.0000E+00 0.1000E-03 0.6000E-03 0.3800E-02 0.9900E-02 0.1780E-01 0.3180E-01 0.7710E-01 0.2313E+00 0.2546E+00 0.3339E+00 0.1964E+00 0.1057E+00 0.9500E-01 0.5850E-01 0.3320E-01 0.2090E-01 0.9700E-02 0.3400E-02 0.0000E+00 0.0000E+00 0.0000E+00 0.1300E-02 0.2700E-02 0.4400E-02 0.6200E-02 0.7000E-02 0.5800E-02 0.5900E-02 0.5300E-02 0.6900E-02 0.9500E-02 0.1630E-01 0.2240E-01 0.3000E-01 0.3140E-01 0.2360E-01 0.1140E-01 -0.9990E+03 -0.9990E+03 -0.9990E+03 -0.9990E+03 -0.9990E+03 -0.9990E+03 -0.9990E+03 -0.9990E+03 -0.9990E+03 -0.9990E+03 -0.9990E+03
0.0000E+00 0.0000E+00 0.0000E+00 0.0000E+00 0.0000E+00 0.0000E+00 0.0000E+00 0.1000E-03 0.6000E-03 0.1200E-02 0.6000E-02 0.1070E-01 0.1890E-01 0.2800E-01 0.4320E-01 0.6060E-01 0.7730E-01 0.9510E-01 0.2557E+00 0.4108E+00 0.3913E+00 0.1300E+00 0.7250E-01 0.4320E-01 0.2420E-01 0.2260E-01 0.1670E-01 0.1160E-01 0.9700E-02 0.9100E-02 0.9600E-02 0.1150E-01 0.1340E-01 0.1470E-01 0.1240E-01 0.1020E-01 0.9000E-02 0.1380E-01 0.2300E-01 0.6600E-01 0.1086E+00 0.1521E+00 0.1577E+00 0.1387E+00 0.1630E-01 -0.9990E+03 -0.9990E+03 -0.9990E+03 -0.9990E+03 -0.9990E+03 -0.9990E+03 -0.9990E+03 -0.9990E+03 -0.9990E+03 -0.9990E+03 -0.9990E+03
0.0000E+00 0.0000E+00 0.0000E+00 0.1000E-02 0.3600E-02 0.6900E-02 0.7100E-02 0.9700E-02 0.1200E-01 0.1940E-01 0.2320E-01 0.2700E-01 0.3150E-01 0.4040E-01 0.4940E-01 0.6150E-01 0.8960E-01 0.1142E+00 0.2747E+00 0.4499E+00 0.3938E+00 0.4963E+00 0.1298E+00 0.4700E-01 0.3420E-01 0.3970E-01 0.3120E-01 0.2370E-01 0.2060E-01 0.1720E-01 0.2140E-01 0.2940E-01 0.4110E-01 0.4460E-01 0.3650E-01 0.2090E-01 0.1590E-01 0.2850E-01 0.8180E-01 0.1243E+00 0.2740E-01 0.2270E-01 0.1930E-01 0.1550E-01 -0.9990E+03 -0.9990E+03 -0.9990E+03 -0.9990E+03 -0.9990E+03 -0.9990E+03 -0.9990E+03 -0.9990E+03 -0.9990E+03 -0.9990E+03 -0.9990E+03 -0.9990E+03
0.0000E+00 0.5000E-03 0.2000E-02 0.4200E-02 0.1070E-01 0.1780E-01 0.1900E-01 0.2200E-01 0.2310E-01 0.2540E-01 0.4020E-01 0.4110E-01 0.3350E-01 0.8040E-01 0.9340E-01 0.1084E+00 0.3082E+00 0.4018E+00 0.3125E+00 0.9860E-01 0.9390E-01 0.2349E+00 0.4994E+00 0.9300E-01 0.6910E-01 0.7970E-01 0.6240E-01 0.3910E-01 0.2860E-01 0.2570E-01 0.3920E-01 0.6830E-01 0.2890E+00 0.2249E+00 0.1633E+00 0.9360E-01 0.5190E-01 0.1442E+00 0.9560E-01 0.2140E-01 0.1270E-01 0.9300E-02 0.7600E-02 0.5400E-02 -0.9990E+03 -0.9990E+03 -0.9990E+03 -0.9990E+03 -0.9990E+03 -0.9990E+03 -0.9990E+03 -0.9990E+03 -0.9990E+03 -0.9990E+03 -0.9990E+03 -0.9990E+03
0.1300E-02 0.3400E-02 0.6700E-02 0.1100E-01 0.2530E-01 0.4070E-01 0.7130E-01 0.6010E-01 0.5720E-01 0.5860E-01 0.1248E+00 0.1676E+00 0.9360E-01 0.3818E+00 0.3920E+00 0.3683E+00 0.1591E+00 0.6670E-01 0.5210E-01 0.3050E-01 0.3480E-01 0.6970E-01 0.2628E+00 0.6577E+00 0.4179E+00 0.3116E+00 0.2930E+00 0.2921E+00 0.8460E-01 0.4110E-01 0.8960E-01 0.3036E+00 0.5750E-01 0.3080E-01 0.3030E-01 0.7740E-01 0.1122E+00 0.2530E-01 0.1560E-01 0.9600E-02 0.7300E-02 0.5500E-02 0.4000E-02 0.2100E-02 -0.9990E+03 -0.9990E+03 -0.9990E+03 -0.9990E+03 -0.9990E+03 -0.9990E+03 -0.9990E+03 -0.9990E+03 -0.9990E+03 -0.9990E+03 -0.9990E+03 -0.9990E+03
0.8800E-02 0.1230E-01 0.2210E-01 0.4060E-01 0.6300E-01 0.9490E-01 0.3667E+00 0.3832E+00 0.3428E+00 0.3843E+00 0.3498E+00 0.2159E+00 0.3113E+00 0.7780E-01 0.5570E-01 0.4770E-01 0.3840E-01 0.2780E-01 0.1670E-01 0.1820E-01 0.3250E-01 0.4860E-01 0.6400E-01 0.3850E+00 0.1306E+00 0.6490E-01 0.4280E-01 0.3770E-01 0.1785E+00 0.2521E+00 0.2511E+00 0.4240E-01 0.2280E-01 0.1710E-01 0.1230E-01 0.1120E-01 0.1230E-01 0.7800E-02 0.5400E-02 0.4200E-02 0.2500E-02 0.1000E-02 0.4000E-03 0.0000E+00 -0.9990E+03 -0.9990E+03 -0.9990E+03 -0.9990E+03 -0.9990E+03 -0.9990E+03 -0.9990E+03 -0.9990E+03 -0.9990E+03 -0.9990E+03 -0.9990E+03 -0.9990E+03
0.3520E-01 0.3170E-01 0.5220E-01 0.6360E-01 0.2212E+00 0.3805E+00 0.1358E+00 0.6590E-01 0.5010E-01 0.5870E-01 0.5190E-01 0.4460E-01 0.4260E-01 0.3130E-01 0.2530E-01 0.2140E-01 0.1550E-01 0.1210E-01 0.6900E-02 0.7200E-02 0.1660E-01 0.3130E-01 0.3990E-01 0.1452E+00 0.3083E+00 0.5430E-01 0.2980E-01 0.2230E-01 0.2080E-01 0.2580E-01 0.3060E-01 0.1690E-01 0.1400E-01 0.1020E-01 0.7000E-02 0.6500E-02 0.5400E-02 0.4000E-02 0.2200E-02 0.1800E-02 0.7000E-03 0.2000E-03 0.0000E+00 0.0000E+00 -0.9990E+03 -0.9990E+03 -0.9990E+03 -0.9990E+03 -0.9990E+03 -0.9990E+03 -0.9990E+03 -0.9990E+03 -0.9990E+03 -0.9990E+03 -0.9990E+03 -0.9990E+03
0.8540E-01 0.9950E-01 0.9450E-01 0.3351E+00 0.3309E+00 0.7440E-01 0.4170E-01 0.2970E-01 0.2550E-01 0.2340E-01 0.2220E-01 0.2020E-01 0.1860E-01 0.1540E-01 0.1150E-01 0.9200E-02 0.6100E-02 0.4000E-02 0.1800E-02 0.1000E-02 0.5300E-02 0.1420E-01 0.2710E-01 0.6580E-01 0.3147E+00 0.5460E-01 0.2890E-01 0.2040E-01 0.1210E-01 0.1080E-01 0.9300E-02 0.6200E-02 0.4500E-02 0.4000E-02 0.2200E-02 0.1100E-02 0.1100E-02 0.1000E-02 0.7000E-03 0.4000E-03 0.0000E+00 0.0000E+00 0.0000E+00 0.0000E+00 0.0000E+00 -0.9990E+03 -0.9990E+03 -0.9990E+03 -0.9990E+03 -0.9990E+03 -0.9990E+03 -0.9990E+03 -0.9990E+03 -0.9990E+03 -0.9990E+03 -0.9990E+03
0.3805E+00 0.4375E+00 0.4631E+00 0.1967E+00 0.6330E-01 0.3510E-01 0.2280E-01 0.1700E-01 0.1360E-01 0.1220E-01 0.1060E-01 0.8500E-02 0.6500E-02 0.3800E-02 0.2300E-02 0.1200E-02 0.0000E+00 0.0000E+00 0.0000E+00 0.0000E+00 0.1800E-02 0.1060E-01 0.2270E-01 0.6010E-01 0.3659E+00 0.5290E-01 0.2830E-01 0.1950E-01 0.1300E-01 0.8700E-02 0.4100E-02 0.2700E-02 0.2000E-02 0.1000E-02 0.0000E+00 0.0000E+00 0.0000E+00 0.0000E+00 0.0000E+00 0.0000E+00 0.0000E+00 0.0000E+00 0.0000E+00 0.0000E+00 0.0000E+00 0.0000E+00 -0.9990E+03 -0.9990E+03 -0.9990E+03 -0.9990E+03 -0.9990E+03 -0.9990E+03 -0.9990E+03 -0.9990E+03 -0.9990E+03 -0.9990E+03
0.1807E+00 0.8110E-01 0.6520E-01 0.4330E-01 0.2620E-01 0.1550E-01 0.8700E-02 0.4500E-02 0.1400E-02 0.2000E-03 0.0000E+00 0.0000E+00 0.0000E+00 0.0000E+00 0.0000E+00 0.0000E+00 0.0000E+00 0.0000E+00 0.0000E+00 0.0000E+00 0.4000E-03 0.1010E-01 0.1630E-01 0.5440E-01 0.3692E+00 0.7860E-01 0.4710E-01 0.3780E-01 0.1820E-01 0.9900E-02 0.3800E-02 0.9000E-03 0.0000E+00 0.0000E+00 0.0000E+00 0.0000E+00 0.0000E+00 0.0000E+00 0.0000E+00 0.0000E+00 0.0000E+00 0.0000E+00 0.0000E+00 0.0000E+00 0.0000E+00 0.0000E+00 -0.9990E+03 -0.9990E+03 -0.9990E+03 -0.9990E+03 -0.9990E+03 -0.9990E+03 -0.9990E+03 -0.9990E+03 -0.9990E+03 -0.9990E+03
0.4550E-01 0.3420E-01 0.2520E-01 0.1780E-01 0.1240E-01 0.7400E-02 0.2500E-02 0.9000E-03 0.0000E+00 0.0000E+00 0.0000E+00 0.0000E+00 0.0000E+00 0.0000E+00 0.0000E+00 0.0000E+00 0.0000E+00 0.0000E+00 0.0000E+00 0.0000E+00 0.0000E+00 0.7000E-02 0.1350E-01 0.2950E-01 0.6380E-01 0.3217E+00 0.2227E+00 0.6690E-01 0.3460E-01 0.1970E-01 0.1020E-01 0.6800E-02 0.5500E-02 0.4600E-02 0.3700E-02 0.3100E-02 0.2700E-02 0.2000E-02 0.1300E-02 0.5000E-03 0.0000E+00 0.0000E+00 0.0000E+00 0.0000E+00 0.0000E+00 0.0000E+00 -0.9990E+03 -0.9990E+03 -0.9990E+03 -0.9990E+03 -0.9990E+03 -0.9990E+03 -0.9990E+03 -0.9990E+03 -0.9990E+03 -0.9990E+03
0.2220E-01 0.1710E-01 0.1240E-01 0.8200E-02 0.5000E-02 0.2200E-02 0.5000E-03 0.0000E+00 0.0000E+00 0.0000E+00 0.0000E+00 0.0000E+00 0.0000E+00 0.0000E+00 0.0000E+00 0.0000E+00 0.0000E+00 0.0000E+00 0.0000E+00 0.0000E+00 0.0000E+00 0.3500E-02 0.7200E-02 0.1590E-01 0.2950E-01 0.4800E-01 0.1850E+00 0.2376E+00 0.5050E-01 0.2950E-01 0.1460E-01 0.1130E-01 0.8800E-02 0.7400E-02 0.6100E-02 0.5400E-02 0.5000E-02 0.3600E-02 0.2300E-02 0.1400E-02 0.1000E-02 -0.9990E+03 -0.9990E+03 -0.9990E+03 -0.9990E+03 -0.9990E+03 -0.9990E+03 -0.9990E+03 -0.9990E+03 -0.9990E+03 -0.9990E+03 -0.9990E+03 -0.9990E+03 -0.9990E+03 -0.9990E+03 -0.9990E+03
0.7000E-02 0.4900E-02 0.2500E-02 0.4000E-03 0.0000E+00 0.0000E+00 0.0000E+00 0.0000E+00 0.0000E+00 0.0000E+00 0.0000E+00 0.0000E+00 0.0000E+00 0.0000E+00 0.0000E+00 0.0000E+00 0.0000E+00 0.0000E+00 0.0000E+00 0.0000E+00 0.0000E+00 0.1800E-02 0.4400E-02 0.7700E-02 0.1540E-01 0.2490E-01 0.4590E-01 0.2188E+00 0.1737E+00 0.4170E-01 0.3970E-01 0.2230E-01 0.1700E-01 0.1570E-01 0.1380E-01 0.1390E-01 0.1510E-01 0.6400E-02 0.3400E-02 0.1800E-02 -0.9990E+03 -0.9990E+03 -0.9990E+03 -0.9990E+03 -0.9990E+03 -0.9990E+03 -0.9990E+03 -0.9990E+03 -0.9990E+03 -0.9990E+03 -0.9990E+03 -0.9990E+03 -0.9990E+03 -0.9990E+03 -0.9990E+03 -0.9990E+03
